-9.422051597284957225e+00,1.059350229022469891e+00,-2.247873594452467039e+00,6.974336391403422077e-03,-1.511955344644020094e-01,-1.514824481195422012e-01,-9.700281539830829303e+00,-2.653452011822531986e+00,3.112901758459555857e-01,5.197525018766719906e-01,6.851015679578162931e-01,8.538739801378255612e-01,-7.595682325371586607e+00,4.401987105334469241e+00,5.415583887021987231e+00,2.958371156687221726e-01,-1.666891907558764041e+00,3.783267844412382952e-01,-9.319256730862205629e+00,-1.027110061484138026e-01,-2.987588798503277854e+00,-6.836120948726102931e-02,-7.162266994515957552e-02,8.649124894045330525e-02,-9.319256730862205629e+00,-1.027110061484138026e-01,-2.987588798503277854e+00,-6.836120948726102931e-02,-7.162266994515957552e-02,8.649124894045330525e-02,-7.451288402817834999e+00,-1.732799227320684032e+00,6.086566126571486102e+00,1.820200068208928101e-01,6.360574752552280997e-02,8.041795970903105328e-02
-9.350236346591469072e+00,1.029028638987582012e+00,-2.267624736975939026e+00,-1.527112409231872955e-03,-1.720987209780344973e-01,-1.611250284756033935e-01,-9.787341818255494985e+00,-2.676754861603566127e+00,1.129517480460542067e-01,6.073386078991120929e-01,6.803480210795781469e-01,8.583813307137257986e-01,-7.658027462299127563e+00,4.315830365469357943e+00,5.260343045333602419e+00,3.471392549531224225e-01,-1.718120305162126993e+00,3.098143345465385057e-01,-9.352070630881522462e+00,-1.041230760055329996e-01,-3.019597210663834908e+00,-7.735092974050281067e-02,-7.365281986964578032e-02,8.961421905443001101e-02,-9.352070630881522462e+00,-1.041230760055329996e-01,-3.019597210663834908e+00,-7.735092974050281067e-02,-7.365281986964578032e-02,8.961421905443001101e-02,-7.453477220139163251e+00,-1.735086055809911043e+00,6.030831078297263836e+00,1.911039937857041959e-01,5.322192236362620343e-02,7.728539731380669464e-02
-9.395665848548739874e+00,9.807229319985956151e-01,-2.204879664270535056e+00,1.879095789181143943e-03,-1.672985864306635873e-01,-1.594563708340774877e-01,-9.758662011971519945e+00,-2.655103453264279878e+00,-6.745295624571302773e-02,6.821454109449149872e-01,6.774692883517620112e-01,8.387656685715635385e-01,-7.765147156985760191e+00,4.367287432280906323e+00,5.192779032535809414e+00,4.225381092129744109e-01,-1.771827536841843909e+00,2.181049462938073058e-01,-9.334263858084996812e+00,-2.397203983757424939e-01,-3.044647339404860098e+00,-8.753104928561962483e-02,-8.653991676824339396e-02,9.130437110082070817e-02,-9.334263858084996812e+00,-2.397203983757424939e-01,-3.044647339404860098e+00,-8.753104928561962483e-02,-8.653991676824339396e-02,9.130437110082070817e-02,-7.451984717743893150e+00,-1.710602393480334937e+00,6.052758603934355719e+00,1.898159084376979111e-01,5.064512162703518894e-02,8.224186289819124251e-02
-9.472114098410328253e+00,9.091114036438865398e-01,-2.225394821407615797e+00,4.931224798490927569e-03,-1.577389418410574951e-01,-1.657982995210887933e-01,-9.693990430086893539e+00,-2.651664306527179882e+00,-2.367191624175812026e-01,7.554851479446019757e-01,6.746477696074973940e-01,8.048997868598396499e-01,-7.684124847161189820e+00,4.648912350309636565e+00,5.050864828029885345e+00,4.673534690834910132e-01,-1.826986542566247929e+00,1.364602557875700950e-01,-9.340649130293090963e+00,-2.461933488711857132e-01,-3.012374844707458088e+00,-9.924004959865551090e-02,-8.198842543147598361e-02,9.118418082943392788e-02,-9.340649130293090963e+00,-2.461933488711857132e-01,-3.012374844707458088e+00,-9.924004959865551090e-02,-8.198842543147598361e-02,9.118418082943392788e-02,-7.458347685694193707e+00,-1.719283300175840079e+00,6.148643412353176352e+00,1.866189548383146990e-01,3.982951015192868344e-02,8.054473741410046739e-02
-9.521075148331961557e+00,8.642476563459972061e-01,-2.243216893805176859e+00,2.236566736343863909e-02,-1.547134907115368108e-01,-1.611113140342551875e-01,-9.704197151455058901e+00,-2.587693193980074025e+00,-3.860352050215636877e-01,8.304680854502224374e-01,6.845902533049325056e-01,7.775334768391174434e-01,-7.393794115200874373e+00,4.591927393387304157e+00,4.695364516318521808e+00,4.960463355622389825e-01,-1.866113245804557952e+00,4.528325306633400327e-02,-9.400302322372237285e+00,-9.634148749469491346e-02,-2.892864192839274207e+00,-1.011311846467801007e-01,-9.008083257276418288e-02,9.752675430967046311e-02,-9.400302322372237285e+00,-9.634148749469491346e-02,-2.892864192839274207e+00,-1.011311846467801007e-01,-9.008083257276418288e-02,9.752675430967046311e-02,-7.447617500325378614e+00,-1.708401220612707050e+00,6.083919290907756405e+00,1.958106878936571871e-01,5.343930767730215720e-02,9.174433383212836357e-02
-9.522736456167061547e+00,8.607510827756629235e-01,-2.213465456138982823e+00,2.221128469111747009e-02,-1.498696878902980867e-01,-1.596207250966039937e-01,-9.697610812394461988e+00,-2.399577311428160886e+00,-5.863230475061382840e-01,8.938632140977095242e-01,6.963146931567051334e-01,7.557610864707958731e-01,-7.044848853655423682e+00,4.110160449208414057e+00,4.110546745189892270e+00,5.553258807729053448e-01,-1.878844906197794984e+00,-6.358534847094669817e-02,-9.431153877702827870e+00,-1.160348130435396030e-01,-2.846882019156717014e+00,-8.969544621042704891e-02,-9.795116045151990025e-02,1.073726434583069933e-01,-9.431153877702827870e+00,-1.160348130435396030e-01,-2.846882019156717014e+00,-8.969544621042704891e-02,-9.795116045151990025e-02,1.073726434583069933e-01,-7.452005090019508948e+00,-1.710666505502193013e+00,6.010468248553526571e+00,2.184224994114203067e-01,5.907120202759413852e-02,1.091858647622303974e-01
-9.530384695237536619e+00,9.179806619251504873e-01,-2.134347646718055103e+00,2.691249918031394031e-02,-1.354599006174039000e-01,-1.612358318725007067e-01,-9.678089596955665286e+00,-2.212035287463138822e+00,-8.090242232391936517e-01,9.704105361266057717e-01,7.030283496774792917e-01,7.266217336808085125e-01,-6.741682807161668123e+00,3.709133650416978956e+00,3.770984961860548879e+00,6.548043871784212655e-01,-1.832190760545653996e+00,-2.202869777645105887e-01,-9.443855304464650047e+00,-1.625854756052824979e-01,-2.865265321980604796e+00,-7.818186852966184375e-02,-9.468731231167289153e-02,1.090395475722105018e-01,-9.443855304464650047e+00,-1.625854756052824979e-01,-2.865265321980604796e+00,-7.818186852966184375e-02,-9.468731231167289153e-02,1.090395475722105018e-01,-7.449545123341060560e+00,-1.705975014152470992e+00,6.030759166813414396e+00,2.151103688621069931e-01,4.947372758038939833e-02,1.137621086382759050e-01
-9.544613759064603187e+00,9.152631796688081023e-01,-2.082833463741149860e+00,1.728608974040564059e-02,-1.306001315833366094e-01,-1.722656027071139129e-01,-9.645473349717178735e+00,-2.314310408162651989e+00,-7.934907659195098439e-01,1.055120504350498978e+00,7.016045594404756169e-01,6.945837000240099313e-01,-6.855933715140499096e+00,4.141578639980103560e+00,3.986785179184074934e+00,7.058677010412667263e-01,-1.743568477290833085e+00,-4.196549148094627091e-01,-9.479667062990927207e+00,-2.616950442993630221e-01,-2.881148013422309084e+00,-8.004602351187771470e-02,-8.376732192964708723e-02,1.087321397458435035e-01,-9.479667062990927207e+00,-2.616950442993630221e-01,-2.881148013422309084e+00,-8.004602351187771470e-02,-8.376732192964708723e-02,1.087321397458435035e-01,-7.449496418922671559e+00,-1.719495316307315003e+00,6.083997049375822641e+00,1.940781258143056964e-01,5.887511335374617100e-02,1.106649306915618025e-01
-9.506061848589382635e+00,9.460602475430701652e-01,-2.035134265648942176e+00,7.506436488145037424e-03,-1.192441741413657053e-01,-1.771014372835006956e-01,-9.734919381242212566e+00,-2.615887201562610898e+00,-6.955906786084580240e-01,1.147940684216667950e+00,7.016376852596589719e-01,6.626357482078482075e-01,-7.360388948831194433e+00,4.769019762802319207e+00,4.319444103475513330e+00,6.892267293232767766e-01,-1.687947526601111026e+00,-6.200626597527050254e-01,-9.437531115356833311e+00,-4.359034326964809081e-01,-2.940898228914469836e+00,-7.825069792190918194e-02,-9.319600046691577100e-02,1.300678482141514880e-01,-9.437531115356833311e+00,-4.359034326964809081e-01,-2.940898228914469836e+00,-7.825069792190918194e-02,-9.319600046691577100e-02,1.300678482141514880e-01,-7.451998760764526608e+00,-1.705990108320218024e+00,6.121760788244883678e+00,1.956049399926609866e-01,5.141742237006369926e-02,1.122921620796731024e-01
-9.504748495528101415e+00,9.850418873901960470e-01,-1.985677495256318981e+00,-8.165463921720024498e-03,-1.238451790199693037e-01,-1.754332877180873052e-01,-9.916670167455610141e+00,-2.714980092730280958e+00,-6.377651574374356702e-01,1.198641386593396030e+00,7.248216724438368841e-01,6.300264721786157374e-01,-7.639188081334568281e+00,5.022137446060002119e+00,4.627578429323085274e+00,6.193900215899266204e-01,-1.678921159620462955e+00,-8.140065427020116706e-01,-9.349670260459031823e+00,-6.547118456847267343e-01,-2.908350489530576954e+00,-8.021109408429055732e-02,-1.028812790889886974e-01,1.316043040592111135e-01,-9.349670260459031823e+00,-6.547118456847267343e-01,-2.908350489530576954e+00,-8.021109408429055732e-02,-1.028812790889886974e-01,1.316043040592111135e-01,-7.447655912242472809e+00,-1.697028754292428054e+00,6.126302470902360575e+00,1.910455746881329075e-01,5.277883199313657819e-02,1.138473947305140982e-01
-9.534880394950146609e+00,1.015850565614567991e+00,-1.987987710182671064e+00,-2.726260297577988087e-02,-1.075317071401471064e-01,-1.801798792131434068e-01,-1.001480212248876001e+01,-2.668687906651436847e+00,-5.840791578240368542e-01,1.237736203329780071e+00,7.209919101949526787e-01,5.967638921139266639e-01,-7.956725984162545728e+00,4.910709297945958340e+00,4.834631784623118378e+00,5.431108350099503879e-01,-1.695496599303081053e+00,-9.981041314743730464e-01,-9.318726733967620746e+00,-6.597356001615293231e-01,-2.931393682881735074e+00,-8.215806604325327778e-02,-9.361594820638534376e-02,1.574056585624477866e-01,-9.318726733967620746e+00,-6.597356001615293231e-01,-2.931393682881735074e+00,-8.215806604325327778e-02,-9.361594820638534376e-02,1.574056585624477866e-01,-7.446280921241842599e+00,-1.656831475698050893e+00,6.070600323641288654e+00,1.913016116674821909e-01,5.894434336784534073e-02,1.187588787934986956e-01
-9.596990423673288362e+00,1.046776583705844033e+00,-2.010721393854240979e+00,-2.863748424692943995e-02,-9.460460517131846769e-02,-1.769622487713791992e-01,-1.012681062855557990e+01,-2.835496847633966144e+00,-5.397601377932997879e-01,1.280566362016003934e+00,7.107510777393100110e-01,5.471998273554488090e-01,-8.348390054544648109e+00,4.861069686068013596e+00,4.976374656708840050e+00,5.426734880569429320e-01,-1.757419465901836952e+00,-1.125596095714118894e+00,-9.289679010184910268e+00,-5.559963418423398140e-01,-2.982275448736163792e+00,-6.547707430715000998e-02,-9.976142118626482591e-02,1.801821991615094043e-01,-9.289679010184910268e+00,-5.559963418423398140e-01,-2.982275448736163792e+00,-6.547707430715000998e-02,-9.976142118626482591e-02,1.801821991615094043e-01,-7.447211717157985689e+00,-1.569017761793930044e+00,6.001821677497339635e+00,1.969798758345872036e-01,5.829358883980465672e-02,1.312397604536690021e-01
-9.625978304187551515e+00,1.050179630608246040e+00,-2.003505229947463828e+00,-3.513262079991905096e-02,-8.806455619398868839e-02,-1.754686491690778949e-01,-1.032691299619617986e+01,-3.031316173309507978e+00,-4.996743183631008889e-01,1.363832637470411058e+00,6.934004637278022853e-01,4.897137180024405123e-01,-8.323231622801099405e+00,5.170508182086688720e+00,4.922204484937137359e+00,5.746422384358870206e-01,-1.843853345246277087e+00,-1.181795764236954094e+00,-9.324901254790699312e+00,-4.265763078200933145e-01,-3.028416839042351150e+00,-7.387969658073362256e-02,-1.031258104150235971e-01,1.963490523489901107e-01,-9.324901254790699312e+00,-4.265763078200933145e-01,-3.028416839042351150e+00,-7.387969658073362256e-02,-1.031258104150235971e-01,1.963490523489901107e-01,-7.452333826522916205e+00,-1.526292897721954978e+00,5.999540036978688207e+00,2.150561582517289960e-01,6.262258501357564899e-02,1.439313489605227869e-01
-9.555051508911615699e+00,1.027552312890877007e+00,-2.023790072934088968e+00,-3.189121396907856898e-02,-9.450439401072389944e-02,-1.707252625497011900e-01,-1.029803752726930988e+01,-2.836843336715565211e+00,-2.634075420526296174e-01,1.432382762106034102e+00,6.858948444509984643e-01,4.380961128760240131e-01,-8.034373420619237649e+00,5.234708728506756614e+00,4.622902684780099136e+00,5.712553294574554963e-01,-1.876682130074939892e+00,-1.226493632486505891e+00,-9.335216385522576488e+00,-1.910062669639127908e-01,-3.017197567875899988e+00,-8.061185195998553377e-02,-1.096230261321507055e-01,2.109350401765756888e-01,-9.335216385522576488e+00,-1.910062669639127908e-01,-3.017197567875899988e+00,-8.061185195998553377e-02,-1.096230261321507055e-01,2.109350401765756888e-01,-7.449796787659124675e+00,-1.555609021436497930e+00,6.006111129434112961e+00,2.181715619270256090e-01,5.680436097585266075e-02,1.408317892917405056e-01
-9.411936982655438655e+00,9.966052711694712851e-01,-2.028766583064014029e+00,-2.386886623451590916e-02,-1.123340772146663030e-01,-1.722319446703020895e-01,-1.019618106198307927e+01,-2.637311095643546821e+00,2.613521936984969027e-02,1.426483868819546030e+00,6.877126833264531891e-01,3.875212772864832234e-01,-7.975910350849781949e+00,5.161830628503333962e+00,4.330388231634964669e+00,5.195109494011816986e-01,-1.839227910736364047e+00,-1.303990889124478914e+00,-9.337393361985059315e+00,-1.958380884805771896e-02,-3.003403874272457141e+00,-7.978662727521200482e-02,-1.100544916076802021e-01,2.171392414546630123e-01,-9.337393361985059315e+00,-1.958380884805771896e-02,-3.003403874272457141e+00,-7.978662727521200482e-02,-1.100544916076802021e-01,2.171392414546630123e-01,-7.435848981165817051e+00,-1.598525598353317090e+00,5.974909146275963145e+00,2.211948100965978048e-01,5.834144830513168789e-02,1.392411528834884005e-01
-9.349606714130132445e+00,9.389811470672720928e-01,-2.073938351371189093e+00,9.495901114018602887e-03,-1.336703070370900137e-01,-1.674888082109844967e-01,-1.027312519739290941e+01,-2.565417654164969807e+00,2.355018221056131011e-01,1.391504570923089101e+00,6.820723943962844205e-01,3.222922902885053120e-01,-8.289133059783688751e+00,5.153436258389177738e+00,4.339335953768065579e+00,4.339417124013106863e-01,-1.784750607442390002e+00,-1.384658537296223013e+00,-9.341634043201848314e+00,6.657416834836921149e-02,-2.999195543537402919e+00,-8.026601082087214678e-02,-1.252894988357569073e-01,2.176169150989568091e-01,-9.341634043201848314e+00,6.657416834836921149e-02,-2.999195543537402919e+00,-8.026601082087214678e-02,-1.252894988357569073e-01,2.176169150989568091e-01,-7.433131306031440566e+00,-1.630044277951550047e+00,5.937045945250548407e+00,2.121703111493956073e-01,5.397516999139712751e-02,1.329148520610685114e-01
-9.322110866623157577e+00,8.807146857345462543e-01,-2.133172057796488996e+00,2.241388014768368880e-02,-1.322190274612977112e-01,-1.658225854019252099e-01,-1.013783164578378937e+01,-2.512235771425249009e+00,6.430752871936906701e-01,1.312966579915948895e+00,6.852413571502292688e-01,2.407646831199874993e-01,-8.575588508488149131e+00,5.073548419038434787e+00,4.537373747491841414e+00,3.307158517110961871e-01,-1.721612979302389990e+00,-1.445814382115415020e+00,-9.397239108160874821e+00,1.166876468196474947e-01,-2.994397383726127959e+00,-7.966261534366590735e-02,-1.384619951911963132e-01,2.223739625642006112e-01,-9.397239108160874821e+00,1.166876468196474947e-01,-2.994397383726127959e+00,-7.966261534366590735e-02,-1.384619951911963132e-01,2.223739625642006112e-01,-7.437486045366403786e+00,-1.636776292610540917e+00,5.905884336216612240e+00,2.182882064243923947e-01,5.413264346486199724e-02,1.265997722806420922e-01
-9.282434605120245763e+00,8.303202665731271859e-01,-2.133026772800993953e+00,3.028610904714613972e-02,-1.162002281156146039e-01,-1.627371658934526066e-01,-1.005901468095700935e+01,-2.566539182650875883e+00,8.791244326489541239e-01,1.198785462408108016e+00,6.858470946517892797e-01,1.556465897685820055e-01,-8.655793847251038287e+00,4.544969206519317240e+00,4.798694155531257444e+00,2.034215707332731882e-01,-1.653956477917448931e+00,-1.474993878566497107e+00,-9.448663517770658160e+00,1.373302331284599054e-01,-2.980677602541236038e+00,-8.417991179463224505e-02,-1.350906406787169001e-01,2.111376434719763884e-01,-9.448663517770658160e+00,1.373302331284599054e-01,-2.980677602541236038e+00,-8.417991179463224505e-02,-1.350906406787169001e-01,2.111376434719763884e-01,-7.441348067363921182e+00,-1.661341328691136043e+00,5.872566459131561167e+00,2.166331483274480108e-01,4.946699047131519755e-02,1.249238847211229936e-01
-9.313790219584429764e+00,7.957101347428524596e-01,-2.112746344937522114e+00,4.127138345938657221e-02,-8.418293132312572313e-02,-1.659738719876520940e-01,-1.023233000119950020e+01,-2.740391675139064898e+00,9.928114508099810109e-01,1.079654462732023035e+00,6.577466031867043039e-01,6.074314940979381322e-02,-8.663905575597325992e+00,3.929582389721064217e+00,5.341386902529266401e+00,9.701892539445039487e-02,-1.605565215296812065e+00,-1.515452396786366007e+00,-9.371165850584132428e+00,2.551171298653574088e-02,-3.019503850894325936e+00,-8.142932789113399572e-02,-1.353879389801750932e-01,2.173072629694909053e-01,-9.371165850584132428e+00,2.551171298653574088e-02,-3.019503850894325936e+00,-8.142932789113399572e-02,-1.353879389801750932e-01,2.173072629694909053e-01,-7.436541575188376108e+00,-1.688434053020037018e+00,5.836842699998714856e+00,2.302649248122725922e-01,4.671960699399167055e-02,1.170199807666708058e-01
-9.352794535912858365e+00,8.070092546786916676e-01,-2.063166663636736953e+00,4.580124737059675794e-02,-4.569699084507843068e-02,-1.755401840104822975e-01,-1.035949157702994938e+01,-2.906582428990729827e+00,1.166454321501243951e+00,9.944524475245163364e-01,6.066029177241282211e-01,-1.263595503858142011e-02,-8.397536243019295910e+00,3.259005791271342822e+00,5.836896725626560034e+00,3.760171673860430303e-02,-1.568191323875085086e+00,-1.462270035020083014e+00,-9.309849648058969862e+00,-1.384285595961614046e-01,-2.957651565242310987e+00,-7.993670032798572134e-02,-1.362191794828611080e-01,2.242493232985852958e-01,-9.309849648058969862e+00,-1.384285595961614046e-01,-2.957651565242310987e+00,-7.993670032798572134e-02,-1.362191794828611080e-01,2.242493232985852958e-01,-7.436332983822699028e+00,-1.708742776133483909e+00,5.819026021037389640e+00,2.454684311338339864e-01,4.225946696747132081e-02,1.154912489587714003e-01
-9.350875042995712150e+00,8.644632032698135182e-01,-2.085361054502242961e+00,4.575506865852366906e-02,-3.922890615229193689e-02,-1.724331253916883966e-01,-1.028300982247426987e+01,-2.772629402419938049e+00,1.271259947370444898e+00,9.772530032084334461e-01,5.478531525777765587e-01,-8.700947091875177453e-02,-7.338388003781600055e+00,2.792256318400899051e+00,6.199654503942314321e+00,2.029892169974591154e-02,-1.560063752149410954e+00,-1.321891786210062980e+00,-9.327564164824723392e+00,-1.157802410312961938e-01,-2.877004526128883022e+00,-6.116351773675202802e-02,-1.365568878348824011e-01,2.305542415905545983e-01,-9.327564164824723392e+00,-1.157802410312961938e-01,-2.877004526128883022e+00,-6.116351773675202802e-02,-1.365568878348824011e-01,2.305542415905545983e-01,-7.429944299759029036e+00,-1.704442182559561925e+00,5.841288753042391590e+00,2.351216201048194898e-01,3.500344880267045045e-02,1.076832700714193958e-01
-9.324694918838622115e+00,9.161593460584961379e-01,-2.092335871465211827e+00,4.717180425594034998e-02,-5.544710680179010254e-02,-1.834689175218583990e-01,-1.009065486308364079e+01,-2.010355416654869831e+00,1.349488053929086995e+00,9.725452862675434407e-01,4.791927758795233028e-01,-1.217330330467057964e-01,-5.903888771985237760e+00,2.820219325364038188e+00,6.355164807838890262e+00,1.110625892265289932e-02,-1.521212939752834892e+00,-1.173706236003374093e+00,-9.397052347173380227e+00,-4.129467873104952086e-02,-2.752733975837462044e+00,-5.375102456865513134e-02,-1.353458512565580973e-01,2.400597809257518922e-01,-9.397052347173380227e+00,-4.129467873104952086e-02,-2.752733975837462044e+00,-5.375102456865513134e-02,-1.353458512565580973e-01,2.400597809257518922e-01,-7.436756418763133425e+00,-1.688503102286881052e+00,5.896948534287795418e+00,2.244518439461253012e-01,2.447904710998126052e-02,1.044725504753570011e-01
-9.363233052795390421e+00,9.370210057743132426e-01,-2.046842007043879974e+00,4.503417266905018757e-02,-8.454084111123885692e-02,-1.993665605236585869e-01,-9.673339594692674126e+00,-5.318011704616218971e-01,1.463153590033329010e+00,9.709307390132907445e-01,3.912091519895379843e-01,-1.224106795967054018e-01,-4.245054067262674202e+00,3.209883165842641883e+00,6.870610744692630334e+00,-1.272848539239731028e-02,-1.503212782705251049e+00,-1.066663617482110915e+00,-9.458308597847791432e+00,5.760377287198832109e-03,-2.737011644450825010e+00,-5.406610594301761163e-02,-1.347146784986351098e-01,2.451786637198943020e-01,-9.458308597847791432e+00,5.760377287198832109e-03,-2.737011644450825010e+00,-5.406610594301761163e-02,-1.347146784986351098e-01,2.451786637198943020e-01,-7.430646944968101408e+00,-1.661698178610514054e+00,5.914772326641283939e+00,2.185656648889585940e-01,1.266056146737165947e-02,9.663351436359042534e-02
-9.537409370079270587e+00,8.894421133758441123e-01,-1.917967937550592916e+00,4.646782725332596758e-02,-8.780953936550275896e-02,-2.025692653993667047e-01,-8.783467227476927874e+00,1.187781599787518072e+00,1.343234307632642954e+00,9.086487546719241859e-01,3.121843811705531935e-01,-7.368500082923587491e-02,-2.206594664236290804e+00,4.668238385145068392e+00,8.202484278042247112e+00,-1.528163666773660889e-01,-1.537162408068520003e+00,-1.027533732266757927e+00,-9.520657353827980174e+00,-6.868922542288109778e-03,-2.833838634101501164e+00,-5.296902893860228750e-02,-1.452683167325770075e-01,2.519434867230013753e-01,-9.520657353827980174e+00,-6.868922542288109778e-03,-2.833838634101501164e+00,-5.296902893860228750e-02,-1.452683167325770075e-01,2.519434867230013753e-01,-7.424341620000970643e+00,-1.632507943580824072e+00,5.921459847725418335e+00,2.154770449096062024e-01,6.855297449255441655e-03,8.389605411507956856e-02
-9.677531474208572959e+00,8.322645297847180990e-01,-1.847969465284506896e+00,3.065623987339654091e-02,-7.792192370784907507e-02,-2.009838442290478866e-01,-7.998552645272292594e+00,2.027401367844836155e+00,1.503911434918083101e+00,7.758051795734063338e-01,2.550484953742228056e-01,4.815132484366504984e-02,-1.622934251150287110e+00,5.442734190151386819e+00,8.962836810703159074e+00,-3.702795819275527256e-01,-1.517909009708994006e+00,-1.021238071638844058e+00,-9.585535743214425253e+00,-4.505913119772554654e-02,-2.939119375297785997e+00,-5.173922789972029701e-02,-1.510257354412533060e-01,2.613376553871327723e-01,-9.585535743214425253e+00,-4.505913119772554654e-02,-2.939119375297785997e+00,-5.173922789972029701e-02,-1.510257354412533060e-01,2.613376553871327723e-01,-7.433711559980744177e+00,-1.580494715465416977e+00,5.939477723862430558e+00,2.016626282040820117e-01,3.536070660655807069e-03,8.375174170987692568e-02
-9.732350625831349689e+00,8.478703760820769375e-01,-1.954120758996140905e+00,1.039351235662290020e-02,-9.526671650598908525e-02,-1.913791572279525954e-01,-8.360812032206389688e+00,1.931320373752912989e+00,2.040677907426229787e+00,5.475985782900263388e-01,2.556484644127123840e-01,1.527440739669957970e-01,-2.977168455548206971e+00,3.950555504406533913e+00,8.553805027554776785e+00,-4.022033869023303732e-01,-1.460610631347313948e+00,-9.394852947008222044e-01,-9.555961610003683049e+00,-6.284291241314501897e-02,-2.984900515372562957e+00,-4.928033969146151244e-02,-1.641131233350253960e-01,2.708955672461578756e-01,-9.555961610003683049e+00,-6.284291241314501897e-02,-2.984900515372562957e+00,-4.928033969146151244e-02,-1.641131233350253960e-01,2.708955672461578756e-01,-7.430704926683138645e+00,-1.506484466097504082e+00,6.041744174799489997e+00,1.927950721472032891e-01,2.346378415972870824e-03,8.389276599036277204e-02
-9.764439859467525906e+00,8.652816651745973697e-01,-2.105435323141262138e+00,-3.569804555081793063e-02,-1.365682802548988939e-01,-1.991903504087979004e-01,-9.564253871962318243e+00,1.016195722072291918e+00,2.447898716120588070e+00,2.765490614546922132e-01,2.331796607964213008e-01,1.766190676663967896e-01,-4.275872611984461003e+00,3.014392792901959162e+00,8.031965247294721166e+00,-3.421571927924781931e-01,-1.432085140330632944e+00,-8.011405893720680016e-01,-9.485762686312126490e+00,-3.974857862965224670e-02,-2.998854557022720968e+00,-6.216561122088658242e-02,-1.735826877558342973e-01,2.824763881746165106e-01,-9.485762686312126490e+00,-3.974857862965224670e-02,-2.998854557022720968e+00,-6.216561122088658242e-02,-1.735826877558342973e-01,2.824763881746165106e-01,-7.433913955830328213e+00,-1.443409476257168089e+00,6.168662753344100302e+00,1.942306166821519131e-01,3.751931133915695823e-03,8.702753174721300500e-02
-9.758549759642532351e+00,7.955623777197121660e-01,-2.132382395916752937e+00,-7.227556082165947915e-02,-1.457324791483936011e-01,-1.992060567623518130e-01,-1.052531334032384969e+01,-4.104979567501259030e-01,2.305075674076805026e+00,4.299441615982086719e-03,2.156357836236275083e-01,1.527035623907012085e-01,-5.958249817618414212e+00,3.084722481195688815e+00,7.797587178788915274e+00,-3.172755446249063138e-01,-1.358447175140983898e+00,-5.829679110408102494e-01,-9.453445865456158614e+00,-1.847062684507625938e-02,-2.966959024792369171e+00,-7.574081095158669008e-02,-1.794279646409039086e-01,2.843663344189857889e-01,-9.453445865456158614e+00,-1.847062684507625938e-02,-2.966959024792369171e+00,-7.574081095158669008e-02,-1.794279646409039086e-01,2.843663344189857889e-01,-7.434295394304628601e+00,-1.427644630607169951e+00,6.277745230591383674e+00,2.048518110166688000e-01,-8.233884862883542738e-03,8.389559130684792754e-02
-9.770790992717527601e+00,6.905536618098154777e-01,-2.119021068837472210e+00,-8.532292514057962518e-02,-1.231353981620662980e-01,-2.119400357387679901e-01,-1.164897604956112076e+01,-1.408207073313554991e+00,2.329339907885998873e+00,-2.579635367446119210e-01,1.979674494572823129e-01,1.051961312544612004e-01,-7.276849948961952919e+00,3.478929885291806023e+00,7.239026255360440310e+00,-3.661322547267247818e-01,-1.200527148682638101e+00,-2.669949216696458905e-01,-9.399690494056548218e+00,-2.352485811729881915e-02,-2.828713218786418793e+00,-9.178882754627096241e-02,-1.912694485647538079e-01,2.988086698826358800e-01,-9.399690494056548218e+00,-2.352485811729881915e-02,-2.828713218786418793e+00,-9.178882754627096241e-02,-1.912694485647538079e-01,2.988086698826358800e-01,-7.420616762282795875e+00,-1.461627819475223911e+00,6.275490433271351698e+00,2.275697183409338131e-01,-3.238335561392474693e-02,8.555752321014935269e-02
-9.856438824049773118e+00,5.612002410045768830e-01,-2.036347517154582842e+00,-8.491244978932206700e-02,-1.182792750509276958e-01,-2.086233968417146034e-01,-1.235751107578541053e+01,-1.075345374635285012e+00,1.990653996044343010e+00,-5.343167434745427213e-01,1.662328906473637125e-01,1.837728967888839840e-02,-6.366290450032708215e+00,5.141713522118492641e+00,7.490365990088616144e+00,-4.452503917719221049e-01,-9.541237522604925081e-01,1.372508583395138093e-01,-9.370817014338548745e+00,8.902086844816095579e-02,-2.817534796100919170e+00,-1.075500824828155011e-01,-1.831830123551783096e-01,3.085486893417431209e-01,-9.370817014338548745e+00,8.902086844816095579e-02,-2.817534796100919170e+00,-1.075500824828155011e-01,-1.831830123551783096e-01,3.085486893417431209e-01,-7.424092656868035434e+00,-1.526785855109582979e+00,6.244290283272976971e+00,2.396700588823585942e-01,-4.903615560420154784e-02,8.877243112752501719e-02
-9.994896213072484770e+00,4.215772738332315139e-01,-1.939003468025022991e+00,-6.583193876731248395e-02,-1.055741467231858938e-01,-1.992156069642460892e-01,-1.212186873446404967e+01,7.549302966237363410e-01,1.822329863954753881e-01,-7.979249814196307522e-01,1.950144437735608915e-01,-3.534990366722780275e-02,-4.177490094928004716e+00,5.351691841239062164e+00,8.226547993512243195e+00,-4.925953493495675017e-01,-7.088954561837775836e-01,3.884831738152457192e-01,-9.436347102950596977e+00,1.857232852670923917e-01,-2.858940817963032011e+00,-1.063222587866144014e-01,-1.897108022658196003e-01,3.117722122368897786e-01,-9.436347102950596977e+00,1.857232852670923917e-01,-2.858940817963032011e+00,-1.063222587866144014e-01,-1.897108022658196003e-01,3.117722122368897786e-01,-7.420927288255970034e+00,-1.573960322374772902e+00,6.150762275145895686e+00,2.289694305739501112e-01,-6.393969657948674057e-02,7.760857045753918881e-02
-1.017191795468360027e+01,2.844936453204560123e-01,-1.929654039733375015e+00,-2.901238147125690878e-02,-8.656800439181203122e-02,-1.787128365324119894e-01,-1.196064266701458934e+01,1.773528530356228927e+00,-1.601623409841886003e+00,-9.195670542499977396e-01,1.859669874810412071e-01,-3.847899193932485806e-02,-3.209948774903688129e+00,5.327272997794734621e+00,8.433763951708982631e+00,-5.005586545015634492e-01,-5.425338141761267829e-01,3.615615965454697101e-01,-9.618301889753917422e+00,2.603503230468210972e-01,-2.913891581277280984e+00,-8.930924550993858679e-02,-2.012504015792390133e-01,3.194858544256506949e-01,-9.618301889753917422e+00,2.603503230468210972e-01,-2.913891581277280984e+00,-8.930924550993858679e-02,-2.012504015792390133e-01,3.194858544256506949e-01,-7.421625102857770884e+00,-1.535903302024498984e+00,6.099597743497262137e+00,2.276165626520534890e-01,-7.450908638699803299e-02,8.247892355287779476e-02
-1.035890893369962029e+01,1.396296513239194126e-01,-1.920995852425608996e+00,3.024513370534189990e-02,-8.559999243357847842e-02,-1.612271955926886102e-01,-1.184760182849588084e+01,1.086844897388387077e+00,-2.684078263534145137e+00,-9.241658064137596718e-01,1.781153261556296941e-01,-7.031215999227306834e-02,-3.598418347378737892e+00,5.956344763239618700e+00,8.192562188572297899e+00,-4.202620250525921919e-01,-4.308096202417331932e-01,2.337050286843027902e-01,-9.790658048684599990e+00,3.290984765124210232e-01,-2.990111669248209925e+00,-8.496515487498741692e-02,-2.211929549239891879e-01,3.136997915403906267e-01,-9.790658048684599990e+00,3.290984765124210232e-01,-2.990111669248209925e+00,-8.496515487498741692e-02,-2.211929549239891879e-01,3.136997915403906267e-01,-7.425197501192611682e+00,-1.441457633647690972e+00,6.092982096606916365e+00,2.426096492574122132e-01,-6.418724215267954114e-02,9.034375434470531818e-02
-1.060332904838210943e+01,2.387796088424687033e-02,-1.846907301850998051e+00,8.658614389578207782e-02,-1.022409222096011955e-01,-1.373254766475507926e-01,-1.191565366499544965e+01,-8.404096723373806477e-02,-3.254583959917523028e+00,-8.115574069317519346e-01,1.954501235613562982e-01,-1.240723250614410023e-01,-3.742534685133346972e+00,6.206101818525345593e+00,7.940360345411355603e+00,-3.158100211363545906e-01,-3.264863647746296116e-01,1.044564054402618986e-01,-9.891731778157563326e+00,4.082803544137643126e-01,-2.994870428124387196e+00,-7.962446766269688780e-02,-2.415207282831804969e-01,3.155912048088361233e-01,-9.891731778157563326e+00,4.082803544137643126e-01,-2.994870428124387196e+00,-7.962446766269688780e-02,-2.415207282831804969e-01,3.155912048088361233e-01,-7.422202466044060643e+00,-1.349354733824160935e+00,6.148687334713893726e+00,2.591812403534756726e-01,-4.777151484364598050e-02,9.664549267917708908e-02
-1.070408161601329056e+01,-3.483778473495258154e-02,-1.715451794180214984e+00,1.363026076209430115e-01,-1.106889606824601052e-01,-1.072905997432108960e-01,-1.194359469044431954e+01,-7.128967936633476832e-01,-2.699887285004252124e+00,-5.761862477740864463e-01,1.593674403003864093e-01,-1.624508128479885960e-01,-3.772574670183279189e+00,5.226170617215247560e+00,7.976873992355622001e+00,-2.338555681092059912e-01,-2.099460654989747932e-01,-9.133350334483428951e-03,-9.997885723103664191e+00,5.273747552735208455e-01,-2.880088619195627864e+00,-8.395188159212658985e-02,-2.443852586903428048e-01,3.027928966450654791e-01,-9.997885723103664191e+00,5.273747552735208455e-01,-2.880088619195627864e+00,-8.395188159212658985e-02,-2.443852586903428048e-01,3.027928966450654791e-01,-7.416708617957102234e+00,-1.270669592571693096e+00,6.237766320497152961e+00,2.665904044500829739e-01,-2.234871742479898130e-02,1.028782200033309946e-01
-1.057297697007073012e+01,-2.592561760084942032e-02,-1.589420828351058912e+00,1.849007833788769983e-01,-9.977178177674006498e-02,-7.392418751322410442e-02,-1.151529344669278032e+01,-6.994282490373633365e-01,-1.359092134109765926e+00,-3.019754221387485060e-01,9.534764714621828119e-02,-1.790380447773577965e-01,-3.740308880423884208e+00,4.047423635663652597e+00,8.094524369341829839e+00,-1.485128293031660052e-01,-1.226314702050649019e-01,-5.577856651306784680e-02,-1.006031204322403916e+01,5.749877711635035249e-01,-2.659175485590806076e+00,-1.155807389886295000e-01,-2.495156436771023001e-01,2.882186064047546070e-01,-1.006031204322403916e+01,5.749877711635035249e-01,-2.659175485590806076e+00,-1.155807389886295000e-01,-2.495156436771023001e-01,2.882186064047546070e-01,-7.420377383422763096e+00,-1.174089701731855895e+00,6.173282545622780226e+00,3.028835511075173015e-01,4.894168003367211847e-03,9.649395703098473387e-02
-1.033060278306686008e+01,3.048859393498715847e-02,-1.478793148221531961e+00,2.107673984298402137e-01,-9.832359311003983915e-02,-5.332670471517519245e-02,-1.046761675022628069e+01,-6.023432517601297054e-01,-3.099821348786893083e-01,-1.187471673746846035e-01,5.702385767438405278e-03,-1.839456011401212066e-01,-3.812248590044279073e+00,3.690546945731707051e+00,7.968679227411982424e+00,-6.630838487448761920e-02,-6.765937497597285244e-02,-6.239707055471833269e-02,-9.988580843054199576e+00,5.158583709604800394e-01,-2.436046151662755843e+00,-1.382910997470339076e-01,-2.589954681841447059e-01,2.770467739955073116e-01,-9.988580843054199576e+00,5.158583709604800394e-01,-2.436046151662755843e+00,-1.382910997470339076e-01,-2.589954681841447059e-01,2.770467739955073116e-01,-7.419030955710184116e+00,-1.097697290375460044e+00,6.030866235901489070e+00,3.283810998545723114e-01,2.302659979214724886e-02,8.841744738353665700e-02
-1.012011176978842997e+01,1.250607007418413907e-01,-1.399393702189515976e+00,2.265136306347950990e-01,-1.049487861486810975e-01,-5.024621140559615284e-02,-9.675316517306949748e+00,-4.216131628781721874e-01,-4.253303273644631205e-02,-7.020032335402343060e-02,-2.236632565328031119e-02,-1.816922608342015910e-01,-4.011355573429968402e+00,4.133274096272920417e+00,7.666843976577382591e+00,-2.108389783183397051e-02,-2.490873867416558071e-02,-3.881013242036335242e-02,-9.833287994919764685e+00,3.757827010707274762e-01,-2.251779801236938994e+00,-1.537602862925097069e-01,-2.515579472025050167e-01,2.832768293144797833e-01,-9.833287994919764685e+00,3.757827010707274762e-01,-2.251779801236938994e+00,-1.537602862925097069e-01,-2.515579472025050167e-01,2.832768293144797833e-01,-7.408056348132529223e+00,-1.098122478970465998e+00,5.875051127751761193e+00,3.467606302836578891e-01,4.138032321608931668e-02,8.057618444174136085e-02
-9.994475805312964312e+00,2.126964262674073125e-01,-1.406393019443086034e+00,2.187225281129135113e-01,-1.096712995905235050e-01,-5.016941610684180763e-02,-9.450501698225991731e+00,-2.260374913710961886e-01,-1.182052213694007037e-01,-1.414751353723451011e-01,-2.109143285349598940e-02,-1.889052457305057109e-01,-4.283918084767375234e+00,4.595345606208281808e+00,7.376235141252587724e+00,-1.443384606056232963e-02,7.541625088413068251e-03,1.996339252329335998e-02,-9.695176395239498035e+00,1.893102886077616953e-01,-2.159555803891795023e+00,-1.605955614390600916e-01,-2.422959120663417953e-01,2.943713396106267255e-01,-9.695176395239498035e+00,1.893102886077616953e-01,-2.159555803891795023e+00,-1.605955614390600916e-01,-2.422959120663417953e-01,2.943713396106267255e-01,-7.410441951083634571e+00,-1.077887708246366039e+00,5.781575731413814090e+00,3.588167013664336213e-01,6.415777501312615316e-02,7.098656603031236467e-02
-9.891688783663223461e+00,2.825255958754286922e-01,-1.436251730639632074e+00,2.058256893269538035e-01,-1.209227968774827938e-01,-6.749015325443465108e-02,-9.453340372582534457e+00,-1.660749267059702106e-01,-3.430598837527560896e-01,-3.066615577916464996e-01,7.482785702676755801e-03,-2.118672625290327904e-01,-4.493283689854017382e+00,4.740881017318238300e+00,7.234346780907909391e+00,-4.806919886701292721e-02,3.538397368712620228e-02,7.782802995185152117e-02,-9.625943328741353611e+00,1.062351395810911918e-02,-2.219152496599288149e+00,-1.527393832155035103e-01,-2.361495308850738994e-01,3.152629918027907152e-01,-9.625943328741353611e+00,1.062351395810911918e-02,-2.219152496599288149e+00,-1.527393832155035103e-01,-2.361495308850738994e-01,3.152629918027907152e-01,-7.386031791419304326e+00,-1.071478512251895054e+00,5.714778673014165200e+00,3.587251521784912134e-01,7.928452488189217939e-02,6.614400712095662438e-02
-9.760545814817565002e+00,3.579815652716892838e-01,-1.456273377268685998e+00,1.816647156167909005e-01,-1.335622567183689935e-01,-7.704522423571738554e-02,-9.360364795652973413e+00,-2.557652953454082057e-01,-6.659718041575014569e-01,-5.027408257936574199e-01,2.698005842148062938e-02,-2.255713623613911922e-01,-4.444325690543018403e+00,4.608829097538328590e+00,7.277177044200614731e+00,-8.173380715117213591e-02,5.435720426329936766e-02,1.288395530701655078e-01,-9.727725603620344330e+00,-1.229259163538942018e-02,-2.377894449673155108e+00,-1.347103604647914010e-01,-2.360791372358307105e-01,3.363980087739770197e-01,-9.727725603620344330e+00,-1.229259163538942018e-02,-2.377894449673155108e+00,-1.347103604647914010e-01,-2.360791372358307105e-01,3.363980087739770197e-01,-7.390430210986641768e+00,-1.073737868044263077e+00,5.654683031602183441e+00,3.528692163038432139e-01,8.896914636285810363e-02,3.921659193732918852e-02
-9.620787402237885644e+00,4.797159996678279081e-01,-1.421905260879658073e+00,1.671237384639049084e-01,-1.446648725548340952e-01,-8.028679703578892046e-02,-9.276629758311781160e+00,-8.098950692670644491e-01,-1.171731001009556072e+00,-6.354051608432575993e-01,6.296956643910227303e-02,-2.430467667978593871e-01,-4.304079512478229397e+00,4.604578096882304905e+00,7.360473367582571314e+00,-9.456629207701541806e-02,5.435845022167942742e-02,1.481196701191067056e-01,-9.918467794926053571e+00,3.221529436363306242e-01,-2.506879136258913121e+00,-1.106250996119167024e-01,-2.346374971195842873e-01,3.376895093096963230e-01,-9.918467794926053571e+00,3.221529436363306242e-01,-2.506879136258913121e+00,-1.106250996119167024e-01,-2.346374971195842873e-01,3.376895093096963230e-01,-7.378872680491840086e+00,-1.098635649291606953e+00,5.576748554572396266e+00,3.438445795872663857e-01,8.790458991040965564e-02,1.858474197186705049e-02
-9.511189692921815819e+00,5.763697727883967392e-01,-1.406300380531108951e+00,1.559020688089894913e-01,-1.558672567864153036e-01,-8.972926866310319827e-02,-9.404382819945308114e+00,-1.535229642912649073e+00,-1.742038094828320949e+00,-6.353500470317257065e-01,8.537738645414465199e-02,-2.447626367573751127e-01,-4.261967042603117761e+00,4.610529277514770818e+00,7.398737650577555947e+00,-8.334131217640079747e-02,3.491641044748389905e-02,1.369053996292355913e-01,-9.975961277856125520e+00,7.023309203616678875e-01,-2.525962879883500989e+00,-1.178650016545337020e-01,-2.309860600940525921e-01,3.283393419743190766e-01,-9.975961277856125520e+00,7.023309203616678875e-01,-2.525962879883500989e+00,-1.178650016545337020e-01,-2.309860600940525921e-01,3.283393419743190766e-01,-7.380607790465029794e+00,-1.139195614558347058e+00,5.534436949063527678e+00,3.455605794943861775e-01,7.010313801781056786e-02,9.191863214961111181e-03
-9.384003547335398210e+00,5.499597437477244943e-01,-1.445113492024175050e+00,1.496149153780778063e-01,-1.719073373000052085e-01,-9.281398170971989769e-02,-9.576428557734304903e+00,-1.970207094034597928e+00,-2.029395219736616962e+00,-5.203606529753870280e-01,8.492250534413875451e-02,-2.339485452518391129e-01,-4.240596486732670201e+00,4.718731323189858884e+00,7.409931680649263441e+00,-6.734406692558417284e-02,6.939260636977753575e-03,1.078462340295982952e-01,-9.902496899331517000e+00,1.105502997352721062e+00,-2.609254677083827190e+00,-1.322823848847611006e-01,-2.324301687734482980e-01,3.074018722911798229e-01,-9.902496899331517000e+00,1.105502997352721062e+00,-2.609254677083827190e+00,-1.322823848847611006e-01,-2.324301687734482980e-01,3.074018722911798229e-01,-7.373079171240618734e+00,-1.184160888990462901e+00,5.476522214196023697e+00,3.515204275111655230e-01,5.856844565487936971e-02,-1.943106533182093962e-02
-9.297558600520018146e+00,5.265822120768868242e-01,-1.467945575054961926e+00,1.508772497781394883e-01,-1.865427881827564083e-01,-1.070585443857439978e-01,-9.505193296550315196e+00,-1.955781811764921940e+00,-1.969247083311985946e+00,-3.309387156839723731e-01,8.471294582656289929e-02,-2.047276393425926933e-01,-4.180338777251387583e+00,4.686076639119587384e+00,7.414463645142751247e+00,-4.817357283348947666e-02,-1.070311341289221022e-02,5.840981086962941660e-02,-9.800846957359667044e+00,1.250426581652775981e+00,-2.657837227066249142e+00,-1.380652753019467882e-01,-2.335937389694117128e-01,2.816862492239193827e-01,-9.800846957359667044e+00,1.250426581652775981e+00,-2.657837227066249142e+00,-1.380652753019467882e-01,-2.335937389694117128e-01,2.816862492239193827e-01,-7.366006316800991272e+00,-1.215771317000208906e+00,5.458690505069838217e+00,3.652561142550909135e-01,5.011766168484466794e-02,-4.635322812544125093e-02
-9.300839083806296870e+00,4.678158490687884252e-01,-1.562582845296822009e+00,1.505177767586146909e-01,-1.737344031386744980e-01,-1.150832355786838013e-01,-9.280372235081497223e+00,-1.576328725255657925e+00,-1.793065829747690021e+00,-1.772442590978947907e-01,8.034470378601207829e-02,-1.809577434188247014e-01,-4.207733640605646031e+00,4.694418931276813645e+00,7.382954648479049808e+00,-2.902413311800106088e-02,-4.450145912761201833e-02,7.468659655317683686e-03,-9.662312445947730311e+00,1.039514608680023988e+00,-2.558639906994787161e+00,-1.397961250064254091e-01,-2.430843469363944964e-01,2.639804688948256262e-01,-9.662312445947730311e+00,1.039514608680023988e+00,-2.558639906994787161e+00,-1.397961250064254091e-01,-2.430843469363944964e-01,2.639804688948256262e-01,-7.365780893765101922e+00,-1.236014937157511095e+00,5.487615954727662171e+00,3.563452780405553244e-01,3.855558740084547020e-02,-6.690681626259989412e-02
-9.333202022750423765e+00,3.701368736452235741e-01,-1.576002756327427923e+00,1.418321582271681036e-01,-1.545051632726514024e-01,-1.374081385317623971e-01,-9.253706918760855160e+00,-1.134925724581473006e+00,-1.630502577677644060e+00,-9.622464292413371312e-02,9.008615291654060997e-02,-1.671724923850546884e-01,-4.299843862031694997e+00,4.792812669608161436e+00,7.346874006151056236e+00,-1.946827637786650855e-02,-7.416199906010954856e-02,-1.994688279496704963e-02,-9.564650350790003586e+00,7.044264352674810548e-01,-2.540132747160090076e+00,-1.482013736436043894e-01,-2.503018917931539855e-01,2.481409920034035876e-01,-9.564650350790003586e+00,7.044264352674810548e-01,-2.540132747160090076e+00,-1.482013736436043894e-01,-2.503018917931539855e-01,2.481409920034035876e-01,-7.356821664666422400e+00,-1.245113163608088991e+00,5.523217419146425833e+00,3.579038160492591936e-01,2.680316539801725143e-02,-8.116057035908644246e-02
-9.415832379460121970e+00,3.476810753573498780e-01,-1.594850483422503018e+00,1.182797467587614060e-01,-9.788391790784546631e-02,-1.420627126807381957e-01,-9.334552006436165783e+00,-7.999688573371166456e-01,-1.479009307010743957e+00,-9.294021880887165521e-02,1.044348501106130006e-01,-1.687997412516767937e-01,-4.236535922895378725e+00,4.863125302957476137e+00,7.326598648827950200e+00,-3.884804888394623179e-02,-1.018082929302508988e-01,-2.604347349867662878e-02,-9.543920252065202448e+00,4.158310698431216812e-01,-2.475041695285992827e+00,-1.530034376062792134e-01,-2.526518021439019823e-01,2.478970073049477918e-01,-9.543920252065202448e+00,4.158310698431216812e-01,-2.475041695285992827e+00,-1.530034376062792134e-01,-2.526518021439019823e-01,2.478970073049477918e-01,-7.353013979146256318e+00,-1.216070251124742096e+00,5.541046171589298908e+00,3.535917598679805263e-01,4.524993632965792351e-03,-9.212898871914641796e-02
-9.517517493922573735e+00,3.520474887473976078e-01,-1.585308894081947084e+00,9.093948856965511363e-02,-6.054876625219011294e-02,-1.485458558546745023e-01,-9.398280741185034870e+00,-7.172409317223792380e-01,-1.425550550267363104e+00,-1.463346802906241029e-01,1.214005770938366008e-01,-1.774674397671119896e-01,-4.223631803287798192e+00,4.730775514981134577e+00,7.371678589161870576e+00,-5.179013421763691699e-02,-1.036350254069969001e-01,-4.353675080777028028e-02,-9.559492406965048872e+00,2.400712741840080044e-01,-2.348609297912855887e+00,-1.339925669344023129e-01,-2.457577107561005891e-01,2.560779838259206187e-01,-9.559492406965048872e+00,2.400712741840080044e-01,-2.348609297912855887e+00,-1.339925669344023129e-01,-2.457577107561005891e-01,2.560779838259206187e-01,-7.345959229087980269e+00,-1.218062884847010974e+00,5.612432511941649160e+00,3.441377349664158092e-01,-1.383275605942172956e-02,-9.868451291834420824e-02
-9.554127111762584335e+00,3.368166540371947959e-01,-1.499800860439312933e+00,5.450675322021143743e-02,-2.788803681218495964e-02,-1.516855028765279889e-01,-9.546023389964672035e+00,-7.220951007180160808e-01,-1.441303520687597040e+00,-1.899564464812807940e-01,1.461820399178256902e-01,-1.794456044501135106e-01,-4.189768082469715438e+00,4.717358010658063705e+00,7.430200854960586909e+00,-5.830000038912241944e-02,-1.169619093397836068e-01,-6.116802866205506284e-02,-9.545671824758555246e+00,2.041969135889462883e-01,-2.245080893989376936e+00,-1.328127591734676038e-01,-2.286591780273027064e-01,2.833119288257081037e-01,-9.545671824758555246e+00,2.041969135889462883e-01,-2.245080893989376936e+00,-1.328127591734676038e-01,-2.286591780273027064e-01,2.833119288257081037e-01,-7.340150587216091260e+00,-1.344136051748606064e+00,5.765768362910690392e+00,2.932896321054518918e-01,-1.001067968225475939e-02,-1.126895473130185982e-01
-9.627398370856143472e+00,3.574859341590189143e-01,-1.371167421872822922e+00,7.040348021722694048e-03,1.462388195983286079e-02,-1.500963425360745118e-01,-9.749651374261979697e+00,-6.903451461929561717e-01,-1.414597233877850080e+00,-2.141182707122135098e-01,1.498415406348040102e-01,-1.939973277529216111e-01,-4.057166239756183401e+00,4.621421372826532092e+00,7.527045295061770780e+00,-5.346458453761256113e-02,-1.283753806659365115e-01,-5.645207472449159658e-02,-9.422841310912270174e+00,1.490374854286365125e-01,-2.182862123897404860e+00,-1.334348780042960980e-01,-2.274320561374985894e-01,2.993565351583662992e-01,-9.422841310912270174e+00,1.490374854286365125e-01,-2.182862123897404860e+00,-1.334348780042960980e-01,-2.274320561374985894e-01,2.993565351583662992e-01,-7.331691387069780852e+00,-1.458590222266124004e+00,5.917041506907792403e+00,2.041738982078341869e-01,1.459593659559881018e-02,-1.317834252256752103e-01
-9.828187947749910336e+00,4.549544177399433842e-01,-1.359243723033781048e+00,-2.338984521868079855e-02,2.946542966640249006e-02,-1.565108575684789061e-01,-9.830865372433429172e+00,-6.226979317284304649e-01,-1.387822903565028021e+00,-2.059610390667681867e-01,1.481139713172422989e-01,-2.018890838185495862e-01,-4.025018041743770425e+00,4.576874845232461020e+00,7.536070793685748725e+00,-5.994760376908955801e-02,-1.336253503467791093e-01,-6.775513498834094539e-02,-9.381703129028908350e+00,1.201774597188916965e-01,-2.182503011956587802e+00,-1.351608199160480028e-01,-2.300138301154451004e-01,3.360463264351054025e-01,-9.381703129028908350e+00,1.201774597188916965e-01,-2.182503011956587802e+00,-1.351608199160480028e-01,-2.300138301154451004e-01,3.360463264351054025e-01,-7.328855575322497096e+00,-1.362081936357941947e+00,5.950494599347961433e+00,1.560618210816221985e-01,2.688495202353267943e-02,-1.348613190487379099e-01
-1.001123878825437963e+01,6.006470023558370119e-01,-1.360653819801088904e+00,-3.004157279788302951e-02,5.364666174233674069e-03,-1.613236570409339043e-01,-9.869969817975078996e+00,-3.944780509450637185e-01,-1.432341705991879932e+00,-2.382932128643041880e-01,1.551048806083288878e-01,-2.102367068856806909e-01,-3.877901311949214058e+00,4.750111228334393587e+00,7.583265375933210706e+00,-6.487462343945915588e-02,-1.385626278219022067e-01,-9.799453424974172155e-02,-9.541070067826888490e+00,5.087664287624397291e-02,-2.242598714637852098e+00,-1.356895379477061070e-01,-2.342870561115371064e-01,3.704538337922622104e-01,-9.541070067826888490e+00,5.087664287624397291e-02,-2.242598714637852098e+00,-1.356895379477061070e-01,-2.342870561115371064e-01,3.704538337922622104e-01,-7.332541630049541403e+00,-1.112784354462702963e+00,5.803750902341961115e+00,1.666065674076374903e-01,2.650860548218130983e-02,-1.174007288896304069e-01
-1.014696569036783025e+01,6.941253701745775384e-01,-1.272597715977825006e+00,-2.862908488857860909e-02,-4.414683548124140669e-03,-1.723693715938562077e-01,-9.883361889469739481e+00,-3.942729183475596200e-01,-1.383342777555615077e+00,-2.705577225566387911e-01,1.413104885972369940e-01,-2.279452400038975979e-01,-3.926479482548061117e+00,4.489324290059546918e+00,7.677922169562592991e+00,-5.523189720386557922e-02,-1.217374642543585933e-01,-1.121164236170485995e-01,-9.858518128092985222e+00,-3.592704229354177960e-03,-2.377872838912936881e+00,-1.421536747004437107e-01,-2.193340389051922079e-01,3.942780922969055801e-01,-9.858518128092985222e+00,-3.592704229354177960e-03,-2.377872838912936881e+00,-1.421536747004437107e-01,-2.193340389051922079e-01,3.942780922969055801e-01,-7.324842517567819122e+00,-8.635749410842704643e-01,5.536790699960395301e+00,2.326513868028282916e-01,5.718799812430774149e-02,-8.272512274947933786e-02
-1.027214581377748992e+01,7.090630102696100501e-01,-1.206994511096729061e+00,-1.123675034057554020e-02,-7.884580158089493293e-03,-1.739662885493616085e-01,-9.912913798603611326e+00,-7.869234353462585263e-01,-1.024711727991145072e+00,-2.786414196168784940e-01,1.334720768843574989e-01,-2.376770902616789083e-01,-3.979079703858723782e+00,4.305186349981577010e+00,7.623987039611349381e+00,-5.040205647192257804e-02,-1.059418564783520950e-01,-1.188619541038122007e-01,-1.019779531961686914e+01,1.212395714659885021e-01,-2.493284502864415053e+00,-1.621228691989584914e-01,-2.251884889649539978e-01,4.123764206102182861e-01,-1.019779531961686914e+01,1.212395714659885021e-01,-2.493284502864415053e+00,-1.621228691989584914e-01,-2.251884889649539978e-01,4.123764206102182861e-01,-7.323730909318909355e+00,-7.918515588962927731e-01,5.427770248484279136e+00,2.763215486990647229e-01,1.193086456504959952e-01,-2.889024226084689964e-02
-1.032328152569611923e+01,6.377788574348548511e-01,-1.159538890201339045e+00,4.291147564689889830e-03,-2.106107156148091103e-02,-1.835192795292870105e-01,-1.003414286724884974e+01,-1.557251003922796029e+00,-8.469359602137409571e-01,-2.913622029377347933e-01,1.145108008111230952e-01,-2.450501148011240971e-01,-4.118375795388860006e+00,3.825769290451351168e+00,7.797508685193546896e+00,-1.966650599487370851e-02,-5.799434454971635206e-02,-9.331188943497133181e-02,-1.038509089894595050e+01,2.265241331732855135e-01,-2.444891095617948817e+00,-1.746682495124050050e-01,-2.195223719981810040e-01,4.331471265675767013e-01,-1.038509089894595050e+01,2.265241331732855135e-01,-2.444891095617948817e+00,-1.746682495124050050e-01,-2.195223719981810040e-01,4.331471265675767013e-01,-7.319854929872422034e+00,-9.043042018628525414e-01,5.394307238900921675e+00,2.927709930288873164e-01,1.633216994213826101e-01,2.655282746396300103e-02
-1.038476143292206011e+01,5.189873268004142615e-01,-1.093828568767704956e+00,2.278675035833583034e-03,-7.102564940021957596e-02,-1.930591777414230048e-01,-1.024325930221981018e+01,-1.833905935774581941e+00,-6.818496463668261010e-01,-2.398322431231054985e-01,1.103732173696737040e-01,-2.339920372890932909e-01,-4.092429184448519663e+00,3.708702972293883793e+00,7.876341978318957437e+00,4.494023446665378757e-02,-8.462414785973676468e-03,-5.545888066843070868e-02,-1.039436659967305943e+01,2.509147917722351906e-01,-2.290834584154525011e+00,-1.896829165011691132e-01,-2.103064688438479046e-01,4.507995831669425746e-01,-1.039436659967305943e+01,2.509147917722351906e-01,-2.290834584154525011e+00,-1.896829165011691132e-01,-2.103064688438479046e-01,4.507995831669425746e-01,-7.308214208142061352e+00,-1.072676543879385935e+00,5.487845099412065331e+00,3.119320564504127202e-01,1.847061873139773935e-01,6.435903222016843561e-02
-1.040781637242882951e+01,3.498593131551789859e-01,-1.173399170336318020e+00,9.791354230349245263e-03,-1.196094218344831012e-01,-2.135802047195478059e-01,-1.037573567125376073e+01,-1.653183211497053051e+00,-6.975267648898471062e-01,-1.248094800435421980e-01,1.019056949545460028e-01,-2.180974323407479931e-01,-3.991556570818600047e+00,4.042385470362908961e+00,7.842422802027413375e+00,9.181077857193492564e-02,2.765750101038293857e-02,-1.762973448273846833e-02,-1.037675332104243964e+01,4.193478178380600219e-01,-1.998792782881869012e+00,-2.004523670659351109e-01,-2.045334542319778015e-01,4.618905210086433066e-01,-1.037675332104243964e+01,4.193478178380600219e-01,-1.998792782881869012e+00,-2.004523670659351109e-01,-2.045334542319778015e-01,4.618905210086433066e-01,-7.307670468229924943e+00,-1.265946572043002982e+00,5.536513767310382583e+00,3.149702200628964888e-01,2.072818998940013924e-01,7.707195325570752320e-02
-1.028545332491101938e+01,1.766055471962167112e-01,-1.253109941436737929e+00,2.061157882364336030e-02,-1.762425014030490067e-01,-2.293262858467886023e-01,-1.008278818212460948e+01,-1.527026836623285089e+00,-9.802915091436977812e-01,-2.948313461080835987e-02,9.215818894370175762e-02,-1.900779760553865938e-01,-4.118320576934643817e+00,4.161951015803365905e+00,7.768079390838047438e+00,1.338000730670151073e-01,6.597385022665966381e-02,3.103969364700301901e-03,-1.042475060352822069e+01,6.642445363365182542e-01,-1.755233150354307936e+00,-2.107785989542393934e-01,-1.874895253220301983e-01,4.761434424134373122e-01,-1.042475060352822069e+01,6.642445363365182542e-01,-1.755233150354307936e+00,-2.107785989542393934e-01,-1.874895253220301983e-01,4.761434424134373122e-01,-7.298723035059666131e+00,-1.272979983477350086e+00,5.411854476901106104e+00,3.361635817150206984e-01,1.980750865050270870e-01,8.505576597813442608e-02
-1.013059533532721979e+01,-5.028804829707738712e-03,-1.323424893524181911e+00,3.023164013845015125e-02,-1.747055938633128025e-01,-2.230111905635402125e-01,-9.803484736115551712e+00,-1.284165313539693987e+00,-1.071730884513506066e+00,2.080911445536615112e-02,8.964745692010564482e-02,-1.795664119378669876e-01,-4.122042075687081031e+00,4.271756863015942152e+00,7.707259485961540868e+00,1.532013603674310109e-01,9.565121612432682385e-02,1.583327637887823117e-02,-1.044709554716292033e+01,7.904681622625615578e-01,-1.376076184357748033e+00,-2.135690394013919080e-01,-1.936235086045967890e-01,4.876583414235831082e-01,-1.044709554716292033e+01,7.904681622625615578e-01,-1.376076184357748033e+00,-2.135690394013919080e-01,-1.936235086045967890e-01,4.876583414235831082e-01,-7.298555883847381409e+00,-1.129206298184735946e+00,5.336264700229090607e+00,3.648463727279492863e-01,2.120167182905610126e-01,6.436417907418755247e-02
-1.006590639227395911e+01,-2.203385418395175932e-01,-1.434213805219854976e+00,3.539533368454401280e-02,-1.214648109944984067e-01,-2.025070956383213105e-01,-9.637735819249176217e+00,-1.129183522928649985e+00,-1.220727395641211022e+00,-3.797459402334819965e-03,9.165166310703884434e-02,-1.660403906292756970e-01,-4.180246681509733442e+00,4.442346126459067790e+00,7.623896962383883036e+00,1.661439606118094992e-01,1.156662142328873932e-01,2.712658138826865017e-02,-1.041362165832335940e+01,8.034666623807684704e-01,-1.203416541460688993e+00,-2.130023907941409056e-01,-1.799926501307247961e-01,5.082113041836128220e-01,-1.041362165832335940e+01,8.034666623807684704e-01,-1.203416541460688993e+00,-2.130023907941409056e-01,-1.799926501307247961e-01,5.082113041836128220e-01,-7.304303913607541610e+00,-9.022797111740571419e-01,5.349775755258000309e+00,3.786478714830294745e-01,2.126431067131518970e-01,3.746197292197681744e-02
-9.968127553625702575e+00,-3.970314068086152060e-01,-1.468488137494071033e+00,2.918898258011624891e-02,-5.532134983049100119e-02,-1.962528476551813894e-01,-9.417475418347400762e+00,-1.252102644268807907e+00,-1.517042593624507107e+00,-4.281872337256133199e-02,8.110824709927416665e-02,-1.520330221689575878e-01,-4.228583834808785191e+00,4.591605900923729777e+00,7.527035244504315159e+00,1.597664673115803957e-01,1.219598591997242965e-01,4.776983355024185668e-02,-1.031271650437876986e+01,8.639841404688946014e-01,-1.120722474994267026e+00,-1.723077467242785099e-01,-1.799239705978978865e-01,5.226931605917730650e-01,-1.031271650437876986e+01,8.639841404688946014e-01,-1.120722474994267026e+00,-1.723077467242785099e-01,-1.799239705978978865e-01,5.226931605917730650e-01,-7.294178464097977432e+00,-6.934857618006096125e-01,5.363258496210734805e+00,3.682289939219002828e-01,2.043856416074827931e-01,2.604804967873691843e-03
-9.812386416906708320e+00,-5.110834594139360698e-01,-1.437375507740656033e+00,4.220892914457845257e-02,-3.882500528784782988e-03,-1.851950302154297956e-01,-9.120568959843064150e+00,-1.543717931170047963e+00,-1.733046598624071954e+00,-7.223464493002448861e-02,7.678931694052291979e-02,-1.350748698300190120e-01,-4.295704082850051897e+00,4.649320310544283963e+00,7.441469201896076413e+00,1.517152539344913120e-01,1.085195139948172960e-01,5.397650683799803950e-02,-1.022236975869553000e+01,9.027385887318600810e-01,-1.162141880052927068e+00,-1.300274242070753872e-01,-1.925402807016192985e-01,5.372017900794249234e-01,-1.022236975869553000e+01,9.027385887318600810e-01,-1.162141880052927068e+00,-1.300274242070753872e-01,-1.925402807016192985e-01,5.372017900794249234e-01,-7.297798543030300067e+00,-5.991678430990431403e-01,5.280965561424493693e+00,3.774681936055285791e-01,1.675356184681336957e-01,-3.537086854920461210e-02
-9.677502577774484749e+00,-5.495512178151218396e-01,-1.405692825783330990e+00,5.768215932727711187e-02,3.446907062708892688e-02,-1.932704726961609887e-01,-8.984539140511246913e+00,-1.815130300525402918e+00,-1.859928518061247038e+00,-8.372687755206623117e-02,9.297542308557504853e-02,-1.260237719640374954e-01,-4.292848014900812359e+00,4.756539654081037405e+00,7.405408952953333568e+00,1.532751648180379900e-01,8.583401436376597582e-02,4.448482821559073680e-02,-1.013859949764074919e+01,9.191616260267071459e-01,-1.240418493747732054e+00,-8.447241645337026650e-02,-1.782385392536345037e-01,5.580857570367854237e-01,-1.013859949764074919e+01,9.191616260267071459e-01,-1.240418493747732054e+00,-8.447241645337026650e-02,-1.782385392536345037e-01,5.580857570367854237e-01,-7.287564773414517028e+00,-5.319801527688513554e-01,5.127410852517852113e+00,4.272846722000059883e-01,1.665298077122404075e-01,-6.398911845769476858e-02
-9.572733113722017961e+00,-5.615079109508804844e-01,-1.333439723831187029e+00,8.001531245133228221e-02,5.194678408724605345e-02,-1.854030280341721904e-01,-9.167107216777472090e+00,-1.870160104138941071e+00,-1.906827824529538029e+00,-6.608916363287299645e-02,1.086082183758291936e-01,-9.882393343993316204e-02,-4.239274304843885233e+00,4.781308361328944656e+00,7.414401800966133216e+00,1.515924192717585106e-01,7.571591901775710787e-02,2.357053960424744868e-02,-1.005213607615521987e+01,9.068182973781784284e-01,-1.442848061916927049e+00,-5.846623788967410251e-02,-1.750602066403325885e-01,5.758765087983741537e-01,-1.005213607615521987e+01,9.068182973781784284e-01,-1.442848061916927049e+00,-5.846623788967410251e-02,-1.750602066403325885e-01,5.758765087983741537e-01,-7.291828907525164105e+00,-5.227362373212661728e-01,5.098654035876291957e+00,4.285600739466625120e-01,1.677412655518711049e-01,-6.573464410708666772e-02
-9.541619786408963577e+00,-5.469133861016487463e-01,-1.227622799696332034e+00,9.740127194708812775e-02,5.487250639603709346e-02,-1.917160763967037940e-01,-9.820405623852309418e+00,-1.603845006315852029e+00,-1.900095987333197955e+00,-3.237450804467750798e-02,1.111566754550034064e-01,-7.332232087775705787e-02,-4.195101060825076722e+00,4.812173558906596149e+00,7.443649596703241222e+00,1.322461057512946958e-01,6.739670316321764998e-02,2.210572134728347113e-02,-9.880249229649511022e+00,9.643530960639122851e-01,-1.647637262446133954e+00,-3.900193408101974152e-02,-1.798241255882709055e-01,5.888122787417019444e-01,-9.880249229649511022e+00,9.643530960639122851e-01,-1.647637262446133954e+00,-3.900193408101974152e-02,-1.798241255882709055e-01,5.888122787417019444e-01,-7.286760369911338131e+00,-5.698540471138976438e-01,5.247843310282617857e+00,3.952937782466248162e-01,1.508177515748241049e-01,-5.302563552455458185e-02
-9.622150495287883132e+00,-4.776722112596045733e-01,-1.103270511352590022e+00,1.351403651252728877e-01,3.977076015925941344e-02,-2.028419880137256881e-01,-1.026592973812464038e+01,-1.228280164559290899e+00,-1.902374389872266036e+00,-6.656525812607854212e-03,8.985183187554966755e-02,-5.222186184277558679e-02,-4.129086467230542290e+00,4.798395521136371578e+00,7.477438014372976838e+00,1.145251294257736974e-01,7.613653982713196322e-02,1.952763665561711021e-02,-9.517177782689858034e+00,9.631881192683225956e-01,-1.799575697173126043e+00,-2.931267407383700979e-02,-1.814876204188302922e-01,6.147133513243613345e-01,-9.517177782689858034e+00,9.631881192683225956e-01,-1.799575697173126043e+00,-2.931267407383700979e-02,-1.814876204188302922e-01,6.147133513243613345e-01,-7.285985876786479132e+00,-6.462131368360370942e-01,5.503509558696626947e+00,3.907436863796562854e-01,1.205019008376358031e-01,-2.910264394841107979e-02
-9.677336599646219284e+00,-4.216288104004131121e-01,-9.652846391514460223e-01,1.744045099917596875e-01,1.659923519000041855e-02,-2.139857540415741888e-01,-9.962711494026816439e+00,-9.303713351505354945e-01,-1.860118068967965943e+00,-6.731849095505569418e-03,6.742016059542529915e-02,-3.913864216591871753e-02,-4.095231023753806099e+00,4.796470153605540965e+00,7.493192964997020589e+00,9.195410209726365136e-02,6.586157335599464313e-02,1.788867921749378101e-02,-9.215971283208563847e+00,6.564557465403162428e-01,-2.031736569230183864e+00,-2.222342027256552985e-02,-1.907301356671577131e-01,6.326937340342615457e-01,-9.215971283208563847e+00,6.564557465403162428e-01,-2.031736569230183864e+00,-2.222342027256552985e-02,-1.907301356671577131e-01,6.326937340342615457e-01,-7.274346421373154570e+00,-7.027642379615488544e-01,5.501246883957434441e+00,4.195762783846905819e-01,9.590311218096202184e-02,-3.571108328274425793e-03
-9.621016636108267406e+00,-4.411026672445306218e-01,-1.038154330426773964e+00,2.077513573462609897e-01,-1.933977854277016059e-02,-2.217805297861289993e-01,-9.437424882330475384e+00,-8.008299545683276177e-01,-1.748573182516665048e+00,-3.271706375655848709e-02,5.188658459884232937e-02,-4.430895073346782093e-02,-4.081839703969716737e+00,4.646669616929133717e+00,7.504521057571447606e+00,7.259973646923571777e-02,6.378825089707809703e-02,1.146535929327151954e-02,-9.132789347228495558e+00,4.377645481163519037e-01,-2.247671888856935141e+00,-1.085108425861776998e-02,-1.875609664380253061e-01,6.374899485449140313e-01,-9.132789347228495558e+00,4.377645481163519037e-01,-2.247671888856935141e+00,-1.085108425861776998e-02,-1.875609664380253061e-01,6.374899485449140313e-01,-7.280255270521673872e+00,-7.341621606425702273e-01,5.320928386925962705e+00,4.615678206382473059e-01,9.516584152579139755e-02,2.327596751329120972e-02
-9.473166601853497681e+00,-4.746114047628910981e-01,-1.216951637978326950e+00,2.287119555269196136e-01,-9.522342053523039085e-02,-2.152634439441019065e-01,-9.238417962601092270e+00,-8.214505572912571552e-01,-1.701777597403866915e+00,-5.046439631549373694e-02,5.381831178973810886e-02,-5.244572848813770782e-02,-4.029608339803131045e+00,4.553747568003703172e+00,7.538338030788155564e+00,6.932736296152045008e-02,3.769726476901157780e-02,3.529712722195800945e-03,-9.334217208922284570e+00,1.027752593620472998e+00,-2.455127841745520012e+00,3.431840528671344787e-02,-1.765287106898713043e-01,6.259027780729885526e-01,-9.334217208922284570e+00,1.027752593620472998e+00,-2.455127841745520012e+00,3.431840528671344787e-02,-1.765287106898713043e-01,6.259027780729885526e-01,-7.264767851863746628e+00,-8.602028543369639735e-01,5.138303664669206405e+00,4.793496371324795780e-01,8.830974030718527490e-02,5.487916613299712032e-02
-9.331010122567077403e+00,-5.219685086713228284e-01,-1.343165323640987063e+00,2.475126665026927131e-01,-1.276899223888816048e-01,-2.169037457583077866e-01,-9.350797869811387386e+00,-9.214562835831427989e-01,-1.708487813859782989e+00,-5.516349236548419299e-02,6.033420562600384091e-02,-6.677376851355422416e-02,-4.042395059726927364e+00,4.518232140746984093e+00,7.554106183629188287e+00,6.119482981000592958e-02,3.100090253895477002e-02,-2.038289825040772926e-02,-9.586300190023772316e+00,1.808441147634824997e+00,-2.431061111702395916e+00,5.737459330216085340e-02,-1.739057266673472990e-01,6.084207210085140760e-01,-9.586300190023772316e+00,1.808441147634824997e+00,-2.431061111702395916e+00,5.737459330216085340e-02,-1.739057266673472990e-01,6.084207210085140760e-01,-7.262754380220014738e+00,-9.950218667343898593e-01,5.156021856527792657e+00,4.642489927454171994e-01,7.469703862760290747e-02,5.808450623941185248e-02
-9.277738264356443665e+00,-5.951167859526027559e-01,-1.406552998439509095e+00,2.299858150041828864e-01,-1.210424205673427955e-01,-2.200775886733641884e-01,-9.441570257903364904e+00,-1.004506563271297948e+00,-1.730926649290019048e+00,-2.566835527758604130e-02,8.225245842155612386e-02,-8.205671642864174886e-02,-4.032853239148635360e+00,4.477962636626923398e+00,7.554127164056113841e+00,5.947870080746738702e-02,6.362179969853386761e-03,-4.757068087430804670e-02,-9.637205041045501019e+00,2.289469781805054005e+00,-2.274816668698221189e+00,3.794998190133558325e-02,-1.809647182366878881e-01,5.855435281799681313e-01,-9.637205041045501019e+00,2.289469781805054005e+00,-2.274816668698221189e+00,3.794998190133558325e-02,-1.809647182366878881e-01,5.855435281799681313e-01,-7.257068898696378056e+00,-1.080460682470709921e+00,5.187124584570472763e+00,4.566564400588380979e-01,5.188105884022584102e-02,6.763687343611723968e-02
-9.310021111473183453e+00,-7.149479239695540889e-01,-1.399835381987291960e+00,2.075328159900337033e-01,-8.699175231569016009e-02,-2.264974771894283923e-01,-9.423869599575420253e+00,-9.623721465375364437e-01,-1.737457722915088043e+00,6.831222322498928246e-03,9.131087889989322748e-02,-9.623764846737561940e-02,-4.002238748889800135e+00,4.467378010426499735e+00,7.560898437193441346e+00,6.586215011353586946e-02,-1.271855647190844006e-02,-6.168372276093773976e-02,-9.509965830848612356e+00,2.482357000471048014e+00,-2.026861715500443140e+00,-3.445354822341224060e-04,-1.742815638788038912e-01,5.598652780508001081e-01,-9.509965830848612356e+00,2.482357000471048014e+00,-2.026861715500443140e+00,-3.445354822341224060e-04,-1.742815638788038912e-01,5.598652780508001081e-01,-7.254094689471013879e+00,-9.998566633089830402e-01,5.140439063888806004e+00,4.886570270653510795e-01,4.463532753386321994e-02,5.826446174019406926e-02
-9.369703837221173615e+00,-8.234696037024297199e-01,-1.399843816494066973e+00,1.802798213385659043e-01,-5.128061204825175995e-02,-2.345045869319370979e-01,-9.407987883364318904e+00,-9.892518891013035720e-01,-1.650642356231661001e+00,2.323329886191907029e-02,9.105201247744758308e-02,-1.101657192839786970e-01,-4.073862699025293743e+00,4.564011113902950889e+00,7.527067218578461727e+00,7.224506484620506208e-02,-2.144027791594222895e-02,-7.965378005319072308e-02,-9.424046102784984669e+00,2.485028237960654085e+00,-1.900578723690866889e+00,-2.372119143931395932e-02,-1.610933184010316932e-01,5.292523061494712744e-01,-9.424046102784984669e+00,2.485028237960654085e+00,-1.900578723690866889e+00,-2.372119143931395932e-02,-1.610933184010316932e-01,5.292523061494712744e-01,-7.252396786716952093e+00,-9.547419087169388696e-01,5.211689187616068253e+00,5.094802134154746698e-01,9.650405904886263930e-03,6.450506780148584918e-02
-9.343914897132245656e+00,-8.872779811145373730e-01,-1.350324487731670020e+00,1.669329602052981865e-01,-4.326961079352108219e-02,-2.583351167194826159e-01,-9.452379747970287127e+00,-1.006268293848675999e+00,-1.594967880024215967e+00,2.172650309598755936e-02,8.790222130489634689e-02,-1.212338025757054016e-01,-4.038378504867354835e+00,4.531158238923199022e+00,7.551853177900636815e+00,6.897987525783171037e-02,-2.760749656650978920e-02,-9.213588822205995288e-02,-9.391350256914579475e+00,2.287346676918728061e+00,-1.727488022701840098e+00,-3.441829902029135135e-02,-1.614713396623385921e-01,4.869255866377503739e-01,-9.391350256914579475e+00,2.287346676918728061e+00,-1.727488022701840098e+00,-3.441829902029135135e-02,-1.614713396623385921e-01,4.869255866377503739e-01,-7.249893893729939087e+00,-8.155379207077056991e-01,5.069317239650862561e+00,4.988589430917039214e-01,-9.928017272421265152e-03,6.292572899651735496e-02
-9.373291864724876632e+00,-8.865492929945615330e-01,-1.309527821099415013e+00,1.459661566063429061e-01,6.830033679260312171e-03,-2.679580628633517758e-01,-9.612797392428788612e+00,-1.048351820702049908e+00,-1.494860641777723043e+00,-4.078591318740333940e-03,8.997316022683370107e-02,-1.276936787891730929e-01,-4.109524380392151066e+00,4.373401356677558027e+00,7.581174933104548153e+00,4.807294347181734900e-02,-1.824738160496554989e-02,-8.258543813903290731e-02,-9.264664209525923511e+00,1.949398153643582043e+00,-1.453555275643455102e+00,-2.401809544295772925e-02,-1.658056441481368104e-01,4.710311791081254196e-01,-9.264664209525923511e+00,1.949398153643582043e+00,-1.453555275643455102e+00,-2.401809544295772925e-02,-1.658056441481368104e-01,4.710311791081254196e-01,-7.248785814801106397e+00,-5.978517660720854554e-01,4.918100514032213155e+00,4.930015268390102734e-01,-2.939710864054110098e-02,6.147112830355364738e-02
-9.522334167735321486e+00,-7.971207501585927391e-01,-1.286791345540845954e+00,1.313852955783514909e-01,5.037526934137685070e-02,-2.806953076335851893e-01,-9.722868712965675897e+00,-1.141602263771640091e+00,-1.334474595779107098e+00,-2.518161682708376994e-02,8.554877436280070024e-02,-1.296069455322280128e-01,-4.096184394149721797e+00,4.341081194403314747e+00,7.581199595817294856e+00,6.099097579085158150e-02,-1.295025141755178077e-02,-7.451790807712158071e-02,-9.249301780368790915e+00,1.626620727134773015e+00,-1.497226995595057897e+00,1.509592670158049939e-02,-1.696407412472391019e-01,4.761703341453906724e-01,-9.249301780368790915e+00,1.626620727134773015e+00,-1.497226995595057897e+00,1.509592670158049939e-02,-1.696407412472391019e-01,4.761703341453906724e-01,-7.244951353016025664e+00,-4.114382586626996186e-01,4.918218353107236318e+00,4.944665956355567826e-01,-5.668503458241414689e-02,6.785005807332315786e-02
-9.710661726667911609e+00,-6.610422533333591977e-01,-1.207500684008935954e+00,1.294986807974219112e-01,7.121129812640522583e-02,-2.934069295514302733e-01,-9.753880101348332943e+00,-1.147640438700852972e+00,-1.338886498953502979e+00,-4.628729349537191728e-02,7.952408466263406750e-02,-1.315105142577465136e-01,-4.075878939767497044e+00,4.332070932002212160e+00,7.637468436834256025e+00,6.266413350942819094e-02,6.585893074729200040e-03,-6.021156981451038226e-02,-9.322062753628612697e+00,1.359561994918311090e+00,-1.609308102534142026e+00,3.354832910702985199e-02,-1.748706739294851042e-01,4.792196832784307858e-01,-9.322062753628612697e+00,1.359561994918311090e+00,-1.609308102534142026e+00,3.354832910702985199e-02,-1.748706739294851042e-01,4.792196832784307858e-01,-7.252054282223888926e+00,-2.291415478453205090e-01,5.042988523738969775e+00,5.033800975978457437e-01,-6.556024558225999332e-02,5.507311036871233995e-02
-9.821752726827586599e+00,-4.969583643274159135e-01,-1.118925147939888953e+00,1.257392941130985875e-01,6.303826957025465694e-02,-3.124821300644273769e-01,-9.770532436548720057e+00,-9.487511511845410084e-01,-1.356773948784528061e+00,-5.745714628547832908e-02,8.614415342793919905e-02,-1.409800272840041890e-01,-4.000214278850836358e+00,4.349321285065818721e+00,7.682480433514823126e+00,7.397079314698565278e-02,2.128823620574474967e-02,-5.554810009077536942e-02,-9.461959045234570098e+00,1.090897728362711039e+00,-1.818319432985114004e+00,7.444870982912860091e-02,-1.636597553402162064e-01,5.033334647842595544e-01,-9.461959045234570098e+00,1.090897728362711039e+00,-1.818319432985114004e+00,7.444870982912860091e-02,-1.636597553402162064e-01,5.033334647842595544e-01,-7.256576417504860821e+00,-7.398419941272672828e-02,5.081021331916455885e+00,5.260165334281647898e-01,-5.194329266643755300e-02,4.548629791371051195e-02
-9.919716059182725587e+00,-2.957780986336491225e-01,-1.023521292061430055e+00,1.145123762763135961e-01,3.096554450819592047e-02,-3.156275992921180884e-01,-9.840980930084281653e+00,-8.547509368844273814e-01,-1.385677054529272922e+00,-5.264591655621946725e-02,8.445512845355136744e-02,-1.394270159352350991e-01,-3.997409570561496039e+00,4.348015348299234084e+00,7.698227753371979176e+00,7.722918866810679628e-02,3.890522839564965196e-02,-4.941416049517861203e-02,-9.618785629933713111e+00,8.073119688679901707e-01,-1.992543585754493085e+00,9.771253688137043758e-02,-1.579338917651035012e-01,5.369733854375254856e-01,-9.618785629933713111e+00,8.073119688679901707e-01,-1.992543585754493085e+00,9.771253688137043758e-02,-1.579338917651035012e-01,5.369733854375254856e-01,-7.247186117883853029e+00,3.144962660833187235e-02,5.121060622186634603e+00,5.306413620588431579e-01,-3.040359653173365165e-02,3.121486313832334131e-02
-1.004251365482570080e+01,-1.073733570257461023e-01,-9.055453868332982159e-01,1.176812886851785062e-01,3.510206977692299931e-04,-3.140211607977967945e-01,-9.756886001296427580e+00,-1.096784971641405981e+00,-1.501472601628929926e+00,-7.040305163583733539e-02,7.999241850759221395e-02,-1.507857597533572014e-01,-4.094137652108316594e+00,4.368198156405442845e+00,7.648698833814820297e+00,7.562838823547279876e-02,5.247218597835318771e-02,-5.064660350215929863e-02,-9.811297695836454835e+00,6.460310187021859329e-01,-2.164874467128492075e+00,1.172496062649962950e-01,-1.469005767645744920e-01,5.675553358899202427e-01,-9.811297695836454835e+00,6.460310187021859329e-01,-2.164874467128492075e+00,1.172496062649962950e-01,-1.469005767645744920e-01,5.675553358899202427e-01,-7.245849960638572895e+00,8.540161610885950438e-02,5.201227425472917609e+00,5.005257677695923446e-01,-3.058819649102843038e-03,2.486494569238486066e-02
-1.008116413422646040e+01,1.790302212689631007e-03,-8.336245009863494371e-01,1.245504915773149035e-01,-6.092670349359293781e-03,-3.043721755979543753e-01,-9.566454438098517699e+00,-1.294123989234257976e+00,-1.681887564612454034e+00,-8.504386572041681969e-02,7.224259847394180756e-02,-1.477573523056928961e-01,-4.130992914402057181e+00,4.444481286777624440e+00,7.619399631808263074e+00,8.373278155127530931e-02,5.436227022107759793e-02,-3.464644698382091798e-02,-9.985801234475852439e+00,6.089027676082419127e-01,-2.385653074376551164e+00,1.236342365633310014e-01,-1.312324221325927021e-01,6.013244864192652805e-01,-9.985801234475852439e+00,6.089027676082419127e-01,-2.385653074376551164e+00,1.236342365633310014e-01,-1.312324221325927021e-01,6.013244864192652805e-01,-7.245598164570088429e+00,6.752731519307489383e-02,5.290340016302764070e+00,4.853837063656203932e-01,5.688694598045481408e-03,3.434796931005756199e-02
-9.997805690738955420e+00,8.443915847764463245e-02,-8.626184280402083848e-01,1.612018391436816078e-01,-3.546397363815403242e-02,-2.932912882352868844e-01,-9.463894963950162165e+00,-1.437116697790155051e+00,-1.851169502019955004e+00,-8.028700244666428509e-02,5.933803355805739727e-02,-1.397145917824549888e-01,-4.119561099388300285e+00,4.477008801029535690e+00,7.585617998263714412e+00,8.052954885508861738e-02,5.547840032663525767e-02,-2.856628409629018150e-02,-1.003763538983963066e+01,5.389531687313546815e-01,-2.537250951767268781e+00,9.655520420213210830e-02,-1.240070692509153000e-01,6.350568525526160135e-01,-1.003763538983963066e+01,5.389531687313546815e-01,-2.537250951767268781e+00,9.655520420213210830e-02,-1.240070692509153000e-01,6.350568525526160135e-01,-7.244922353120681002e+00,-2.363760808705074167e-03,5.343637305232668666e+00,4.766625051656949164e-01,1.046410197545344020e-02,3.612870572944831132e-02
-9.830274160788604831e+00,1.189689242961104038e-01,-9.869959722398440327e-01,1.713241575480946022e-01,-6.279194299495254039e-02,-2.741645763659031898e-01,-9.503895148379024604e+00,-1.591123273947081085e+00,-1.982559351353706090e+00,-5.445124264666185987e-02,5.566634047877744296e-02,-1.331464693356511075e-01,-4.143689042882282791e+00,4.593309689968785747e+00,7.515792785238133433e+00,7.406182771788905050e-02,4.591577598500844182e-02,-3.312665285677743321e-02,-9.945829981901992412e+00,5.816636459257008562e-01,-2.636481987147170081e+00,7.609414984413463701e-02,-1.190480435380125018e-01,6.578229939810543714e-01,-9.945829981901992412e+00,5.816636459257008562e-01,-2.636481987147170081e+00,7.609414984413463701e-02,-1.190480435380125018e-01,6.578229939810543714e-01,-7.242328524949856572e+00,-1.414753893972492960e-01,5.203479039635493741e+00,4.672609068470526261e-01,1.914139868767944855e-02,3.590035710944172037e-02
-9.689212912242691544e+00,-2.523047991006209870e-02,-1.203816233548067993e+00,1.686923947786344025e-01,-7.219702864736667058e-02,-2.503767954418636976e-01,-9.581899872147761954e+00,-1.470892783431839046e+00,-2.049466495592723092e+00,-3.172072994634832221e-02,4.405792597568469054e-02,-1.310183610484793870e-01,-4.087200058307624673e+00,4.697860850003095834e+00,7.506747328023388732e+00,7.243998405975939081e-02,4.436791548512845212e-02,-3.624021841134426186e-02,-9.842493738723566921e+00,9.626209284974986957e-01,-2.659603563876986154e+00,5.478198748039649763e-02,-1.057579318859026979e-01,6.638452982043727690e-01,-9.842493738723566921e+00,9.626209284974986957e-01,-2.659603563876986154e+00,5.478198748039649763e-02,-1.057579318859026979e-01,6.638452982043727690e-01,-7.235902249861117852e+00,-2.766109812630692111e-01,5.038494486525634031e+00,4.764547768627794277e-01,2.104241826579168056e-02,2.964342069466996063e-02
-9.592273391064889410e+00,-2.866724420632922876e-01,-1.138650589761555088e+00,1.719841953955892899e-01,-5.283753769308537074e-02,-2.409370632635879084e-01,-9.681643829881492636e+00,-1.055972332485336951e+00,-1.975872181018553997e+00,-3.337814611557302774e-02,4.248695131869482250e-02,-1.311273812439789910e-01,-4.024326718758487687e+00,4.691078421916314412e+00,7.545014718256020103e+00,7.079157461607382684e-02,3.588332378051115740e-02,-4.599591356940137266e-02,-9.772521948011895887e+00,1.434461590199263892e+00,-2.657975158163000007e+00,1.734467974033247067e-02,-9.165667520541884161e-02,6.734756892840239040e-01,-9.772521948011895887e+00,1.434461590199263892e+00,-2.657975158163000007e+00,1.734467974033247067e-02,-9.165667520541884161e-02,6.734756892840239040e-01,-7.227467121555081420e+00,-3.958137886363560787e-01,5.033958455470970428e+00,4.373317894772861258e-01,9.545511666045457949e-03,7.503613914176159375e-03
-9.605579874961504672e+00,-5.750440059133027360e-01,-1.065502880035811062e+00,1.901456890976719882e-01,-2.720829085874671913e-02,-2.281085703217700933e-01,-9.616519479925136338e+00,-9.623033453250272595e-01,-1.973766225975460920e+00,-4.949918416285795097e-02,1.877292683114904076e-02,-1.340517510276003910e-01,-4.048197937735221963e+00,4.616814626972908009e+00,7.542802730786680065e+00,5.305437525226443934e-02,3.431628017560311300e-02,-5.051653488975153816e-02,-9.723084636289970106e+00,1.799775093937028947e+00,-2.458435447667481899e+00,-5.446204133130898295e-02,-6.824708342455421128e-02,6.814210606294303085e-01,-9.723084636289970106e+00,1.799775093937028947e+00,-2.458435447667481899e+00,-5.446204133130898295e-02,-6.824708342455421128e-02,6.814210606294303085e-01,-7.226948634061120202e+00,-4.271386312867361812e-01,5.111930876893444164e+00,4.071119726931792249e-01,3.597688992443883078e-03,-4.482975049423891241e-04
-9.644143451593063077e+00,-9.207692336984200088e-01,-1.050304064833404993e+00,1.979673932758632959e-01,-4.806796277933107417e-03,-2.313275547150593914e-01,-9.444158495168144540e+00,-1.231473758790843087e+00,-1.928950769214861971e+00,-7.078083629687190181e-02,2.714876396671047146e-02,-1.333719109181258078e-01,-4.085900803868285358e+00,4.592337168341173559e+00,7.551812930361250231e+00,4.818319782957598135e-02,2.456843189353043883e-02,-5.999671004223756238e-02,-9.688870983402633641e+00,2.005444147517136066e+00,-2.283998304678653835e+00,-1.604900358933958049e-01,-5.125276866153174321e-02,6.813958590154007844e-01,-9.688870983402633641e+00,2.005444147517136066e+00,-2.283998304678653835e+00,-1.604900358933958049e-01,-5.125276866153174321e-02,6.813958590154007844e-01,-7.221838767865719433e+00,-3.306341716580896151e-01,5.138612383111097692e+00,4.221950144551334105e-01,-6.972851406302900575e-03,4.339557609159025268e-03
-9.566846403081459727e+00,-1.227706934058518939e+00,-9.805525449551713013e-01,1.959967674268620064e-01,1.608789460514088027e-02,-2.378010400988641027e-01,-9.363508345456557080e+00,-1.420778453193606072e+00,-1.777606035997266076e+00,-9.016623529017049610e-02,3.069220986337306903e-02,-1.334367442936794101e-01,-4.082345235602603317e+00,4.484537982077640095e+00,7.603631608003455611e+00,4.332954932461709208e-02,2.289842833936258162e-02,-6.633576039811044101e-02,-9.617814142973248437e+00,2.094630259522693994e+00,-1.992322708946498100e+00,-2.639898424621662243e-01,-4.961481664714342821e-02,6.768447235591560363e-01,-9.617814142973248437e+00,2.094630259522693994e+00,-1.992322708946498100e+00,-2.639898424621662243e-01,-4.961481664714342821e-02,6.768447235591560363e-01,-7.224154663779864372e+00,-1.666248080765918016e-01,5.020835224470215685e+00,4.749296228559469757e-01,-7.268039635049629646e-03,7.425489930865400781e-03
-9.498914400238845701e+00,-1.442224518740278016e+00,-9.747871174813824702e-01,1.975574733896610924e-01,4.656544833095130342e-02,-2.472659253817086067e-01,-9.385143488571234371e+00,-1.617146312722413048e+00,-1.650680370802992014e+00,-7.242161425653875773e-02,2.716015541884561971e-02,-1.252903345098312915e-01,-4.119029274511828653e+00,4.377001297602357788e+00,7.626188608970685401e+00,4.811732394730707657e-02,-3.133408780739439965e-03,-7.274126602342810555e-02,-9.591038318349923486e+00,2.078416319662602874e+00,-1.783032656672193017e+00,-3.489986151587499141e-01,-3.735095082785504228e-02,6.687140761473951978e-01,-9.591038318349923486e+00,2.078416319662602874e+00,-1.783032656672193017e+00,-3.489986151587499141e-01,-3.735095082785504228e-02,6.687140761473951978e-01,-7.232536727522047570e+00,-3.849576750718867318e-02,4.862973382631336605e+00,5.080012657648770302e-01,-1.085553606623423928e-02,2.480418912676410001e-02
-9.474394037289609827e+00,-1.545122770821653058e+00,-1.022127856740151053e+00,1.971076857727153964e-01,6.256690460164694711e-02,-2.584691963976493145e-01,-9.498793760454697477e+00,-1.630929644027838910e+00,-1.610605316430187894e+00,-5.145669480429047177e-02,2.036690380180838922e-02,-1.155032714082089990e-01,-4.118398418382435366e+00,4.348307733628777427e+00,7.626200156414535414e+00,4.813414959128953230e-02,-6.131506928367175453e-05,-6.808130494419079026e-02,-9.645055454105717629e+00,2.062168909426774110e+00,-1.653675786780032908e+00,-4.116421754125180743e-01,-4.815379389634721896e-02,6.571284696033485861e-01,-9.645055454105717629e+00,2.062168909426774110e+00,-1.653675786780032908e+00,-4.116421754125180743e-01,-4.815379389634721896e-02,6.571284696033485861e-01,-7.224776445056084739e+00,3.089452490089420952e-02,4.784929122599932860e+00,5.155346882493380134e-01,-1.248700379572070980e-02,4.071705379611818831e-02
-9.437310728450032826e+00,-1.582705764885325994e+00,-1.071754185391555092e+00,1.950056946471981911e-01,7.854720109092828972e-02,-2.744075616551377994e-01,-9.606043569114470770e+00,-1.505974121688365086e+00,-1.653062590145965016e+00,-2.388634850641211879e-02,1.506012044724991915e-02,-1.069292895946359068e-01,-4.091693168881329612e+00,4.361687576396222177e+00,7.635197867640608038e+00,4.974963060514504126e-02,-1.487629715763928078e-04,-6.656391225234047082e-02,-9.707951528509484618e+00,2.118623465468330913e+00,-1.612332390963675977e+00,-4.312308782473857072e-01,-5.455664563658115668e-02,6.555973694956034326e-01,-9.707951528509484618e+00,2.118623465468330913e+00,-1.612332390963675977e+00,-4.312308782473857072e-01,-5.455664563658115668e-02,6.555973694956034326e-01,-7.223123079014356129e+00,8.494452151403661389e-02,4.745248584216379406e+00,4.942634627939325176e-01,-7.140887464378284366e-03,5.169931574755336212e-02
-9.399863471891945821e+00,-1.538001617284276978e+00,-1.094690596609829036e+00,2.041789734723583882e-01,8.146730247931470437e-02,-2.933971875238994831e-01,-9.678817579593259168e+00,-1.385162377361703889e+00,-1.733094963326690996e+00,-6.296594235159403211e-03,1.951930648835829146e-02,-9.280382177636266328e-02,-4.060343185407402800e+00,4.382239338930475014e+00,7.635186982448455950e+00,4.652531753212141991e-02,2.801623241135516983e-03,-6.831481110566370307e-02,-9.695905838291379197e+00,2.067549927906620066e+00,-1.660501919338905896e+00,-4.118315162069117186e-01,-6.248854734486532225e-02,6.571873549237231549e-01,-9.695905838291379197e+00,2.067549927906620066e+00,-1.660501919338905896e+00,-4.118315162069117186e-01,-6.248854734486532225e-02,6.571873549237231549e-01,-7.230817891183749957e+00,1.252342100328465990e-01,4.822840714723320765e+00,4.719185826835600728e-01,-1.567785903253354068e-02,5.671668716268463140e-02
-9.387679111595364390e+00,-1.413034773500857932e+00,-1.121421590912011990e+00,2.058333076941898931e-01,7.826912189827454902e-02,-2.886559804425116171e-01,-9.714013168911499463e+00,-1.269710495488765911e+00,-1.721946661780227039e+00,2.387800682678583946e-04,8.214947041539234079e-03,-9.897956146894132390e-02,-4.076317903356731165e+00,4.379449568064199383e+00,7.644193155983210808e+00,6.586696372664258003e-02,1.604877724654202092e-03,-6.508959296159572139e-02,-9.564518337316787466e+00,1.878981680368998042e+00,-1.694804669555467047e+00,-3.676862781833776794e-01,-7.335694908993989349e-02,6.621069149860850933e-01,-9.564518337316787466e+00,1.878981680368998042e+00,-1.694804669555467047e+00,-3.676862781833776794e-01,-7.335694908993989349e-02,6.621069149860850933e-01,-7.229007383166522693e+00,1.613987041385843979e-01,4.920885941782126238e+00,4.415141124689251906e-01,-2.203485584080765863e-02,6.455377432186160114e-02
-9.469145837895142748e+00,-1.276424456145498043e+00,-1.170893167764994969e+00,2.109843486302203086e-01,4.449646556526871272e-02,-2.774575125494536110e-01,-9.709604661482998722e+00,-1.296685964157477056e+00,-1.641909722983154074e+00,2.144906024948462983e-02,6.245672818164989606e-03,-1.015722947482367022e-01,-4.079917321859512391e+00,4.298440881348411402e+00,7.664491380201320148e+00,7.554188249605027494e-02,5.045653884031656676e-03,-6.349917042353322993e-02,-9.422959523427145712e+00,1.596949318689254049e+00,-1.823355048589387017e+00,-2.908212587896152890e-01,-7.460170355976966650e-02,6.815062837536491891e-01,-9.422959523427145712e+00,1.596949318689254049e+00,-1.823355048589387017e+00,-2.908212587896152890e-01,-7.460170355976966650e-02,6.815062837536491891e-01,-7.221028947732673231e+00,2.016627881288828028e-01,5.045472193611596268e+00,4.250886591037396078e-01,-4.430296250925210705e-02,5.835762280072329805e-02
-9.561440144933328611e+00,-1.183398093058128042e+00,-1.164002871149411034e+00,2.178884905969608876e-01,2.363665334568165050e-02,-2.599259756345517203e-01,-9.650018811796378770e+00,-1.228784644559554939e+00,-1.628433748923379998e+00,2.474261980745057904e-02,4.611727152156128336e-03,-1.127874309217745952e-01,-4.053400045006313235e+00,4.304590138097043273e+00,7.691500484486521572e+00,7.716130809931827372e-02,2.641827639278315071e-02,-6.817825311089718843e-02,-9.337558133702593466e+00,1.351083595979367891e+00,-1.860056938376146052e+00,-2.037303006083248103e-01,-6.138315511906897171e-02,7.056457911741308431e-01,-9.337558133702593466e+00,1.351083595979367891e+00,-1.860056938376146052e+00,-2.037303006083248103e-01,-6.138315511906897171e-02,7.056457911741308431e-01,-7.225998681154022663e+00,2.333346326891460043e-01,5.196857223836317985e+00,4.189716683277235898e-01,-6.399539688451874597e-02,6.153013976116347011e-02
-9.647591693810037228e+00,-1.135207469642870892e+00,-1.176830268953420022e+00,2.211540481422157034e-01,1.887907050169336867e-02,-2.473277769829133055e-01,-9.550764135992240611e+00,-1.157450570417184021e+00,-1.617322160187212088e+00,4.588900739602184281e-02,4.244348048632470664e-03,-1.155881487350503001e-01,-4.046362155587181597e+00,4.286798961089108850e+00,7.682507209174504581e+00,9.327327358937842483e-02,2.316652633985537973e-02,-6.677847440612556806e-02,-9.278901052422973805e+00,1.258927763912432107e+00,-1.933732263207639024e+00,-1.248745433778118002e-01,-5.932553865167840279e-02,7.363608504139905753e-01,-9.278901052422973805e+00,1.258927763912432107e+00,-1.933732263207639024e+00,-1.248745433778118002e-01,-5.932553865167840279e-02,7.363608504139905753e-01,-7.233103191190852321e+00,2.445520549251241904e-01,5.290365898237023856e+00,4.147159967824874949e-01,-7.123306996825336246e-02,5.374712504233956911e-02
-9.649387141095596476e+00,-1.161088250804285016e+00,-1.104505674764856948e+00,2.230300968734675870e-01,1.414081783563917068e-02,-2.346422775480453138e-01,-9.517232739597160318e+00,-1.128810679017500984e+00,-1.601580203496183019e+00,4.914367898411420993e-02,-5.894315401459091896e-04,-1.268817544200546987e-01,-4.050492343568784293e+00,4.294325901792227285e+00,7.666743594890338187e+00,9.489414679603956626e-02,1.960968482906097834e-02,-6.220957595340224217e-02,-9.270498401309062331e+00,1.407407900862321037e+00,-2.000784012596640071e+00,-6.397422119412932151e-02,-4.941954801622371052e-02,7.621707876902458212e-01,-9.270498401309062331e+00,1.407407900862321037e+00,-2.000784012596640071e+00,-6.397422119412932151e-02,-4.941954801622371052e-02,7.621707876902458212e-01,-7.234744969257802971e+00,2.132241362684564878e-01,5.303698786453922231e+00,4.281688886079552114e-01,-6.830316186297280545e-02,5.366466183934266027e-02
-9.587722020301981729e+00,-1.181123314491224097e+00,-9.690238981405903118e-01,2.436154103160426965e-01,1.065656595544504058e-02,-2.330937201725676866e-01,-9.527720935046598782e+00,-1.175081046446144972e+00,-1.683998110445920959e+00,4.763776584268297754e-02,-1.333796854168995023e-02,-1.394725751770284905e-01,-4.033249390673295132e+00,4.318319898034048698e+00,7.653234605461705975e+00,1.029323681910744026e-01,2.968119247544109829e-02,-7.167907674557834341e-02,-9.374544684602019728e+00,1.677642430648125016e+00,-2.017269873383110035e+00,-3.289768234198037905e-02,-4.301421247975849987e-02,7.879626401499513211e-01,-9.374544684602019728e+00,1.677642430648125016e+00,-2.017269873383110035e+00,-3.289768234198037905e-02,-4.301421247975849987e-02,7.879626401499513211e-01,-7.231830099167659398e+00,1.727559589506426907e-01,5.256924134475778665e+00,4.432119330030981907e-01,-7.123878821100963765e-02,4.727961078622003321e-02
-9.605945046619790872e+00,-1.209810303386479102e+00,-9.241887928941344699e-01,2.705877951429601080e-01,3.118924824437440887e-02,-2.362664539571575906e-01,-9.549721916293430368e+00,-1.219247591300780975e+00,-1.835558584918046021e+00,5.111533676447861663e-02,-5.366845238931756620e-03,-1.535129967824034047e-01,-4.034350123087196316e+00,4.396647701830394439e+00,7.639692118447041658e+00,1.077705992081934017e-01,2.981545655461343911e-02,-7.005955866850675784e-02,-9.510219180844018183e+00,1.963614789888358025e+00,-2.015547975749990783e+00,-2.393130123081039021e-02,-3.791751288671987852e-02,8.123302872469466696e-01,-9.510219180844018183e+00,1.963614789888358025e+00,-2.015547975749990783e+00,-2.393130123081039021e-02,-3.791751288671987852e-02,8.123302872469466696e-01,-7.251371319405735427e+00,1.414057798050440129e-01,5.172340209418679002e+00,4.705291088076379857e-01,-6.973044640023584595e-02,4.893225419249264130e-02
-9.613688099597403891e+00,-1.265914479603525100e+00,-9.283879865057146352e-01,2.797705610194853865e-01,2.941074771671561144e-02,-2.411239490870638047e-01,-9.563249591850798481e+00,-1.351539337786280992e+00,-1.940214433516511017e+00,7.866440640345041813e-02,-1.544932244108086945e-02,-1.563717853936502922e-01,-4.059875094965584630e+00,4.480014187179288676e+00,7.614888502774561196e+00,1.141793592971168947e-01,3.150025731493257680e-02,-8.284855215833257513e-02,-9.607713922450676236e+00,2.226877706309406957e+00,-1.981522253823839064e+00,-3.151320356464364786e-02,-3.612151109009899969e-02,8.237649312827987069e-01,-9.607713922450676236e+00,2.226877706309406957e+00,-1.981522253823839064e+00,-3.151320356464364786e-02,-3.612151109009899969e-02,8.237649312827987069e-01,-7.248278673855642396e+00,9.883978072793127290e-02,5.150043869753240244e+00,4.823771618563654773e-01,-7.124105857065940461e-02,4.245153447300036714e-02
-9.570564504705140862e+00,-1.293305517080473921e+00,-9.264950248769943109e-01,2.863772959274681895e-01,2.292614725203690959e-02,-2.362950318358214008e-01,-9.467436198643735423e+00,-1.501186440903272024e+00,-2.044954057396282110e+00,9.160881240755350263e-02,-4.128814999118909229e-02,-1.543771261842362963e-01,-4.118953762930003926e+00,4.552085587275574774e+00,7.574335205220127598e+00,1.092931820977770946e-01,7.132285177788804005e-03,-9.230017795978602557e-02,-9.556835850682350753e+00,2.386240989860037853e+00,-2.075925469765843800e+00,-3.847722247981681665e-02,-3.953376101017080924e-02,8.269523830151152000e-01,-9.556835850682350753e+00,2.386240989860037853e+00,-2.075925469765843800e+00,-3.847722247981681665e-02,-3.953376101017080924e-02,8.269523830151152000e-01,-7.250203010200372944e+00,6.729621867212455533e-02,5.174515323282705914e+00,4.765125521443300816e-01,-8.173145464386351311e-02,4.415458811645375792e-02
-9.579471464856583296e+00,-1.304211429495532037e+00,-9.626237260795152961e-01,2.895492827296116123e-01,1.966358700901721032e-02,-2.362923732179638969e-01,-9.324555797734941365e+00,-1.489896950951143051e+00,-1.964703986183552020e+00,1.094147623963666049e-01,-4.960124037695254340e-02,-1.557857236412373003e-01,-4.085041707195387950e+00,4.534196148360534195e+00,7.596851767558998603e+00,9.794116144727373074e-02,-1.322550839039233952e-03,-1.146606754671233991e-01,-9.479709410187588503e+00,2.422940632118911086e+00,-2.080498236781473054e+00,-3.549120713061439114e-02,-4.754904004030942322e-02,8.221167145748632388e-01,-9.479709410187588503e+00,2.422940632118911086e+00,-2.080498236781473054e+00,-3.549120713061439114e-02,-4.754904004030942322e-02,8.221167145748632388e-01,-7.254706370945426919e+00,9.237394287859479469e-02,5.214770396221532600e+00,4.837252887132674761e-01,-1.153193522291775935e-01,4.558660740752547985e-02
-9.652141292649261572e+00,-1.314603388133992912e+00,-1.039461900715558107e+00,2.544882762158612866e-01,8.783118605684089170e-03,-2.457496275804169905e-01,-9.395648406254558438e+00,-1.490761677984719924e+00,-1.759706459184747995e+00,1.271474340624836885e-01,-6.112027498406855802e-02,-1.541110274111870126e-01,-4.110122032457814711e+00,4.422764787620143245e+00,7.619407351507908821e+00,1.011297306540095975e-01,-6.401901947022891302e-03,-1.243788497511373048e-01,-9.315129764880802909e+00,2.351037922358362842e+00,-1.903551234832070005e+00,-3.149616415546532822e-02,-6.776340865779703626e-02,8.305486442822030968e-01,-9.315129764880802909e+00,2.351037922358362842e+00,-1.903551234832070005e+00,-3.149616415546532822e-02,-6.776340865779703626e-02,8.305486442822030968e-01,-7.262655455525498738e+00,1.550667886777613025e-01,5.190165583954719608e+00,4.977225293793718919e-01,-1.221108280607832025e-01,2.836818742943561164e-02
-9.668423146238545485e+00,-1.328367445956029957e+00,-1.066971715701594992e+00,2.465961692685532114e-01,-1.209446372781479082e-02,-2.519777118976165853e-01,-9.555388997476116586e+00,-1.417798472749592031e+00,-1.726354482381075917e+00,1.271619532998387037e-01,-7.232352044140991087e-02,-1.539456493252318869e-01,-4.087318158908802346e+00,4.356895285161982656e+00,7.644204939168750101e+00,8.500488623762966767e-02,-1.122811021024999051e-02,-1.273290724782470962e-01,-9.168522648552666965e+00,2.344444397575939032e+00,-1.779213733471586067e+00,-1.232568881420693018e-03,-5.851774927559565131e-02,8.318839797546287995e-01,-9.168522648552666965e+00,2.344444397575939032e+00,-1.779213733471586067e+00,-1.232568881420693018e-03,-5.851774927559565131e-02,8.318839797546287995e-01,-7.268256867084802231e+00,2.494939963498649937e-01,5.025510102604537899e+00,5.082576890945654791e-01,-1.171421257145495026e-01,4.504769097594572662e-03
-9.576775403579780743e+00,-1.330692153628155072e+00,-1.041680320067092103e+00,2.351148418478148094e-01,-2.164240653112370003e-02,-2.568349554022377190e-01,-9.695478172851679233e+00,-1.325365414226951088e+00,-1.672999105800800912e+00,1.514936592031173868e-01,-7.596604041326104895e-02,-1.486844096098267898e-01,-4.060306538398288367e+00,4.357036352298899295e+00,7.680213789999993601e+00,9.790329310487301540e-02,-1.518677317240100036e-03,-1.275289545461623097e-01,-9.092128609631172864e+00,2.402995785246873961e+00,-1.710399839882555950e+00,4.651406596173812691e-02,-5.339253991307388314e-02,8.367134134985539928e-01,-9.092128609631172864e+00,2.402995785246873961e+00,-1.710399839882555950e+00,4.651406596173812691e-02,-5.339253991307388314e-02,8.367134134985539928e-01,-7.267866615837609068e+00,3.751553939759246781e-01,4.874230720066316636e+00,5.099224266689944551e-01,-1.271117181679010943e-01,-2.081784250817040119e-02
-9.504229173070116943e+00,-1.338410610620041963e+00,-9.967520530679027102e-01,2.244374603746039087e-01,-1.977085735950352002e-02,-2.440919114707895132e-01,-9.812246061904239980e+00,-1.268233532362539107e+00,-1.559366039755041955e+00,1.531727449783895079e-01,-7.277719098247531493e-02,-1.566864810684530929e-01,-4.057251881860524989e+00,4.289659508360435858e+00,7.696003171001391863e+00,1.075541855302774991e-01,-3.082360632474856043e-03,-1.323848803557040876e-01,-9.011501810492131170e+00,2.486042701921264975e+00,-1.634627415882770940e+00,9.719763000495282301e-02,-6.897870053324452189e-02,8.432917310319849591e-01,-9.011501810492131170e+00,2.486042701921264975e+00,-1.634627415882770940e+00,9.719763000495282301e-02,-6.897870053324452189e-02,8.432917310319849591e-01,-7.282795566584058022e+00,4.989592206022436804e-01,4.751894538195471362e+00,5.068382808505313974e-01,-1.268853446766171067e-01,-3.356190760696586839e-02
-9.538651900534121708e+00,-1.367575577318018931e+00,-1.046983922625976060e+00,2.247884679327500079e-01,-2.296469940744932936e-02,-2.407935668786073957e-01,-9.834403276080514900e+00,-1.278945790422284956e+00,-1.483642175887754044e+00,1.500120371567358057e-01,-6.470550371952275837e-02,-1.630990016815928867e-01,-4.084087414208451783e+00,4.241622726680387423e+00,7.714036960900200413e+00,1.269069295741757919e-01,1.063839019276452066e-02,-1.305978679888702976e-01,-9.003790192652152413e+00,2.698901318368719160e+00,-1.446305035380371917e+00,1.382926859925865115e-01,-7.654266955655034121e-02,8.320513874996995352e-01,-9.003790192652152413e+00,2.698901318368719160e+00,-1.446305035380371917e+00,1.382926859925865115e-01,-7.654266955655034121e-02,8.320513874996995352e-01,-7.286805712729337081e+00,6.090349949488038650e-01,4.789813045905419564e+00,4.904229562332427239e-01,-1.265129460146106888e-01,-4.616603283364387883e-02
-9.562924223700221660e+00,-1.408569149005157950e+00,-1.013040708659445954e+00,2.457174709994900119e-01,-1.184911783531275055e-02,-2.265591163219118909e-01,-9.723253234639063436e+00,-1.225058308888590908e+00,-1.403342757122808981e+00,1.418748217335933093e-01,-6.295341657963555992e-02,-1.665670325983520106e-01,-3.985211242140772825e+00,4.205207698740771605e+00,7.770329916472732634e+00,1.269735521183041893e-01,3.487108888610315760e-02,-1.163914101323138967e-01,-9.052498755092031502e+00,2.839511982716115934e+00,-1.393567308416711059e+00,1.777350344335675014e-01,-7.937877236570294037e-02,8.207626067785133150e-01,-9.052498755092031502e+00,2.839511982716115934e+00,-1.393567308416711059e+00,1.777350344335675014e-01,-7.937877236570294037e-02,8.207626067785133150e-01,-7.294429216210989608e+00,6.857683379389234446e-01,4.854413979403098267e+00,4.826201867422654224e-01,-1.222330059016409065e-01,-3.994893797791253254e-02
-9.582659411094432755e+00,-1.449611042758178980e+00,-9.723298334890013717e-01,2.811295299535188086e-01,2.362668640007253851e-03,-2.043983245229933909e-01,-9.568911392002439342e+00,-1.449035836966666935e+00,-1.481547718267020031e+00,1.259399390513921135e-01,-6.745035785503257497e-02,-1.773191279409855881e-01,-4.064070006081749398e+00,4.266563348449290416e+00,7.698270125633282390e+00,1.318448583994437096e-01,3.991025350377957331e-02,-1.052034000088307025e-01,-9.017037485363758265e+00,2.563582318178590835e+00,-1.285067787051449972e+00,2.172829265268823862e-01,-1.089648296157354063e-01,7.822577507634893568e-01,-9.017037485363758265e+00,2.563582318178590835e+00,-1.285067787051449972e+00,2.172829265268823862e-01,-1.089648296157354063e-01,7.822577507634893568e-01,-7.297877481594614579e+00,7.531206689834579748e-01,4.923468842794053835e+00,4.888310387589375194e-01,-1.236636428275111055e-01,-3.985832585072632273e-02
-9.577616723419785316e+00,-1.482672426885667916e+00,-1.037856919575053105e+00,2.941159456595124899e-01,5.508275210539199766e-03,-1.932932602928343069e-01,-9.350289020042875876e+00,-1.730647575200150889e+00,-1.681969215290550990e+00,1.274078090513895978e-01,-6.750022357678178708e-02,-1.663290741902916925e-01,-4.127692991859521321e+00,4.356909515043027703e+00,7.623947180869656393e+00,1.350872571825076085e-01,3.676075338315717284e-02,-9.720756279090173035e-02,-8.810739622638166679e+00,1.863179588230597927e+00,-1.079332636935169010e+00,2.451260383136975862e-01,-1.465383010945791042e-01,7.098242485863759388e-01,-8.810739622638166679e+00,1.863179588230597927e+00,-1.079332636935169010e+00,2.451260383136975862e-01,-1.465383010945791042e-01,7.098242485863759388e-01,-7.305035691723786861e+00,7.870282284517379212e-01,5.003627918963301724e+00,4.978262103134429850e-01,-1.011255010380022051e-01,-3.834558125831497022e-02
-9.542555762438185596e+00,-1.508767372205835011e+00,-1.096214904238242083e+00,2.881522863001608203e-01,8.997621540467685280e-03,-1.727319155035506870e-01,-9.245353781861497922e+00,-1.851169465474733045e+00,-1.759785745350207042e+00,1.240211119805079004e-01,-6.264836642665881639e-02,-1.619486384670998091e-01,-4.135015008167974848e+00,4.408640079460181660e+00,7.583409785378359302e+00,1.350779259007305055e-01,3.676124542125149691e-02,-1.003936269750932003e-01,-8.477423365926270549e+00,1.193331014039975990e+00,-8.005227802161244410e-01,2.883491510683364734e-01,-1.622679279219730875e-01,6.068932347708287933e-01,-8.477423365926270549e+00,1.193331014039975990e+00,-8.005227802161244410e-01,2.883491510683364734e-01,-1.622679279219730875e-01,6.068932347708287933e-01,-7.309671061371236789e+00,8.007655362177416025e-01,5.143869727778148437e+00,4.795787776387683277e-01,-1.013241655863983959e-01,-3.046317927236787126e-02
-9.628413866889635742e+00,-1.536285002670078059e+00,-1.188736440470721911e+00,2.678065652974456756e-01,1.901964806659105917e-02,-1.632003064512826118e-01,-9.307137914932939182e+00,-2.082716276089015217e+00,-1.788923751531259931e+00,1.368349606778146987e-01,-5.332953155747090224e-02,-1.362545805485687045e-01,-4.196954692877701731e+00,4.373504214328589157e+00,7.554161168846255769e+00,1.253948092762764976e-01,2.524222789068585049e-02,-1.019394885564989944e-01,-8.115911855580112189e+00,4.457723554793178167e-01,-6.755299976791286909e-01,3.341563004404414783e-01,-1.877964396876380115e-01,5.006837950896598777e-01,-8.115911855580112189e+00,4.457723554793178167e-01,-6.755299976791286909e-01,3.341563004404414783e-01,-1.877964396876380115e-01,5.006837950896598777e-01,-7.309431725472605557e+00,7.647788956946117711e-01,5.310795127668738402e+00,4.420352931313440981e-01,-9.077894954705513497e-02,-2.241798824099186169e-02
-9.804900155554312491e+00,-1.582273971670314916e+00,-1.256379161692366964e+00,2.538479037728907928e-01,2.414033863486675022e-02,-1.520774292828978025e-01,-9.346865263619832831e+00,-1.973970837813421975e+00,-1.864689247525370019e+00,1.481210826366962108e-01,-5.034963791038792741e-02,-1.265476447305237118e-01,-4.151597007110980009e+00,4.466705373673460322e+00,7.581129567894622667e+00,1.205446801034975035e-01,4.143561373490015423e-03,-1.002330153460185003e-01,-7.880612543486084753e+00,-4.688653794330681079e-01,-5.504865109325729478e-01,3.974072662231967756e-01,-2.158073098866638007e-01,3.736624125450753175e-01,-7.880612543486084753e+00,-4.688653794330681079e-01,-5.504865109325729478e-01,3.974072662231967756e-01,-2.158073098866638007e-01,3.736624125450753175e-01,-7.311540448813784288e+00,7.627821646790666765e-01,5.424311689268117576e+00,4.237794866566472196e-01,-8.020588126392821926e-02,-2.568059132544561057e-02
-9.852259488043555891e+00,-1.623513531534162002e+00,-1.240748191244289034e+00,2.317638461913598125e-01,3.089359546111532934e-02,-1.504517919118925906e-01,-9.501575879388813206e+00,-1.768224565894978006e+00,-1.920314790981223041e+00,1.495320492985001137e-01,-5.360973817163461330e-02,-1.107961547449899942e-01,-4.108826095266214118e+00,4.464652370364704304e+00,7.623892010551611698e+00,1.157050598013578957e-01,1.198897738301205919e-02,-1.051447868141986014e-01,-7.810076849872792160e+00,-1.018691682875884963e+00,-4.072613345373057858e-01,4.813546834320456824e-01,-2.328669086405096011e-01,2.302367137644555084e-01,-7.810076849872792160e+00,-1.018691682875884963e+00,-4.072613345373057858e-01,4.813546834320456824e-01,-2.328669086405096011e-01,2.302367137644555084e-01,-7.318105744873013130e+00,7.584733401777439266e-01,5.482275770825538075e+00,4.101580359106585250e-01,-8.191296254364802132e-02,-2.094000859256342842e-02
-9.899309628515045034e+00,-1.637834454447979926e+00,-1.308176063827819924e+00,2.239273444421580050e-01,3.429200601933105746e-02,-1.425687993531470077e-01,-9.675376480924647637e+00,-1.758613606273742080e+00,-1.808827744558610062e+00,1.541667021853155017e-01,-4.891728555965906694e-02,-9.841315110783969977e-02,-4.092620828607490324e+00,4.403591170135898736e+00,7.662187138719255941e+00,1.173189678550644044e-01,2.354854406006664028e-02,-1.082541793501403948e-01,-7.833052378734183918e+00,-1.084780570041848025e+00,-3.472028365314707155e-01,5.809772768610860227e-01,-2.469940927446405976e-01,8.018778131313832047e-02,-7.833052378734183918e+00,-1.084780570041848025e+00,-3.472028365314707155e-01,5.809772768610860227e-01,-2.469940927446405976e-01,8.018778131313832047e-02,-7.320430710317163303e+00,7.765393922963017559e-01,5.422365367291893890e+00,4.115785869677134889e-01,-8.531384770003121176e-02,-1.465874624693918986e-02
-9.912566481702304699e+00,-1.650556756752368015e+00,-1.312564787803556898e+00,2.395780935124295907e-01,3.564570286687023665e-02,-1.473792915555104110e-01,-9.725025269607074918e+00,-1.731460289045305023e+00,-1.617330025269184013e+00,1.459594249701746949e-01,-5.679862750206469274e-02,-8.730002135899818383e-02,-4.096218994661063206e+00,4.345510045197150895e+00,7.695972675991877843e+00,1.125002477212615065e-01,3.322654906845599193e-02,-1.066645542501094973e-01,-7.953686587415311315e+00,-8.740438489391925136e-01,-4.256169836309514065e-01,6.634623184375429972e-01,-2.671058109034697980e-01,-7.448885478338652943e-02,-7.953686587415311315e+00,-8.740438489391925136e-01,-4.256169836309514065e-01,6.634623184375429972e-01,-2.671058109034697980e-01,-7.448885478338652943e-02,-7.327706292514790221e+00,8.170193168376395088e-01,5.388921056674544907e+00,4.251953483936404821e-01,-9.114709089646354234e-02,-1.938850631733624041e-02
-9.865945532152000652e+00,-1.632398330580633994e+00,-1.263462277142380907e+00,2.619849740902219226e-01,3.371820302555125076e-02,-1.488613783434218074e-01,-9.685930340307372433e+00,-1.656878135444646016e+00,-1.512631498287589027e+00,1.328082764191252096e-01,-6.140181080653016321e-02,-7.162281667258990625e-02,-4.080017077455574181e+00,4.295924366259007421e+00,7.718506466575073333e+00,1.221956662129898979e-01,4.310938923388447225e-02,-1.003434629323252947e-01,-8.156396521915185716e+00,-6.059244058169211966e-01,-5.635127165351621059e-01,7.198707205006429355e-01,-2.960126084070491270e-01,-2.276771725675703906e-01,-8.156396521915185716e+00,-6.059244058169211966e-01,-5.635127165351621059e-01,7.198707205006429355e-01,-2.960126084070491270e-01,-2.276771725675703906e-01,-7.325629556425831801e+00,8.122893908616241054e-01,5.370937011875407840e+00,4.223750938962912982e-01,-8.624570874924897268e-02,-2.243631393512614952e-02
-9.933739064482290715e+00,-1.669119249094376034e+00,-1.322295057999854029e+00,2.777135736955619882e-01,4.793466431192878324e-02,-1.552206071302066892e-01,-9.608007707540926035e+00,-1.631371123017155922e+00,-1.463569952220671100e+00,1.196037948361725056e-01,-6.760747821821581904e-02,-5.445488375775386219e-02,-4.091264338219073871e+00,4.270641870093582426e+00,7.714022330586031373e+00,1.270696331394796930e-01,5.488847763563280829e-02,-9.060715210493947014e-02,-8.358717898941318225e+00,-4.228904963576580744e-01,-6.603618869318331752e-01,7.504252383169774943e-01,-3.351748591404337119e-01,-3.804356558853352888e-01,-8.358717898941318225e+00,-4.228904963576580744e-01,-6.603618869318331752e-01,7.504252383169774943e-01,-3.351748591404337119e-01,-3.804356558853352888e-01,-7.334519281653946621e+00,8.078287006533726444e-01,5.364267262486663412e+00,4.255322904523787808e-01,-9.359250585791607790e-02,-2.870732875139801049e-02
-1.000753927322404024e+01,-1.711191149879812023e+00,-1.321893636399412042e+00,2.808601901918392763e-01,5.438914220791118276e-02,-1.489697202488980965e-01,-9.563226103074548234e+00,-1.661026444270504943e+00,-1.445845057101895925e+00,1.163890111192403959e-01,-8.035795704123153971e-02,-5.263741274888859151e-02,-4.097704187611974191e+00,4.296394145139579734e+00,7.702747877388850917e+00,1.254951999258960005e-01,5.938557171383580802e-02,-7.968450381507583002e-02,-8.489081476131618231e+00,-3.098106731413526882e-01,-7.709433479571826675e-01,7.564532377262477292e-01,-3.522967420707984187e-01,-5.398645456381337970e-01,-8.489081476131618231e+00,-3.098106731413526882e-01,-7.709433479571826675e-01,7.564532377262477292e-01,-3.522967420707984187e-01,-5.398645456381337970e-01,-7.333845929034851885e+00,7.651080453471977849e-01,5.326398415976971279e+00,4.451720765133729829e-01,-9.643741087510118715e-02,-3.823577398540794342e-02
-1.002342728696305052e+01,-1.730854426051716910e+00,-1.263362979273858988e+00,2.984942758279688912e-01,5.097439911908732690e-02,-1.441822615898794013e-01,-9.578338468648045279e+00,-1.664836647096956002e+00,-1.496932887908619891e+00,1.065049777594238994e-01,-7.219377222003144079e-02,-4.678282842129945218e-02,-4.077601843702897355e+00,4.303128580441636153e+00,7.698244948783064423e+00,1.368052602685201902e-01,7.735895719636337597e-02,-7.501318492628628043e-02,-8.582149913076086989e+00,-3.037377597870938861e-01,-9.227112348443968770e-01,7.505435027800800851e-01,-3.744863137008894727e-01,-6.912239207984358647e-01,-8.582149913076086989e+00,-3.037377597870938861e-01,-9.227112348443968770e-01,7.505435027800800851e-01,-3.744863137008894727e-01,-6.912239207984358647e-01,-7.330720008445742231e+00,7.134642297433468894e-01,5.295195919130463835e+00,4.661775716093715105e-01,-9.345255660842173573e-02,-4.149532153374468901e-02
-1.002533265044550070e+01,-1.747982466444685024e+00,-1.197794036918262028e+00,2.971520350926724063e-01,5.270439225760258778e-02,-1.330943656797536068e-01,-9.697099076339691592e+00,-1.656716890011125098e+00,-1.541587781898563936e+00,1.015847900310052065e-01,-7.373228041917644082e-02,-3.556677031879700024e-02,-4.082167249617839389e+00,4.300697412495270378e+00,7.693746281343258886e+00,1.432600939556288033e-01,8.731800725881826153e-02,-7.497643197634952517e-02,-8.711061617377941602e+00,-4.037500827584988849e-01,-9.339687071439430888e-01,7.556226426555218145e-01,-3.873643082098149892e-01,-8.395107312482706918e-01,-8.711061617377941602e+00,-4.037500827584988849e-01,-9.339687071439430888e-01,7.556226426555218145e-01,-3.873643082098149892e-01,-8.395107312482706918e-01,-7.343578705106049043e+00,6.798434986059426199e-01,5.266251259228067916e+00,4.693117840561212839e-01,-8.589381228356655906e-02,-3.986055289090627285e-02
-1.002904011712499077e+01,-1.731877626414058957e+00,-1.157953124721244897e+00,2.945069262288708134e-01,5.117487642765029821e-02,-1.281408119445806015e-01,-9.744309298876689951e+00,-1.656291546332907982e+00,-1.619644235459942072e+00,1.048232301862001975e-01,-7.540473435753596021e-02,-2.899199444491913982e-02,-4.102630635642698032e+00,4.311690091541287018e+00,7.673486183528247295e+00,1.513623425137076983e-01,1.006569049128867993e-01,-6.372998479551218731e-02,-8.900704276728429676e+00,-4.675470589421760748e-01,-9.385353611509498206e-01,7.662799116733227667e-01,-4.046561107218000775e-01,-9.795972436529961636e-01,-8.900704276728429676e+00,-4.675470589421760748e-01,-9.385353611509498206e-01,7.662799116733227667e-01,-4.046561107218000775e-01,-9.795972436529961636e-01,-7.345445856398479023e+00,6.551788608184985208e-01,5.297399603297698434e+00,4.602828876056497265e-01,-7.675760997375050132e-02,-4.303526888727859240e-02
-1.002251759413826981e+01,-1.669712111460313952e+00,-1.096485780887521022e+00,3.024199098234356953e-01,3.985728911315764011e-02,-1.218663249533113030e-01,-9.713808742796471662e+00,-1.724869275198265051e+00,-1.648462333965841076e+00,9.821458863754971291e-02,-7.849068859624452887e-02,-2.777373757344130112e-02,-4.122217759768251000e+00,4.331118638466531223e+00,7.657710033559857798e+00,1.513300372154608997e-01,1.017998827737778972e-01,-7.519345228695017980e-02,-9.035737947912405588e+00,-3.164890879257010181e-01,-9.592909180235811295e-01,8.004321024999804246e-01,-4.160616098790935191e-01,-1.102111861587192987e+00,-9.035737947912405588e+00,-3.164890879257010181e-01,-9.592909180235811295e-01,8.004321024999804246e-01,-4.160616098790935191e-01,-1.102111861587192987e+00,-7.347723405526298102e+00,6.598855566628992753e-01,5.426503956250673610e+00,4.661408220789309831e-01,-8.012504254657089320e-02,-3.041628108170036857e-02
-9.966059097837442593e+00,-1.617306508201195925e+00,-1.073593195982488036e+00,3.201862527888580945e-01,7.566552133866662373e-03,-1.060046647398621006e-01,-9.669694321891492805e+00,-1.818082873918029030e+00,-1.601601549084125109e+00,1.289097386207181950e-01,-8.544122513904774119e-02,-2.439044719640591843e-02,-4.140366434964357190e+00,4.300939745241043610e+00,7.655481390783029916e+00,1.545484769462442953e-01,1.154024254796826993e-01,-8.124405604891038468e-02,-9.113000518076395551e+00,-7.118853145242151625e-02,-1.005740548433105008e+00,8.501728232836758270e-01,-4.301910864878026874e-01,-1.203519222911654918e+00,-9.113000518076395551e+00,-7.118853145242151625e-02,-1.005740548433105008e+00,8.501728232836758270e-01,-4.301910864878026874e-01,-1.203519222911654918e+00,-7.348368453697348812e+00,7.048949690608108387e-01,5.455468716461305156e+00,4.690939119170723925e-01,-7.416347950417286061e-02,-2.887401085235321088e-02
-9.837372165304028471e+00,-1.584582256453612947e+00,-1.132614340603852021e+00,3.299819427395159765e-01,-2.793681323205738157e-02,-1.011285630722010970e-01,-9.543551316662394868e+00,-1.785111867918514061e+00,-1.621816727445124062e+00,1.451569522137262924e-01,-7.455222568878784595e-02,-1.278682234819315984e-02,-4.166608748564988751e+00,4.318205122371679749e+00,7.639705261050687923e+00,1.594046085652094935e-01,1.067647797828411987e-01,-7.046472613059993895e-02,-9.152184738107834505e+00,6.543687051449292857e-02,-1.129811203368344064e+00,9.124131140132674123e-01,-4.390715112471493820e-01,-1.285837732863474026e+00,-9.152184738107834505e+00,6.543687051449292857e-02,-1.129811203368344064e+00,9.124131140132674123e-01,-4.390715112471493820e-01,-1.285837732863474026e+00,-7.371657261109914927e+00,7.701709385497497173e-01,5.402115441377016936e+00,5.009735196529060408e-01,-7.575542343225857844e-02,-2.243531791681926957e-02
-9.655054076823008202e+00,-1.590503741286666051e+00,-1.071432789594102042e+00,3.237302300383885778e-01,-5.674162528950019851e-02,-9.163926513085753067e-02,-9.427232910849815184e+00,-1.649806981444249088e+00,-1.648510535859827986e+00,1.679491672658078028e-01,-8.133615051216609715e-02,-2.195162852230864159e-02,-4.156353119170208998e+00,4.355512432542374412e+00,7.612686901356632063e+00,1.642319119247596104e-01,1.185460414688830066e-01,-7.665723067578891770e-02,-9.281052808175635604e+00,7.186708067549398005e-02,-1.332345016484300926e+00,9.862169989610811704e-01,-4.359980877176776737e-01,-1.358419100045441086e+00,-9.281052808175635604e+00,7.186708067549398005e-02,-1.332345016484300926e+00,9.862169989610811704e-01,-4.359980877176776737e-01,-1.358419100045441086e+00,-7.370754750573727421e+00,8.531461571769209939e-01,5.342072430617484713e+00,5.161827472343125667e-01,-8.018000498695740386e-02,-2.555184414201508089e-02
-9.549313914088441990e+00,-1.606530253987209056e+00,-1.024979068093839984e+00,3.069048327499711015e-01,-5.160866875543875659e-02,-8.350445504746574488e-02,-9.432963064996123137e+00,-1.424424698795117017e+00,-1.699754954203841928e+00,1.810228425499303961e-01,-8.155402028849581542e-02,-2.801372230011830999e-02,-4.127722120219850410e+00,4.405021677835644134e+00,7.626165151908731232e+00,1.642178052417634093e-01,1.232558254746190934e-01,-8.314398053830732160e-02,-9.469139054774956321e+00,2.083513038338840884e-01,-1.583134953114486043e+00,1.083732265291029950e+00,-4.490447998195046808e-01,-1.422861987454338006e+00,-9.469139054774956321e+00,2.083513038338840884e-01,-1.583134953114486043e+00,1.083732265291029950e+00,-4.490447998195046808e-01,-1.422861987454338006e+00,-7.374046883140889186e+00,9.318366443763077545e-01,5.282024556878372579e+00,5.056052078506809710e-01,-8.148686736332493019e-02,-3.508382964896678696e-02
-9.518444606906244942e+00,-1.638385765215311984e+00,-9.521462575523462757e-01,3.020833925473905834e-01,-4.340905005628663271e-02,-7.413781679945201375e-02,-9.543649172211889464e+00,-1.197494930792440071e+00,-1.777740073562821044e+00,1.794096644483091918e-01,-8.633058385817590774e-02,-2.632354384302382916e-02,-4.042076486105439237e+00,4.493491803415327723e+00,7.646389615508262239e+00,1.593801146052850892e-01,1.233193446094631995e-01,-8.463716118654573961e-02,-9.545891498281951826e+00,5.895683502157026412e-01,-1.788250172657998016e+00,1.180921582941651948e+00,-4.623203484252439988e-01,-1.464724017607311080e+00,-9.545891498281951826e+00,5.895683502157026412e-01,-1.788250172657998016e+00,1.180921582941651948e+00,-4.623203484252439988e-01,-1.464724017607311080e+00,-7.379774317025516339e+00,1.026279267760469072e+00,5.204181587208729809e+00,5.101844813805438417e-01,-7.188226585653344214e-02,-6.208642791782718884e-02
-9.468346468933766857e+00,-1.667673835710568930e+00,-8.824070608240170976e-01,3.005216544358704223e-01,-4.662160092797536931e-02,-7.568882845512725499e-02,-9.665961301662235883e+00,-1.338815101465786972e+00,-1.797630926897735959e+00,1.615488996034951108e-01,-9.238985776211137979e-02,-3.797562269285228997e-02,-4.135916568146451588e+00,4.494165139062985759e+00,7.614869890246374062e+00,1.690332252299918125e-01,1.415797980121311084e-01,-9.569429823251821010e-02,-9.525698794800108615e+00,8.828036377719860051e-01,-1.889615882243383949e+00,1.226454714325470041e+00,-4.826894105861869733e-01,-1.493641554849030051e+00,-9.525698794800108615e+00,8.828036377719860051e-01,-1.889615882243383949e+00,1.226454714325470041e+00,-4.826894105861869733e-01,-1.493641554849030051e+00,-7.385135450763988807e+00,1.091475807653035091e+00,5.148580318657169030e+00,5.057633648158709194e-01,-6.230004879500081888e-02,-8.587733858462057168e-02
-9.393429017267006742e+00,-1.695463621174674085e+00,-8.692573572244048918e-01,3.022843704316369728e-01,-5.145935457187072321e-02,-7.403143812936562040e-02,-9.651775668769515093e+00,-1.573686903004966942e+00,-1.702030989647671966e+00,1.486941572685372137e-01,-1.129585024111807029e-01,-4.245453709053295666e-02,-4.167571880413875718e+00,4.385308884944124408e+00,7.628419191638625918e+00,1.593395501241292866e-01,1.428494089605119866e-01,-1.053630859464907005e-01,-9.584269595506269113e+00,1.052059255318549047e+00,-1.853277055968322040e+00,1.205335621562938053e+00,-4.960416256392775058e-01,-1.533701222467596104e+00,-9.584269595506269113e+00,1.052059255318549047e+00,-1.853277055968322040e+00,1.205335621562938053e+00,-4.960416256392775058e-01,-1.533701222467596104e+00,-7.385297855236898634e+00,1.104833166382801046e+00,5.032843141599263603e+00,5.074034836953783545e-01,-4.985900614885333676e-02,-1.017200313397478018e-01
-9.302124141005258195e+00,-1.725282543051346096e+00,-9.303425209676096097e-01,3.148840526812217155e-01,-6.453741904404189378e-02,-7.719797544843244597e-02,-9.529794133718029414e+00,-1.679486272703567984e+00,-1.597394857682419955e+00,1.552757468549635089e-01,-1.066635240610337015e-01,-4.705539288224958733e-02,-4.178658541746712807e+00,4.346568696241157603e+00,7.601437106559581380e+00,1.641498874618086135e-01,1.382758082957276924e-01,-1.115951182582665957e-01,-9.723301249726304718e+00,1.460888650634641017e+00,-1.938733528215222046e+00,1.131900229910983935e+00,-4.883006709546677260e-01,-1.575694109663194009e+00,-9.723301249726304718e+00,1.460888650634641017e+00,-1.938733528215222046e+00,1.131900229910983935e+00,-4.883006709546677260e-01,-1.575694109663194009e+00,-7.395497368899962787e+00,1.057776431898693081e+00,4.908167818169870245e+00,4.953438600631308031e-01,-5.102285350434414279e-02,-1.175918559478096037e-01
-9.246800449588491233e+00,-1.738488435420536993e+00,-9.819233098303896679e-01,3.369269109483202795e-01,-7.287193795910522354e-02,-7.570730696465534371e-02,-9.374257071458545809e+00,-1.727540821523092074e+00,-1.552598338022880053e+00,1.761244655536892967e-01,-1.134415666256974042e-01,-4.251159839187228229e-02,-4.227838323580940916e+00,4.349191000234423399e+00,7.560920156206903719e+00,1.705873327414086094e-01,1.269734845167020121e-01,-1.100147549087033966e-01,-9.814163333620061991e+00,1.893282672531171107e+00,-2.040417876104132056e+00,1.009819882624142906e+00,-4.964172804752883805e-01,-1.617451416244888973e+00,-9.814163333620061991e+00,1.893282672531171107e+00,-2.040417876104132056e+00,1.009819882624142906e+00,-4.964172804752883805e-01,-1.617451416244888973e+00,-7.400650853297817910e+00,9.702877887696920167e-01,4.836882586677441864e+00,4.802083267937155009e-01,-5.221041732124778040e-02,-1.334911703620478007e-01
-9.224378418809234148e+00,-1.759328924020777896e+00,-1.004966881321821992e+00,3.595798621194433164e-01,-7.791928502232858822e-02,-6.609170826957211364e-02,-9.353249253829392984e+00,-1.648406092587267002e+00,-1.483585779026934004e+00,1.762094694753295054e-01,-1.134332108622845975e-01,-4.715437012158518043e-02,-4.222887306571631250e+00,4.308728848433815983e+00,7.567693746956170031e+00,1.641344667779754130e-01,1.187488224915898005e-01,-1.099845581647377057e-01,-9.886119072231069893e+00,1.963248966049172983e+00,-2.038184271508868051e+00,8.584132968687655518e-01,-5.204287991016062209e-01,-1.663858792439310008e+00,-9.886119072231069893e+00,1.963248966049172983e+00,-2.038184271508868051e+00,8.584132968687655518e-01,-5.204287991016062209e-01,-1.663858792439310008e+00,-7.395095082666765407e+00,8.938343143449907213e-01,4.861313535310694434e+00,4.576247293410137806e-01,-4.746650318968195781e-02,-1.414022215439657004e-01
-9.260353741934711280e+00,-1.802901881226830927e+00,-9.848360230413063521e-01,3.754861418782107774e-01,-6.525636607347749807e-02,-6.609305365346188066e-02,-9.447682261693895356e+00,-1.452510829673834047e+00,-1.479115547607454006e+00,1.778967990472732907e-01,-1.150495422335301027e-01,-5.344837739985552894e-02,-4.214661574447235104e+00,4.364730606588182127e+00,7.578918237616599107e+00,1.560984980729754057e-01,1.105108425660552007e-01,-1.003839311953524938e-01,-9.935309271140615905e+00,1.708573838027952929e+00,-2.007970599666581979e+00,7.003315612229529252e-01,-5.271564220816955526e-01,-1.705604594292718046e+00,-9.935309271140615905e+00,1.708573838027952929e+00,-2.007970599666581979e+00,7.003315612229529252e-01,-5.271564220816955526e-01,-1.705604594292718046e+00,-7.401582735582818984e+00,8.644924727444532886e-01,4.876889505054964324e+00,4.262387245012850268e-01,-4.886853747133960285e-02,-1.364579569194724895e-01
-9.341754236717752846e+00,-1.861464124123771935e+00,-9.625713489917779864e-01,3.771889905500880880e-01,-4.596156724297730672e-02,-6.606228706073352663e-02,-9.582374295823967714e+00,-1.251598319233969026e+00,-1.467967811124843092e+00,1.618250915247005928e-01,-1.115366768293557936e-01,-6.631731274501607987e-02,-4.183333176064273573e+00,4.353113675450908993e+00,7.601434679166015229e+00,1.512694444158506069e-01,1.235594810546187944e-01,-1.035032760451472938e-01,-9.964098919295638623e+00,1.400040047164974988e+00,-2.005473572300480178e+00,5.853040186369763420e-01,-5.334591700357000921e-01,-1.729585857702349072e+00,-9.964098919295638623e+00,1.400040047164974988e+00,-2.005473572300480178e+00,5.853040186369763420e-01,-5.334591700357000921e-01,-1.729585857702349072e+00,-7.402022222879855562e+00,8.937968400773773636e-01,4.943684773378613784e+00,4.020430545399313882e-01,-3.236699856765692940e-02,-1.317313431038837079e-01
-9.429051580835276170e+00,-1.912161596426678045e+00,-9.824891064797092177e-01,3.742132061498852913e-01,-3.452283786923526776e-02,-5.187436811466757808e-02,-9.689148880633776884e+00,-1.137432327424009015e+00,-1.470240051444853924e+00,1.198186217325176023e-01,-1.123701122617579012e-01,-7.780014877655599959e-02,-4.202774407526262301e+00,4.326898108404045651e+00,7.623946484822689662e+00,1.529071493602658094e-01,1.315500712631965941e-01,-9.725022509411725136e-02,-9.982894750001031881e+00,1.067514016040348901e+00,-2.043987451631319896e+00,5.111900199001787604e-01,-5.419423236977869429e-01,-1.747243291507152962e+00,-9.982894750001031881e+00,1.067514016040348901e+00,-2.043987451631319896e+00,5.111900199001787604e-01,-5.419423236977869429e-01,-1.747243291507152962e+00,-7.414303173683957304e+00,9.681049182330538905e-01,4.997166727421575416e+00,3.885092974338905103e-01,-6.883843971770323665e-03,-1.222099753961437968e-01
-9.484660352494522328e+00,-1.967960888871612024e+00,-1.022898071973691980e+00,3.633327681293231914e-01,-2.138122434879117031e-02,-3.924085518463069772e-02,-9.658538199418504888e+00,-1.093678706298476966e+00,-1.447957018177431054e+00,9.570018321961520913e-02,-1.135021070317196040e-01,-9.706539300475595933e-02,-4.152113316900860163e+00,4.327540574704846321e+00,7.626212558485612192e+00,1.545473080838223878e-01,1.319555600547880070e-01,-8.745272612161339443e-02,-1.013550936903122057e+01,7.835644430060184629e-01,-2.075717072715436817e+00,4.993434601962490893e-01,-5.263715640740397328e-01,-1.750653312454824029e+00,-1.013550936903122057e+01,7.835644430060184629e-01,-2.075717072715436817e+00,4.993434601962490893e-01,-5.263715640740397328e-01,-1.750653312454824029e+00,-7.421998337432642145e+00,1.042496007293429949e+00,5.057317624936925604e+00,3.687612205789342901e-01,-5.536173698500670634e-03,-1.159120191149615037e-01
-9.536489246590210911e+00,-2.011417806368362093e+00,-1.054670310487701990e+00,3.510779274581682929e-01,-3.075662537050184026e-02,-2.647557325448767970e-02,-9.549081921967882636e+00,-1.128846068749240095e+00,-1.394635381832735055e+00,7.011287984115513461e-02,-1.241982589346256050e-01,-1.223212641385131028e-01,-4.084649501130814819e+00,4.332414010660698089e+00,7.655468918748563389e+00,1.513203857314381062e-01,1.281670340588375034e-01,-8.775061086827420920e-02,-1.036768986710828955e+01,6.430664263790332180e-01,-2.059214666005425798e+00,5.113888545769572636e-01,-5.015514263397574668e-01,-1.738080862471542920e+00,-1.036768986710828955e+01,6.430664263790332180e-01,-2.059214666005425798e+00,5.113888545769572636e-01,-5.015514263397574668e-01,-1.738080862471542920e+00,-7.420842055271945625e+00,1.112223826306125041e+00,5.135267303887824042e+00,3.641754090369607733e-01,-8.572898086070073614e-03,-1.159341001106003050e-01
-9.495297196586349742e+00,-2.040303005518775858e+00,-9.712412330812182359e-01,3.275654685502911723e-01,-2.552104989881032876e-02,-1.693348942256462861e-02,-9.549664951138531421e+00,-1.349322744167746002e+00,-1.410067660852329929e+00,5.711338236232849780e-02,-1.223446837866600939e-01,-1.323725641366172989e-01,-4.131786631473496563e+00,4.316304686053189954e+00,7.646474611860229587e+00,1.561712825595593102e-01,1.400456541581321102e-01,-8.591612521311194073e-02,-1.096284799889120087e+01,5.832183386751591536e-01,-2.056876639706159970e+00,5.623543845548815145e-01,-4.506253277204264052e-01,-1.714402103501375008e+00,-1.096284799889120087e+01,5.832183386751591536e-01,-2.056876639706159970e+00,5.623543845548815145e-01,-4.506253277204264052e-01,-1.714402103501375008e+00,-7.428670838824910305e+00,1.177378072314871016e+00,5.188743271168820392e+00,3.568700430261977918e-01,-5.173136425793164669e-03,-1.285223997470917867e-01
-9.401941474571843926e+00,-2.063312542898871005e+00,-8.901061764054096770e-01,3.058113548986765018e-01,-1.542165905426563961e-02,-1.046026070118169981e-03,-9.537566167330384204e+00,-1.725376512309195087e+00,-1.490349363633715951e+00,5.560025370303729730e-02,-1.287026393263084045e-01,-1.401607992935423042e-01,-4.253213812077973444e+00,4.363967649067640231e+00,7.594674576565348723e+00,1.577982881302245066e-01,1.502649583497794872e-01,-8.406064640449635583e-02,-1.145588019024840953e+01,6.754543121210718759e-01,-2.192551554799765157e+00,6.406256426505907431e-01,-4.076633955776087781e-01,-1.706846353279235950e+00,-1.145588019024840953e+01,6.754543121210718759e-01,-2.192551554799765157e+00,6.406256426505907431e-01,-4.076633955776087781e-01,-1.706846353279235950e+00,-7.433936747838795434e+00,1.247124340754129035e+00,5.068589694432290571e+00,3.673430045480888806e-01,3.970063896700982801e-03,-1.365351133145658036e-01
-9.187660327978115049e+00,-1.979065336971131961e+00,-9.152509735296396887e-01,3.061005640731980226e-01,1.199927364960876042e-02,5.329308190788094139e-03,-9.455751959801538931e+00,-1.974135190247882088e+00,-1.543829226295069024e+00,6.850856263053896333e-02,-1.257441554800307892e-01,-1.336945063142284951e-01,-4.277535767952705292e+00,4.405914710863443773e+00,7.547378883790281101e+00,1.658473483897816014e-01,1.449240715907494093e-01,-8.444826973232638645e-02,-1.091236317200485040e+01,9.881817427497381345e-01,-1.938145241967965005e+00,6.828724191312270930e-01,-4.036623589247094190e-01,-1.693894199078795015e+00,-1.091236317200485040e+01,9.881817427497381345e-01,-1.938145241967965005e+00,6.828724191312270930e-01,-4.036623589247094190e-01,-1.693894199078795015e+00,-7.436493798241854414e+00,1.312564004371910897e+00,4.828401236774476857e+00,4.031241860901191854e-01,-8.480030587940301859e-03,-1.415565435124231108e-01
-9.017101313010023489e+00,-1.828474264480179023e+00,-1.071019372646426104e+00,3.031598842949870254e-01,3.141474432688910745e-02,1.168786635381528945e-02,-9.457749814447177883e+00,-2.119717226546931954e+00,-1.525936569187412939e+00,1.121662407996952965e-01,-1.281261362465644094e-01,-1.285934160318047970e-01,-4.326107854776651607e+00,4.382076377366188602e+00,7.529377321290480651e+00,1.625879866119787909e-01,1.497102341393949931e-01,-9.881259984113967276e-02,-1.025839936496745963e+01,1.145020675849715897e+00,-1.756364879815736080e+00,7.376283500080692557e-01,-3.635680200848501742e-01,-1.663868073486967969e+00,-1.025839936496745963e+01,1.145020675849715897e+00,-1.756364879815736080e+00,7.376283500080692557e-01,-3.635680200848501742e-01,-1.663868073486967969e+00,-7.450505449378666434e+00,1.345993690776301044e+00,4.634611731089984588e+00,4.186225241946007758e-01,-2.733997882590450887e-02,-1.587697040189761100e-01
-8.895614461387479466e+00,-1.700573456983353937e+00,-1.233145008336697046e+00,3.142920915362493739e-01,4.419989330674713862e-02,1.794858989837832056e-02,-9.413655979038681565e+00,-2.071616023410737029e+00,-1.523649401176139007e+00,1.330940084266012124e-01,-1.269197362618713909e-01,-1.173726120182422006e-01,-4.332737830694519232e+00,4.377674746153695118e+00,7.518126008578187580e+00,1.529175918273645018e-01,1.414616261507788963e-01,-9.716492463452916506e-02,-1.006046527785282940e+01,7.929939364825449033e-01,-1.652592843430964020e+00,8.795629290735217376e-01,-3.346985240452122201e-01,-1.615861656081958087e+00,-1.006046527785282940e+01,7.929939364825449033e-01,-1.652592843430964020e+00,8.795629290735217376e-01,-3.346985240452122201e-01,-1.615861656081958087e+00,-7.443519961284057018e+00,1.327856455067381924e+00,4.543331678901346926e+00,3.945556921344067214e-01,-4.500380821654338670e-02,-1.761603180709734873e-01
-8.803787848865717081e+00,-1.623022480687422053e+00,-1.158732288177314107e+00,3.384646591472399990e-01,7.457441019340876887e-02,3.062298902902825873e-02,-9.389509921850159202e+00,-1.924277200379252983e+00,-1.512631623253513080e+00,1.573535605179270103e-01,-1.321831202681507944e-01,-1.025158240148972000e-01,-4.318523161494169038e+00,4.376732136235328419e+00,7.511366715710162900e+00,1.528875775217715949e-01,1.359638339751589042e-01,-1.055170632356206978e-01,-9.996134265124181795e+00,1.058374161075547049e+00,-1.657615508327634934e+00,1.055713957383574986e+00,-3.247414729981137893e-01,-1.553165056279729894e+00,-9.996134265124181795e+00,1.058374161075547049e+00,-1.657615508327634934e+00,1.055713957383574986e+00,-3.247414729981137893e-01,-1.553165056279729894e+00,-7.454617874517253107e+00,1.323514086005004087e+00,4.596761464693062571e+00,3.901094738714954158e-01,-5.839758787376073124e-02,-1.824481467323179895e-01
-8.940997348931169597e+00,-1.562427930056768055e+00,-1.237638002961825023e+00,3.658933179105414157e-01,1.081532799975024051e-01,4.646741984550967208e-02,-9.417551919908270008e+00,-1.839877799395172930e+00,-1.530441681528875053e+00,1.621980071999676865e-01,-1.338726767980608912e-01,-1.008646032978976065e-01,-4.363656359048924571e+00,4.390027687685078561e+00,7.486601919550614603e+00,1.512810997724239048e-01,1.264347412927200875e-01,-1.005606568304510950e-01,-9.897138024323206551e+00,1.965278965826869895e+00,-1.619540047867100929e+00,1.220989017268875987e+00,-3.328273344929055244e-01,-1.466147693489119996e+00,-9.897138024323206551e+00,1.965278965826869895e+00,-1.619540047867100929e+00,1.220989017268875987e+00,-3.328273344929055244e-01,-1.466147693489119996e+00,-7.458518643694320716e+00,1.278665123334467912e+00,4.712484877579712794e+00,3.751594699464210758e-01,-8.201172096848510784e-02,-2.029802672151773957e-01
-9.088190542538269412e+00,-1.569285868048795107e+00,-1.406676257414213982e+00,3.963066473058082240e-01,9.015044616985741499e-02,5.914833505112736950e-02,-9.467643777592920529e+00,-1.763866093885045006e+00,-1.577163085374533980e+00,1.524566065016224881e-01,-1.416946164854820112e-01,-1.041985332112193019e-01,-4.387613058065777061e+00,4.402773686419147126e+00,7.479830745305834583e+00,1.528828067841435934e-01,1.226818861688815931e-01,-1.024867984147239952e-01,-9.919532391581995512e+00,2.161638251954427936e+00,-1.745986853658636928e+00,1.357069994537914104e+00,-3.276207349415156123e-01,-1.340623200903970913e+00,-9.919532391581995512e+00,2.161638251954427936e+00,-1.745986853658636928e+00,1.357069994537914104e+00,-3.276207349415156123e-01,-1.340623200903970913e+00,-7.460472349025864425e+00,1.269891285141534931e+00,4.761446108392913601e+00,3.659590393470710801e-01,-8.944830579423260208e-02,-2.109786215784086871e-01
-9.011623619789428830e+00,-1.632790743100301034e+00,-1.388255875312488952e+00,3.922647659898724215e-01,8.569683671660399682e-02,9.397546337010760642e-02,-9.486347080937228782e+00,-1.748638244054953050e+00,-1.557307684273776971e+00,1.509728649586397076e-01,-1.496694224455741018e-01,-1.053559805403379013e-01,-4.403014773653140423e+00,4.329919622283748382e+00,7.470873283153727229e+00,1.512522629448420919e-01,1.166228928746665949e-01,-1.069548269700768967e-01,-9.859096596782814359e+00,1.841286939715468973e+00,-2.085981423666233958e+00,1.463358398694684981e+00,-3.551506959621076875e-01,-1.216240518477903931e+00,-9.859096596782814359e+00,1.841286939715468973e+00,-2.085981423666233958e+00,1.463358398694684981e+00,-3.551506959621076875e-01,-1.216240518477903931e+00,-7.456866965787622981e+00,1.171060384199203108e+00,4.877126705045671251e+00,3.629651445023522882e-01,-1.058558935182239980e-01,-2.188795276017186930e-01
-8.946778672550097511e+00,-1.712280439736159066e+00,-1.381552435218744046e+00,3.882716647248128927e-01,1.037357060487092975e-01,1.240992390341242035e-01,-9.442793665847553086e+00,-1.674132036440749038e+00,-1.514972961846480892e+00,1.721608588041051990e-01,-1.564215307325133031e-01,-1.161224365787646984e-01,-4.387454788308979836e+00,4.331991270941944805e+00,7.437117403915293856e+00,1.512488710713487117e-01,1.133519487337611015e-01,-1.069623286091039988e-01,-9.680909169421461513e+00,1.884999210312275020e+00,-2.304822211664967924e+00,1.546575983572388902e+00,-3.456175381000000102e-01,-1.122744454800538083e+00,-9.680909169421461513e+00,1.884999210312275020e+00,-2.304822211664967924e+00,1.546575983572388902e+00,-3.456175381000000102e-01,-1.122744454800538083e+00,-7.456804671618123770e+00,1.170823681582044973e+00,4.667893542508177340e+00,3.615940401524920245e-01,-1.207337709909474949e-01,-2.251384898371865118e-01
-8.970613573896230264e+00,-1.786156351796956088e+00,-1.347670254217097074e+00,3.936011178865135851e-01,1.376877899179196896e-01,1.478354353372489105e-01,-9.310220939116700123e+00,-1.558671503511658951e+00,-1.361161206440332894e+00,2.046750680773521958e-01,-1.681633292138368097e-01,-1.316585887963450108e-01,-4.356017375568248085e+00,4.288465176714796101e+00,7.452902655644775720e+00,1.528333597676266031e-01,1.053850829917518939e-01,-1.132399799547471053e-01,-9.765941202962963530e+00,2.242133245936015040e+00,-2.574210270062876837e+00,1.592114828296034013e+00,-3.165549103872942749e-01,-1.024751573067101962e+00,-9.765941202962963530e+00,2.242133245936015040e+00,-2.574210270062876837e+00,1.592114828296034013e+00,-3.165549103872942749e-01,-1.024751573067101962e+00,-7.465502691488394404e+00,1.162045490716747009e+00,4.710185750652978065e+00,3.524960275686735978e-01,-1.567638227566957865e-01,-2.330356198788275102e-01
-9.035919930355477803e+00,-1.833364474025739099e+00,-1.273207019506682913e+00,3.942032599259270853e-01,1.620306394130484051e-01,1.700359071452167137e-01,-9.346726550422081559e+00,-1.213462173132179966e+00,-1.245345073237942080e+00,2.065594084030007993e-01,-1.745503074739377103e-01,-1.536362184129201891e-01,-4.264361104232657240e+00,4.274059519451848921e+00,7.572200460168800440e+00,1.528699943387359095e-01,1.003776283420463045e-01,-9.897722911548209601e-02,-9.919548925401882045e+00,2.437892769248791947e+00,-2.696293784173577013e+00,1.577482842702804033e+00,-2.892176191881010161e-01,-9.250425462992106773e-01,-9.919548925401882045e+00,2.437892769248791947e+00,-2.696293784173577013e+00,1.577482842702804033e+00,-2.892176191881010161e-01,-9.250425462992106773e-01,-7.471714006182692991e+00,1.112868534337047022e+00,5.026240849197571414e+00,3.238871905403252760e-01,-1.763168049823360950e-01,-2.313634300707327063e-01
-9.156034049933731822e+00,-1.893995112119748025e+00,-1.323281479472911082e+00,3.863768627937895772e-01,1.765948981691465025e-01,1.669450689908850982e-01,-9.598181486210343394e+00,-8.275266749220958618e-01,-1.303279831436426894e+00,1.908046990150708000e-01,-1.757858774170326932e-01,-1.932577040169486116e-01,-4.164689061945460402e+00,4.365818492920898741e+00,7.612671009593866778e+00,1.512578289078879978e-01,9.997040662122594346e-02,-9.921602621390135379e-02,-9.759938088568173242e+00,2.440036077115112167e+00,-2.735341885714363208e+00,1.551267176888514010e+00,-2.682815986230229766e-01,-8.414317754996015752e-01,-9.759938088568173242e+00,2.440036077115112167e+00,-2.735341885714363208e+00,1.551267176888514010e+00,-2.682815986230229766e-01,-8.414317754996015752e-01,-7.483107828691117902e+00,1.131243870321472000e+00,5.228816998203465793e+00,3.433667616472794171e-01,-1.809396041324949911e-01,-2.314367646890519992e-01
-9.138564031171913626e+00,-1.983538175912991974e+00,-1.307386964434607890e+00,3.848031042836487781e-01,1.621724643103724106e-01,1.716661194918631117e-01,-9.862762522401194332e+00,-7.506789353005458576e-01,-1.327802821324105986e+00,1.555517987851116057e-01,-1.910757792157674884e-01,-2.347139198573567898e-01,-4.155223816999208175e+00,4.468203089725549582e+00,7.621626280279754084e+00,1.544943923360516114e-01,1.133744023118393035e-01,-9.902222243863000040e-02,-9.529961866768768886e+00,2.140612811376394031e+00,-2.703111155997107939e+00,1.484576555195112002e+00,-2.432812864944456921e-01,-7.947352237773742667e-01,-9.529961866768768886e+00,2.140612811376394031e+00,-2.703111155997107939e+00,1.484576555195112002e+00,-2.432812864944456921e-01,-7.947352237773742667e-01,-7.479293249609522576e+00,1.171628730430285037e+00,5.233291934295960068e+00,3.840659322435827083e-01,-1.630635761039030962e-01,-2.251614710261808927e-01
-9.085505244939874103e+00,-2.032152793960032788e+00,-1.280300196219118058e+00,3.878088378971141226e-01,1.782005833900132952e-01,1.684267907694891042e-01,-1.000468486360180975e+01,-9.763484655790841682e-01,-1.261081022472321900e+00,1.267974477876037953e-01,-1.984864651524020085e-01,-2.728796925906715742e-01,-4.169382343967233950e+00,4.374582184050131772e+00,7.662178319660838177e+00,1.754495738668832017e-01,1.378636253040647908e-01,-1.040291422958335016e-01,-9.411911363676351172e+00,1.665333727388307983e+00,-2.380606261352522068e+00,1.394142203723149009e+00,-1.965863297317833880e-01,-7.758071552969194595e-01,-9.411911363676351172e+00,1.665333727388307983e+00,-2.380606261352522068e+00,1.394142203723149009e+00,-1.965863297317833880e-01,-7.758071552969194595e-01,-7.483815362767957780e+00,1.191938692362590979e+00,5.113105809657990442e+00,4.095759175237790872e-01,-1.391502164834841904e-01,-2.205252211270536944e-01
-9.061928852050209926e+00,-2.096048474030946185e+00,-1.293983263262864059e+00,3.927769823569168262e-01,1.894746696885372950e-01,1.763476669066124936e-01,-1.000411717494248975e+01,-1.325671185311170897e+00,-1.120857621183811936e+00,9.470622841446320328e-02,-2.106567266707952968e-01,-3.031527196384974920e-01,-4.182165876748149103e+00,4.304659366284722566e+00,7.686971963790059093e+00,1.786956167566086939e-01,1.560747950252439065e-01,-1.022940989253498939e-01,-9.092166534859060789e+00,1.773645627172458106e+00,-2.171358083029903963e+00,1.304654662213140082e+00,-1.533680051502271102e-01,-7.617789056756903987e-01,-9.092166534859060789e+00,1.773645627172458106e+00,-2.171358083029903963e+00,1.304654662213140082e+00,-1.533680051502271102e-01,-7.617789056756903987e-01,-7.491086129579472619e+00,1.223251052857732946e+00,5.037457809297334776e+00,4.053277473433170019e-01,-1.448440273789889932e-01,-2.299048712213851986e-01
-9.059136440831533577e+00,-2.148966174397972217e+00,-1.307764376239493931e+00,3.850458372561458842e-01,1.960620817364323032e-01,1.811435346366583876e-01,-9.966092053782155347e+00,-1.631215240250950105e+00,-1.009530768644189003e+00,9.324729772665746319e-02,-2.057984564453030074e-01,-3.174321123697089186e-01,-4.139064751299100564e+00,4.241269300494506567e+00,7.725271060389914624e+00,1.948439011441651936e-01,1.921735984947388065e-01,-1.023339576845851973e-01,-8.799380761976827614e+00,2.051372750849385973e+00,-2.130187709921488093e+00,1.227908801353732926e+00,-1.039931400761457958e-01,-7.252491380647793084e-01,-8.799380761976827614e+00,2.051372750849385973e+00,-2.130187709921488093e+00,1.227908801353732926e+00,-1.039931400761457958e-01,-7.252491380647793084e-01,-7.491656919647389223e+00,1.265982689848305087e+00,5.017451025538783860e+00,4.128152303215654184e-01,-1.628803851161881866e-01,-2.346733322083253970e-01
-9.124795742588990066e+00,-2.190345234638367167e+00,-1.362230338301847032e+00,3.837671096160327755e-01,1.977469446404435949e-01,1.875654117201701887e-01,-9.910800605840075050e+00,-1.993813084415926973e+00,-7.732440424216309172e-01,1.026721727478716040e-01,-2.155875751539584051e-01,-3.066600683993033205e-01,-4.257882260620196035e+00,4.110088545379164238e+00,7.673560049269029903e+00,2.126264465522469116e-01,2.234749503330462073e-01,-9.277693126803419899e-02,-8.944800528075388613e+00,1.968897396996202032e+00,-2.190115428560476030e+00,1.159341717461700894e+00,-8.391996679983225460e-02,-6.607539442775011151e-01,-8.944800528075388613e+00,1.968897396996202032e+00,-2.190115428560476030e+00,1.159341717461700894e+00,-8.391996679983225460e-02,-6.607539442775011151e-01,-7.500621181652097569e+00,1.263797463043428104e+00,5.059752776231776217e+00,4.114695747086321020e-01,-1.986605986817014113e-01,-2.504158408221026089e-01
-9.167543812369421730e+00,-2.204893439942753997e+00,-1.380139310260898977e+00,3.743318831264674795e-01,1.866504997120596032e-01,1.923215964229076091e-01,-9.797464354216211646e+00,-2.108191686795247932e+00,-6.440624361835450840e-01,1.252775096153652123e-01,-2.112072226066059044e-01,-2.969202300735250821e-01,-4.308600179316402823e+00,4.079544116758550665e+00,7.651060631313612248e+00,2.288436058073055057e-01,2.496581405647952112e-01,-6.582259522789982165e-02,-9.175667005583321156e+00,1.981151873049074030e+00,-2.233947784366017153e+00,1.136143459377896958e+00,-6.700035998063261222e-02,-5.914647050177161969e-01,-9.175667005583321156e+00,1.981151873049074030e+00,-2.233947784366017153e+00,1.136143459377896958e+00,-6.700035998063261222e-02,-5.914647050177161969e-01,-7.498933162327374724e+00,1.297485512173395916e+00,5.082032450053541872e+00,3.994983960536196976e-01,-2.161732325052833081e-01,-2.757465513203380958e-01
-9.216420742558149470e+00,-2.181008030730038794e+00,-1.297079755387491096e+00,3.462818670564051793e-01,1.919318978554732935e-01,2.004176281362538004e-01,-9.621661941317697142e+00,-1.929692521601346966e+00,-6.685626710365205616e-01,1.185463007524776013e-01,-2.239441225073290076e-01,-2.731134864901890169e-01,-4.308527762912262027e+00,4.107235462551790839e+00,7.599279254935092709e+00,2.209107488090439886e-01,2.558390680908775860e-01,-2.611576117848082856e-02,-9.293267236149894472e+00,2.285420331598190025e+00,-2.563147179689858834e+00,1.163930057748022939e+00,-3.794197534608108324e-02,-4.837349291522257122e-01,-9.293267236149894472e+00,2.285420331598190025e+00,-2.563147179689858834e+00,1.163930057748022939e+00,-3.794197534608108324e-02,-4.837349291522257122e-01,-7.505166617991510414e+00,1.293382290735199058e+00,5.070894874090615900e+00,3.766254311270367250e-01,-2.412805669166223077e-01,-3.059890148816136746e-01
-9.341194428282852513e+00,-2.176910028232843075e+00,-1.303593086622915065e+00,3.337566209205282131e-01,1.937846852996145119e-01,2.083330278624825060e-01,-9.407387947359858060e+00,-1.744615989776759912e+00,-7.285044818591933646e-01,8.257292461466005096e-02,-2.409437435383753046e-01,-2.579295069435453835e-01,-4.374600038880584130e+00,4.169712355007376026e+00,7.509224286003553850e+00,2.096975789813121938e-01,2.497032909497262088e-01,-1.830033893012327937e-03,-9.474816942808180542e+00,2.428440143565548048e+00,-2.793248718602031833e+00,1.188178944322721975e+00,-2.649707234599604083e-02,-3.532390260286467076e-01,-9.474816942808180542e+00,2.428440143565548048e+00,-2.793248718602031833e+00,1.188178944322721975e+00,-2.649707234599604083e-02,-3.532390260286467076e-01,-7.523159099291498286e+00,1.293502619116466024e+00,5.151049522172736594e+00,3.604043313031252138e-01,-2.675023591151822200e-01,-3.406973275052426198e-01
-9.487653016329900879e+00,-2.091758765319426061e+00,-1.346191153366621984e+00,3.216687855342790781e-01,1.667723003789008118e-01,2.290378246812591057e-01,-9.305723010196295775e+00,-1.697790530920388896e+00,-9.557642666151953126e-01,2.915499796767391863e-02,-2.367963425038427105e-01,-2.600044821906640213e-01,-4.415830141182138568e+00,4.273719880790430636e+00,7.475403378032270396e+00,2.033220551304439072e-01,2.577315239297325866e-01,1.888142950576858839e-02,-9.696743446417247725e+00,2.734023828552790913e+00,-2.982228742570927071e+00,1.173251024197700998e+00,2.132101641753710031e-03,-2.067081403351428981e-01,-9.696743446417247725e+00,2.734023828552790913e+00,-2.982228742570927071e+00,1.173251024197700998e+00,2.132101641753710031e-03,-2.067081403351428981e-01,-7.512329772584979359e+00,1.311474636226408030e+00,5.244537321618430781e+00,3.347386019594246198e-01,-2.895726850801840224e-01,-3.660654228755034212e-01
-9.586315487925689993e+00,-1.986938379055463999e+00,-1.352405362856849091e+00,3.095742395693913962e-01,1.526821569850315974e-01,2.544170362134722252e-01,-9.424011762399766567e+00,-1.734045396614281032e+00,-1.241021043493228060e+00,-1.603152787512672137e-02,-2.295773158695537941e-01,-2.698073681377328725e-01,-4.429415320050291704e+00,4.427771979130078250e+00,7.461824275183346344e+00,2.017684363149629123e-01,2.630174580078981084e-01,3.668822861814063224e-02,-9.751944776054346065e+00,3.283546305630255180e+00,-3.187639715119416906e+00,1.130653157696666078e+00,2.913347736754463152e-02,-6.981142249879605799e-02,-9.751944776054346065e+00,3.283546305630255180e+00,-3.187639715119416906e+00,1.130653157696666078e+00,2.913347736754463152e-02,-6.981142249879605799e-02,-7.512527566014533420e+00,1.311539575360163967e+00,5.418160797283060326e+00,3.137799797207305175e-01,-3.175587113130378114e-01,-3.929279984583510243e-01
-9.623870829103470470e+00,-1.898695854020467921e+00,-1.309319838182118056e+00,3.143774140210687240e-01,1.461925532323281873e-01,2.560121214103113774e-01,-9.602568346581483283e+00,-1.740293429942435077e+00,-1.599639939592621962e+00,-4.996360381631644032e-02,-2.401519316160916906e-01,-2.828127939681958081e-01,-4.417813854682513863e+00,4.605687174850820576e+00,7.430220532836790071e+00,1.953168834900007866e-01,2.610393152788327842e-01,3.494476739503332707e-02,-9.661868482298523020e+00,4.066538311050932997e+00,-3.294209291937249873e+00,1.023113287317219067e+00,5.525275547681649663e-02,6.534015720177151210e-02,-9.661868482298523020e+00,4.066538311050932997e+00,-3.294209291937249873e+00,1.023113287317219067e+00,5.525275547681649663e-02,6.534015720177151210e-02,-7.512892996773434362e+00,1.334127105658521106e+00,5.518340106058943206e+00,3.017284300785114115e-01,-3.156720284448563119e-01,-4.103870303142301834e-01
-9.677884073084614514e+00,-1.870170435875863069e+00,-1.191152480956306103e+00,3.142586745730744924e-01,1.655852973549772067e-01,2.637463069595433751e-01,-9.670605099916539160e+00,-1.908710119318504095e+00,-1.757525297450267976e+00,-6.149247646599031308e-02,-2.479371031693936023e-01,-2.866406503872659939e-01,-4.449389620071526608e+00,4.683379050394533394e+00,7.409912807171662230e+00,1.985189165857600968e-01,2.737544563168716194e-01,2.353952241656877969e-02,-9.715990447048708845e+00,5.302660485185920258e+00,-3.293108883456819846e+00,8.020451805511349397e-01,9.149508143037006491e-02,2.149041521038521918e-01,-9.715990447048708845e+00,5.302660485185920258e+00,-3.293108883456819846e+00,8.020451805511349397e-01,9.149508143037006491e-02,2.149041521038521918e-01,-7.507017532021443174e+00,1.365250208027547929e+00,5.538398220442823039e+00,3.065978436913154859e-01,-3.167928986491749255e-01,-4.213453301909459991e-01
-9.752892697412381295e+00,-1.873354769237991047e+00,-1.082739799452574037e+00,3.179297815113962811e-01,2.091750461992379073e-01,2.827362401558594085e-01,-9.758441723642190979e+00,-2.148198327087615045e+00,-1.784250172257447975e+00,-4.355824528446654298e-02,-2.514263502619665247e-01,-2.991415294026841809e-01,-4.453674430837240905e+00,4.635544440931085752e+00,7.439198947297384734e+00,2.033156812518545908e-01,2.920785827146705760e-01,4.623689287632055597e-03,-9.870082861513720829e+00,6.391122792111404216e+00,-3.183897102761255926e+00,6.337606901196849440e-01,1.265643113173005874e-01,3.887552529735333051e-01,-9.870082861513720829e+00,6.391122792111404216e+00,-3.183897102761255926e+00,6.337606901196849440e-01,1.265643113173005874e-01,3.887552529735333051e-01,-7.518628952041284563e+00,1.417290850953778047e+00,5.522852447387230690e+00,3.109361298427895104e-01,-3.000892313933437028e-01,-4.325859001786143132e-01
-9.832324256459799017e+00,-1.787944931354144895e+00,-9.906470834739250497e-01,3.553029989548602829e-01,2.475055136470794004e-01,3.050656040819733072e-01,-9.791995931842876644e+00,-2.367395917321005960e+00,-1.706662690168395891e+00,1.193472587509307979e-02,-2.459891699777372875e-01,-3.088947202517943191e-01,-4.402099704341605246e+00,4.596485524688763036e+00,7.490991488903424589e+00,2.273848426167680015e-01,3.152575837828521799e-01,-3.686004852247711655e-02,-1.024341061835501066e+01,6.739038907718769345e+00,-3.513264652833318902e+00,5.482405278370336976e-01,1.656522236007952065e-01,5.756215924660327277e-01,-1.024341061835501066e+01,6.739038907718769345e+00,-3.513264652833318902e+00,5.482405278370336976e-01,1.656522236007952065e-01,5.756215924660327277e-01,-7.520783837029344276e+00,1.412837222496510892e+00,5.533980891507297883e+00,3.138912418590095177e-01,-2.838916346496769272e-01,-4.151720173571836203e-01
-9.920957743475664614e+00,-1.613625262807367067e+00,-9.879875906141066810e-01,4.075829455203576202e-01,2.822117212607895831e-01,3.049690744273518828e-01,-9.846710700381736459e+00,-2.580825153583050202e+00,-1.575241424201424101e+00,9.614316658984824182e-02,-2.602915271222813187e-01,-3.031190938525180067e-01,-4.446122249292539408e+00,4.531422406163459371e+00,7.536031674794548607e+00,2.498749676348706039e-01,3.287080515468082109e-01,-6.395512310094647601e-02,-1.065101426668632989e+01,6.427394329171986165e+00,-3.572852207826373139e+00,5.596085435142060804e-01,2.006656109285158973e-01,7.657784444367502497e-01,-1.065101426668632989e+01,6.427394329171986165e+00,-3.572852207826373139e+00,5.596085435142060804e-01,2.006656109285158973e-01,7.657784444367502497e-01,-7.515653249739031594e+00,1.376968249034435932e+00,5.536173692700899096e+00,3.212244877112767072e-01,-2.630942267622762842e-01,-4.057824646882616237e-01
-1.008853789299432080e+01,-1.484819802520439103e+00,-1.138973298418832103e+00,4.664972009045020851e-01,3.040221622521155909e-01,3.128670172985906217e-01,-9.999754394913956901e+00,-2.626922037035118951e+00,-1.512807876829324050e+00,1.737886928340195980e-01,-2.696859409546689124e-01,-2.928055133657774811e-01,-4.463693985493515370e+00,4.534366798746191307e+00,7.549526526861716214e+00,2.676105047063250808e-01,3.646230064298098261e-01,-7.209889865881086157e-02,-1.101302831571213936e+01,5.206485595869782657e+00,-3.060758096959363961e+00,6.686440287849132469e-01,2.234313396428714016e-01,9.138372741724755111e-01,-1.101302831571213936e+01,5.206485595869782657e+00,-3.060758096959363961e+00,6.686440287849132469e-01,2.234313396428714016e-01,9.138372741724755111e-01,-7.509851525235298197e+00,1.289310306012888985e+00,5.533884295202194714e+00,3.346601466194423780e-01,-2.395121972804203914e-01,-3.836627500714996919e-01
-1.018491068694991064e+01,-1.384967168741424892e+00,-1.307861172725919952e+00,5.285146169123696724e-01,2.952207325297341867e-01,3.223271157992301239e-01,-1.008929162261230950e+01,-2.643674304695709854e+00,-1.639920236262041975e+00,2.418447551308914867e-01,-2.757220425742177849e-01,-2.789938708455094729e-01,-4.538256911459408904e+00,4.620584930692621661e+00,7.511210048355723146e+00,2.804683048846112192e-01,4.023371379292601246e-01,-9.600514454513532636e-02,-1.125623333979696028e+01,3.017485309501786173e+00,-2.660400339700955019e+00,7.684413797835606408e-01,2.332802005090247877e-01,9.654347060022722138e-01,-1.125623333979696028e+01,3.017485309501786173e+00,-2.660400339700955019e+00,7.684413797835606408e-01,2.332802005090247877e-01,9.654347060022722138e-01,-7.508142734950537189e+00,1.145109978667409045e+00,5.551611812014457747e+00,3.260736011469448914e-01,-2.213322095382297128e-01,-3.755211766403558915e-01
-1.017644751496201927e+01,-1.299336746386204000e+00,-1.442874225681328060e+00,5.808339235256873012e-01,2.720195029461814906e-01,3.270153059742321178e-01,-1.004428578419292073e+01,-2.648540614939451032e+00,-1.867004737286116933e+00,2.836332384631229941e-01,-2.925186449660027166e-01,-2.532669949075667115e-01,-4.651277166476152303e+00,4.788843795277312410e+00,7.412075186623486189e+00,2.997896859746865816e-01,4.365319558750049844e-01,-1.121905594248051030e-01,-1.080093187260933085e+01,9.443512816930104137e-01,-2.023210655791006118e+00,7.757952978681420531e-01,2.054777044195872926e-01,8.898366882154113977e-01,-1.080093187260933085e+01,9.443512816930104137e-01,-2.023210655791006118e+00,7.757952978681420531e-01,2.054777044195872926e-01,8.898366882154113977e-01,-7.505639154189642781e+00,9.879802466218646773e-01,5.584890893122357092e+00,3.047360342273738865e-01,-2.126122614202078931e-01,-3.629152718687139179e-01
-1.007734007608362070e+01,-1.323724200453243904e+00,-1.584533021457575908e+00,6.187290246867025445e-01,2.602981051497820220e-01,3.331754072185740267e-01,-9.937184700026618245e+00,-2.515574619323583061e+00,-1.976205326428059017e+00,3.224528682397556079e-01,-2.980400664441413272e-01,-2.383316124433136896e-01,-4.697552236325994279e+00,4.940088325704555139e+00,7.303962302944007057e+00,3.045709823502015245e-01,4.675478288564329787e-01,-1.408899825894660007e-01,-9.843922670211764370e+00,7.867432226116440053e-02,-1.769346888074224911e+00,7.811237976032061603e-01,2.149355457633616018e-01,7.186971624126785585e-01,-9.843922670211764370e+00,7.867432226116440053e-02,-1.769346888074224911e+00,7.811237976032061603e-01,2.149355457633616018e-01,7.186971624126785585e-01,-7.512234255032297803e+00,8.194339663033376464e-01,5.653798046897769325e+00,2.898714107328930756e-01,-2.035891132579160934e-01,-3.548692665159909887e-01
-9.969928729390741040e+00,-1.391728623249063101e+00,-1.749813308407796031e+00,6.511798471836529600e-01,2.552320702594936819e-01,3.554697504805517938e-01,-9.875059513656813337e+00,-2.597755696501014011e+00,-1.915881579690345893e+00,3.579693669958965985e-01,-3.002678232481729159e-01,-2.366816365121781895e-01,-4.751982759789578736e+00,4.814583519868689265e+00,7.286018412621764639e+00,3.189725212143065813e-01,4.940248234979122133e-01,-1.838248397532417089e-01,-9.197877806983107973e+00,7.291393894995119584e-01,-2.204667474039541997e+00,7.025038021569860458e-01,2.411769138632846865e-01,5.247232599748251625e-01,-9.197877806983107973e+00,7.291393894995119584e-01,-2.204667474039541997e+00,7.025038021569860458e-01,2.411769138632846865e-01,5.247232599748251625e-01,-7.509568406664646645e+00,6.442284883714093358e-01,5.684843138349789271e+00,2.852672069705847191e-01,-1.947019307350046913e-01,-3.485643906838600259e-01
-9.924512744119761365e+00,-1.404253109665315913e+00,-1.989425474748155009e+00,6.848573216327661362e-01,2.580816909123240799e-01,3.650433970234331915e-01,-9.874992520704807930e+00,-2.611116524599065958e+00,-1.719928692362544975e+00,4.016962487051762842e-01,-3.010599247060296024e-01,-2.281350237630301869e-01,-4.782482684599255407e+00,4.781786615490559278e+00,7.283776461754227327e+00,3.349990390419342878e-01,5.119427992536476069e-01,-2.190712882203879885e-01,-8.907699518525090454e+00,1.891287289583168052e+00,-2.544014264184145002e+00,5.157182968577067594e-01,2.476474188646458907e-01,3.746685181281904087e-01,-8.907699518525090454e+00,1.891287289583168052e+00,-2.544014264184145002e+00,5.157182968577067594e-01,2.476474188646458907e-01,3.746685181281904087e-01,-7.496044620902160283e+00,4.891829193902325068e-01,5.733695896888377774e+00,2.926230528563947275e-01,-1.993309520594545026e-01,-3.486527986431597892e-01
-9.894122792472526129e+00,-1.468878050046583894e+00,-2.208667108162959192e+00,6.789866247095205365e-01,2.486334212041896863e-01,3.793970354103657905e-01,-9.935471565244187175e+00,-2.444419565734662125e+00,-1.448182347689481952e+00,4.861544810493877988e-01,-3.089244125055731205e-01,-2.412750389928194072e-01,-4.764990503040377412e+00,4.638169615760078912e+00,7.299606602368169384e+00,3.575041261979031160e-01,5.267333411739518745e-01,-2.415690532098486998e-01,-9.200916817017528615e+00,2.675844166059189178e+00,-2.793165575070461148e+00,3.171614516010026752e-01,2.616642263484776909e-01,2.713878683452659035e-01,-9.200916817017528615e+00,2.675844166059189178e+00,-2.793165575070461148e+00,3.171614516010026752e-01,2.616642263484776909e-01,2.713878683452659035e-01,-7.505629154667682990e+00,3.950995842321031737e-01,5.791512533030847898e+00,2.999902077897068087e-01,-2.102072200304362093e-01,-3.376051827830356955e-01
-9.734081036017780519e+00,-1.602992593121278952e+00,-2.051461228940453019e+00,6.698090926309644422e-01,2.439709745135248131e-01,3.842889795416685739e-01,-9.843733351869737191e+00,-2.023843879327630990e+00,-1.107429547750635956e+00,5.592171835640555866e-01,-3.230119788548788118e-01,-2.448398379332329955e-01,-4.665981301285644811e+00,4.533209050917979432e+00,7.326688065722835042e+00,3.832723899500667941e-01,5.581950442935791346e-01,-2.559092199156264846e-01,-9.699145769175748555e+00,2.399348726601402859e+00,-2.698333411346060196e+00,1.820270140789611024e-01,2.535863207445112066e-01,2.005486863624141025e-01,-9.699145769175748555e+00,2.399348726601402859e+00,-2.698333411346060196e+00,1.820270140789611024e-01,2.535863207445112066e-01,2.005486863624141025e-01,-7.507353596030871934e+00,3.500711215551943201e-01,5.818201666436587871e+00,3.137160938585806802e-01,-2.313266589265109974e-01,-3.343303650185597831e-01
-9.658038291700787425e+00,-1.729047297468004007e+00,-1.837594412717203030e+00,6.523407032017174423e-01,2.940655561000499185e-01,3.795317802491576242e-01,-9.685957655635764496e+00,-1.497636599800520996e+00,-7.441907871583723910e-01,5.950939926194569463e-01,-3.443867294641428933e-01,-2.729202031318466171e-01,-4.645145935025629669e+00,4.456428871184107798e+00,7.270471272690180342e+00,3.833095073840134814e-01,5.893666993136020826e-01,-2.541851168235789160e-01,-9.909972645172413053e+00,1.393697493902118056e+00,-2.522564753529020098e+00,1.039574762102867950e-01,2.353968859620529930e-01,1.397165283611636888e-01,-9.909972645172413053e+00,1.393697493902118056e+00,-2.522564753529020098e+00,1.039574762102867950e-01,2.353968859620529930e-01,1.397165283611636888e-01,-7.501985504913405656e+00,3.076059928096573914e-01,5.855998355324595117e+00,3.525510637328815866e-01,-2.466651730386535124e-01,-3.345235922474186774e-01
-9.595688814249090370e+00,-1.766233681978151893e+00,-1.769589376529516977e+00,6.093013387919995472e-01,3.026850275411563929e-01,3.778522472012209032e-01,-9.540561798267191307e+00,-5.978435583145023102e-01,-3.519936554768017256e-01,5.631880927277619353e-01,-3.389087674794237226e-01,-3.240393093696928850e-01,-4.382827785488007777e+00,4.714290581258313573e+00,7.299631926487241351e+00,3.849118603703973185e-01,5.858142136846098413e-01,-2.559775287057667881e-01,-9.751963729244197410e+00,1.756251407837645107e-01,-2.105069445021856112e+00,9.252936162253207197e-02,2.205004193089054043e-01,8.195505026748413357e-02,-9.751963729244197410e+00,1.756251407837645107e-01,-2.105069445021856112e+00,9.252936162253207197e-02,2.205004193089054043e-01,8.195505026748413357e-02,-7.506139432048776428e+00,2.713969527426567940e-01,5.780309025663107114e+00,3.695305929867744865e-01,-2.583718812419644184e-01,-3.438611830249220236e-01
-9.501932370981403864e+00,-1.641941490981670970e+00,-1.572923869769301985e+00,5.851727392212985324e-01,2.723248897041309902e-01,3.667623664766975766e-01,-9.669474425633831416e+00,-3.216870778164185873e-01,-2.228361229833217966e-02,4.840837993518645188e-01,-3.358312593491115106e-01,-3.599136718477685126e-01,-4.101220048177199651e+00,4.604481933586217934e+00,7.558550035278296164e+00,3.542737055956596826e-01,5.858843249256946439e-01,-2.651227543826991107e-01,-9.439561682618130334e+00,-3.934227443965229165e-01,-1.938793186042653049e+00,1.304359969149659904e-01,2.257230844008522030e-01,3.503952996886765259e-02,-9.439561682618130334e+00,-3.934227443965229165e-01,-1.938793186042653049e+00,1.304359969149659904e-01,2.257230844008522030e-01,3.503952996886765259e-02,-7.512150314529990602e+00,2.444410391942417882e-01,5.575510065035770069e+00,3.860962252722452970e-01,-2.582248198625721747e-01,-3.534200588109848162e-01
-9.513813209045043351e+00,-1.457658417850167920e+00,-1.414699889764742924e+00,5.593999281187036487e-01,2.628546597721753142e-01,3.493601842279178138e-01,-1.005431424643914085e+01,-1.207162083166477107e+00,5.052241758657293191e-01,3.303636345963403276e-01,-3.378794395608100132e-01,-3.788198851505841791e-01,-4.567491767026469418e+00,3.962053431087916078e+00,7.556553639610046780e+00,3.333896063121681852e-01,6.215139286529722806e-01,-2.570363465228434063e-01,-9.125663696213024423e+00,-4.263474522198523742e-01,-1.993487157410473998e+00,1.661561554293408960e-01,2.393236266820291114e-01,3.848819996160826856e-03,-9.125663696213024423e+00,-4.263474522198523742e-01,-1.993487157410473998e+00,1.661561554293408960e-01,2.393236266820291114e-01,3.848819996160826856e-03,-7.498185406770274675e+00,2.264661349498202914e-01,5.473173309246067930e+00,3.948609765330131083e-01,-2.642668218387004275e-01,-3.662782082485118162e-01
-9.622612487769004019e+00,-1.262488636304585965e+00,-1.370940577291893003e+00,5.187855298708188290e-01,2.631441138151779935e-01,3.206879976474901750e-01,-1.016995689509501055e+01,-1.806171442726308918e+00,8.616343679760697372e-01,1.972792155355063137e-01,-3.403257941864086811e-01,-3.791469230090662723e-01,-4.815938300519251314e+00,3.877632722340734972e+00,7.423776281359960372e+00,3.239621992100144010e-01,6.721328753411409673e-01,-1.931323080650479973e-01,-9.049699246950369869e+00,-6.006092655273804759e-01,-2.018527445550502897e+00,1.678156243926086921e-01,2.441416553319716021e-01,-1.563203865830864112e-02,-9.049699246950369869e+00,-6.006092655273804759e-01,-2.018527445550502897e+00,1.678156243926086921e-01,2.441416553319716021e-01,-1.563203865830864112e-02,-7.502433230473386061e+00,2.085397314198763064e-01,5.517595603247979597e+00,3.873967496029034896e-01,-2.428427557457658037e-01,-3.741989617343531860e-01
-9.777248024781194147e+00,-1.062926419799105959e+00,-1.372551727449613068e+00,4.799879536270633129e-01,2.441196689734936864e-01,2.952962708553805160e-01,-9.796292305926622035e+00,-2.012824264538806140e+00,9.017439629623223984e-01,1.080470398707787938e-01,-3.499566279189856854e-01,-3.770285466302665256e-01,-4.720179310129117844e+00,3.821381780037437004e+00,7.421580515238798803e+00,3.048668920185171882e-01,7.117200453412347860e-01,-1.256840452891231918e-01,-9.347339211156249661e+00,-8.517565732060513595e-01,-1.921720791996009092e+00,1.586455186387069061e-01,2.444160314606642903e-01,-1.709882245400597828e-02,-9.347339211156249661e+00,-8.517565732060513595e-01,-1.921720791996009092e+00,1.586455186387069061e-01,2.444160314606642903e-01,-1.709882245400597828e-02,-7.501615376987126105e+00,1.569998358916459003e-01,5.602321707414723129e+00,3.752869885732986188e-01,-2.114270031408589101e-01,-3.727038709086799018e-01
-9.890558866492204615e+00,-7.747284949478739913e-01,-1.311244581135146081e+00,4.475981899635393946e-01,2.185242230960919019e-01,2.652519977130771145e-01,-9.468892868727241563e+00,-2.132877491211151000e+00,7.635818263420043328e-01,4.948857311501649731e-02,-3.569736852622227841e-01,-3.553860692960258971e-01,-4.744626022563926959e+00,3.851581906898554841e+00,7.430557168747985664e+00,3.083016686677537144e-01,7.506930879302188275e-01,-6.686740702620402876e-02,-9.838768600490636729e+00,-9.135296892334859864e-01,-1.862091409947568055e+00,1.423482448102852127e-01,2.515128244989874862e-01,-2.981062808832235858e-02,-9.838768600490636729e+00,-9.135296892334859864e-01,-1.862091409947568055e+00,1.423482448102852127e-01,2.515128244989874862e-01,-2.981062808832235858e-02,-7.503064764316703439e+00,9.177247968442973913e-02,5.664432569531702377e+00,3.800176860911697041e-01,-1.956629699453898974e-01,-3.916688674052847818e-01
-9.992684337093271196e+00,-4.402366921865716876e-01,-1.306020187161412993e+00,4.296951523612698165e-01,1.928499703485543892e-01,2.478327584438982933e-01,-9.389104891001242237e+00,-2.246818820743308187e+00,4.673450086521260260e-01,7.280458140770311275e-04,-3.545349400416284991e-01,-3.449345371310608144e-01,-4.824146742856078696e+00,4.024151206084763288e+00,7.338175611652435038e+00,3.020534758036104162e-01,7.829566324774803743e-01,-1.124875094369841982e-02,-1.018402009958684040e+01,-7.860618965620942422e-01,-1.811564968327961100e+00,1.097393970033212068e-01,2.719963219454860082e-01,-4.290338687351560182e-02,-1.018402009958684040e+01,-7.860618965620942422e-01,-1.811564968327961100e+00,1.097393970033212068e-01,2.719963219454860082e-01,-4.290338687351560182e-02,-7.508897676499766582e+00,1.752238847363788918e-02,5.704465328354812570e+00,3.819124228217216088e-01,-1.920448929166027885e-01,-4.121427518281743918e-01
-1.011183782318198077e+01,-1.888695442533903091e-01,-1.339307532626710096e+00,4.203137626661975768e-01,1.318346953461408955e-01,2.511141074398127171e-01,-9.488647961978619705e+00,-2.302750498921617872e+00,-2.040690615315430070e-02,-4.160530210989610983e-02,-3.570132085080460760e-01,-3.328867813429500777e-01,-4.928786476120460058e+00,4.336502541764027718e+00,7.189467906658597585e+00,2.892869904702571882e-01,8.192277753240078120e-01,1.786154373831986067e-02,-1.028560587155205930e+01,-6.264662679411958646e-01,-1.765467171523880108e+00,5.637364966049550341e-02,2.633486222800093812e-01,-5.102450342687815665e-02,-1.028560587155205930e+01,-6.264662679411958646e-01,-1.765467171523880108e+00,5.637364966049550341e-02,2.633486222800093812e-01,-5.102450342687815665e-02,-7.509585729659396414e+00,-6.314904882120599139e-02,5.664337348172708175e+00,3.500651741686919838e-01,-1.959914162196050025e-01,-4.423710208648430897e-01
-1.016293372052392918e+01,4.618715905168944286e-02,-1.262216797298963966e+00,4.266527378983059893e-01,9.791422103570600333e-02,2.480211891841734018e-01,-9.626458780591075737e+00,-2.315857607429502085e+00,-4.412438716820843987e-01,-5.792760336777096758e-02,-3.615215842320254058e-01,-3.333433300248007103e-01,-5.043295773440337193e+00,4.603056104014216388e+00,7.056527380354690848e+00,2.796892720560916201e-01,8.452247088676775322e-01,3.226609948703663272e-02,-1.029046489567106981e+01,-4.848048924576955909e-01,-1.515142026917075890e+00,1.647448610505065913e-02,2.557581474796242760e-01,-6.530482058167109971e-02,-1.029046489567106981e+01,-4.848048924576955909e-01,-1.515142026917075890e+00,1.647448610505065913e-02,2.557581474796242760e-01,-6.530482058167109971e-02,-7.509254674505783100e+00,-9.245067282737166880e-02,5.662096019479685438e+00,3.352199641050179757e-01,-1.997957455053915032e-01,-4.708314433212693051e-01
-1.023561700784746975e+01,2.180660757001700867e-01,-1.279891997519301938e+00,4.538731527248781039e-01,7.992522183112114875e-02,2.575596159352063208e-01,-9.750321264666908405e+00,-2.288058339407657016e+00,-7.599487339250038387e-01,-7.240193006174287793e-02,-3.596738949397141893e-01,-3.315757942640287226e-01,-5.105787386780833437e+00,4.783152850963791280e+00,7.002411885228694288e+00,2.652023690796458943e-01,8.664771164796752911e-01,2.930429682646544867e-02,-1.036406114193606065e+01,-5.184831936329153956e-01,-1.360484575953099018e+00,-6.714253839824066081e-03,2.546889562728392731e-01,-6.901566673230606630e-02,-1.036406114193606065e+01,-5.184831936329153956e-01,-1.360484575953099018e+00,-6.714253839824066081e-03,2.546889562728392731e-01,-6.901566673230606630e-02,-7.508948816047659847e+00,-1.057533017591438945e-01,5.737762393927034132e+00,3.200773139114517774e-01,-1.977179546364812024e-01,-4.994407539366454984e-01
-1.028235819660898009e+01,3.059764841711171135e-01,-1.338514195337453083e+00,4.878098296505716247e-01,5.872788301039329195e-02,2.782536905517974946e-01,-9.874529996228170958e+00,-2.334752756454076206e+00,-1.022745002029409100e+00,-8.540219186107941840e-02,-3.770397548642132057e-01,-3.348879399331419204e-01,-5.145565333679484432e+00,4.904123733434206045e+00,6.943833604679456428e+00,2.555501240407329067e-01,8.977727670355989398e-01,2.327220600226415081e-02,-1.044552875877002052e+01,-7.220716194536661581e-01,-1.240790192906721989e+00,5.133668575916844681e-03,2.581351919893459801e-01,-6.718258629918666403e-02,-1.044552875877002052e+01,-7.220716194536661581e-01,-1.240790192906721989e+00,5.133668575916844681e-03,2.581351919893459801e-01,-6.718258629918666403e-02,-7.509032996923011183e+00,-1.170486628898324000e-01,5.844604964203446329e+00,3.098090709746981752e-01,-1.820014908893997918e-01,-5.231501150883246520e-01
-1.027736086732769927e+01,2.928615932180763104e-01,-1.428697480292737909e+00,5.030314374237915276e-01,4.758852256114934343e-02,3.147608361606287763e-01,-9.954337287983781479e+00,-2.395741675011361149e+00,-1.238906651336729947e+00,-7.217912204033252732e-02,-3.692397908731159251e-01,-3.503960984967001147e-01,-5.218375039422618933e+00,5.062912273667221186e+00,6.851462457855856059e+00,2.571511013718402183e-01,9.334757064247907188e-01,7.218440541881536616e-03,-1.054643162536802059e+01,-7.761098917005905262e-01,-1.063552347960305955e+00,4.569002767160226797e-02,2.692309333628017942e-01,-6.256893642003741318e-02,-1.054643162536802059e+01,-7.761098917005905262e-01,-1.063552347960305955e+00,4.569002767160226797e-02,2.692309333628017942e-01,-6.256893642003741318e-02,-7.514094880846719171e+00,-7.881966073986995669e-02,5.851313629560443985e+00,3.069110327642922131e-01,-1.621158840038227078e-01,-5.342456670197918145e-01
-1.022889173273926922e+01,2.217720216940070876e-01,-1.453840203129084019e+00,5.169208754241683135e-01,5.260903551700064906e-02,3.560817922619480269e-01,-9.981232429395870298e+00,-2.379771649550757928e+00,-1.428180834597021054e+00,-3.799787852029685997e-02,-3.842083987213912866e-01,-3.673706108993319841e-01,-5.279872976472622881e+00,5.185128847001045038e+00,6.815378200675175080e+00,2.603229833406461857e-01,9.661161466932634001e-01,-2.146765735584808127e-02,-1.064340989989070962e+01,-5.598133115861650966e-01,-8.409587118995569544e-01,1.021080535750897023e-01,2.793628690904171874e-01,-4.961319048739103177e-02,-1.064340989989070962e+01,-5.598133115861650966e-01,-8.409587118995569544e-01,1.021080535750897023e-01,2.793628690904171874e-01,-4.961319048739103177e-02,-7.512715712264808054e+00,4.485626103238411246e-03,5.746916042360600052e+00,3.277163873163684848e-01,-1.595386868964404903e-01,-5.328512545686978630e-01
-1.016433564612682083e+01,1.039913320021994964e-01,-1.436469535852405999e+00,5.448022156799163795e-01,6.696737775900860057e-02,3.831546563265745275e-01,-1.003949536432216938e+01,-2.085226469309577002e+00,-1.510651832850177900e+00,1.747768478903291914e-02,-3.819363125040414753e-01,-3.918127696060322851e-01,-5.189570916800885669e+00,5.053052633759675949e+00,6.914489754155717982e+00,2.827828171040117078e-01,1.004196110114210949e+00,-6.755652478494357516e-02,-1.055959626181999056e+01,-4.327230844620187922e-01,-8.115046481020962155e-01,1.651720460252857903e-01,2.753167490334826883e-01,-3.007706802863132148e-02,-1.055959626181999056e+01,-4.327230844620187922e-01,-8.115046481020962155e-01,1.651720460252857903e-01,2.753167490334826883e-01,-3.007706802863132148e-02,-7.515770513739875369e+00,6.060761051697927115e-02,5.675638035017838590e+00,3.427952785383048262e-01,-1.460847950218183977e-01,-5.233455788413092780e-01
-1.014954776135994940e+01,3.173960183872510249e-02,-1.436478999988056060e+00,5.676237733031793686e-01,7.976938970217792302e-02,4.084973540405618109e-01,-9.960032024378744353e+00,-1.829480069612281934e+00,-1.336686397596458020e+00,7.268320314126819337e-02,-4.004629421070607931e-01,-4.135267818206294077e-01,-4.655482456622584309e+00,5.127964820791524048e+00,7.092325930821628432e+00,3.036487149387346873e-01,1.023689811991358001e+00,-1.013111637307627932e-01,-1.024085059785175034e+01,-5.506235032710534716e-01,-9.815331150370687485e-01,1.842290057616254029e-01,2.703503350615011902e-01,-1.558781819268044953e-02,-1.024085059785175034e+01,-5.506235032710534716e-01,-9.815331150370687485e-01,1.842290057616254029e-01,2.703503350615011902e-01,-1.558781819268044953e-02,-7.515282679732946391e+00,1.768208418697294129e-02,5.595394909963278707e+00,3.369155417656474749e-01,-1.161208682975097967e-01,-5.042458011051162980e-01
-1.014189064312222932e+01,-2.058962404197765828e-02,-1.380012875176175102e+00,5.807643442597679728e-01,8.459553270077840859e-02,4.275052374428056079e-01,-9.719898353222268028e+00,-2.814281018328436801e+00,-7.799699616084269094e-01,1.455411829630754994e-01,-4.241710278553786906e-01,-4.061591221858267819e-01,-4.961833094126268939e+00,4.823670605169438907e+00,6.752613287766424222e+00,2.954103199128697010e-01,1.022295725789069909e+00,-1.631916192742133009e-01,-9.913738521716497942e+00,-7.526105223258698906e-01,-1.307666561257126991e+00,1.843881352730142864e-01,2.759033163521897869e-01,5.127581829583716805e-03,-9.913738521716497942e+00,-7.526105223258698906e-01,-1.307666561257126991e+00,1.843881352730142864e-01,2.759033163521897869e-01,5.127581829583716805e-03,-7.508889724172875368e+00,-1.081961689094966955e-01,5.573046975938808600e+00,3.292578272450928933e-01,-9.540802004513872225e-02,-4.868558280823392925e-01
-1.010527248347544038e+01,-7.199055111408043939e-02,-1.366871724453637915e+00,5.683661077651971372e-01,5.744169086112207306e-02,4.323996407351948790e-01,-9.295604962408665628e+00,-3.883711336106471013e+00,-2.700626743407821828e-01,1.842310138933836994e-01,-4.457070613725717112e-01,-3.849032273397534065e-01,-5.877428572781571603e+00,4.455585084954400976e+00,6.277796612473104609e+00,2.615440281932915889e-01,1.012332505443088060e+00,-1.708605726544553116e-01,-9.663724416715735899e+00,-1.004698008678013066e+00,-1.666097861585678963e+00,1.740816314636242090e-01,2.724257692187183055e-01,1.317064056458757022e-02,-9.663724416715735899e+00,-1.004698008678013066e+00,-1.666097861585678963e+00,1.740816314636242090e-01,2.724257692187183055e-01,1.317064056458757022e-02,-7.520062541155262181e+00,-2.654374328966772056e-01,5.619705920708604197e+00,3.068249502028055908e-01,-8.051348036082441040e-02,-4.708872785120267190e-01
-9.928380098383289720e+00,-7.504954148668854796e-02,-1.459862148144805083e+00,5.269711817638617068e-01,3.155124534696167153e-03,4.198845870622733845e-01,-8.664423538714187245e+00,-3.990270160139421929e+00,-4.281321292896231312e-02,2.112664377491955958e-01,-4.446926592451428961e-01,-3.355587666051508267e-01,-5.742861713099678411e+00,4.400649644098644231e+00,6.115809668314309278e+00,2.552170582474417859e-01,9.908226227295240385e-01,-1.231948850934436041e-01,-9.498329139969669654e+00,-1.210885164783676915e+00,-1.953204958958908000e+00,1.520164365349097879e-01,2.765611394578846860e-01,3.705946392822213192e-02,-9.498329139969669654e+00,-1.210885164783676915e+00,-1.953204958958908000e+00,1.520164365349097879e-01,2.765611394578846860e-01,3.705946392822213192e-02,-7.524645343539123843e+00,-4.046280169123112058e-01,5.666363608153017317e+00,2.766086986645472923e-01,-7.024747462008350263e-02,-4.550166633836503771e-01
-9.698638171727026247e+00,-6.246601193691293796e-02,-1.583925130259782987e+00,4.691590589139509881e-01,-5.584158043799056226e-02,3.961187815494994213e-01,-8.134501800618338052e+00,-3.883051861826658957e+00,5.086278559928596871e-02,2.529252152238163909e-01,-4.263243928711573094e-01,-2.893957065834781850e-01,-5.658447781016383793e+00,4.406149024762736843e+00,6.030303744959200962e+00,2.504014267609219746e-01,9.401810391274206813e-01,-9.931753662070830213e-02,-9.531177387298425785e+00,-1.272837921317935050e+00,-2.139648262109245191e+00,1.559679927122550047e-01,2.753316637744688267e-01,4.708033127482204316e-02,-9.531177387298425785e+00,-1.272837921317935050e+00,-2.139648262109245191e+00,1.559679927122550047e-01,2.753316637744688267e-01,4.708033127482204316e-02,-7.520261655167432835e+00,-5.416512019449291060e-01,5.668493182099675565e+00,2.462329717334985069e-01,-6.025096903116296948e-02,-4.296897979302526926e-01
-9.516854731620009389e+00,-1.822436084434428047e-02,-1.669374833996813079e+00,4.141256885497722195e-01,-8.922317627526131500e-02,3.611541318852243831e-01,-7.966012598327186112e+00,-3.974185358075677854e+00,9.977745851283617573e-02,2.377099908888203883e-01,-4.181987119474108172e-01,-2.246132666257668886e-01,-5.900045251760345444e+00,4.342587656999996604e+00,5.884009290026383177e+00,2.278207238362285059e-01,8.710313347420288732e-01,-8.356305871779938499e-02,-9.698389992505342505e+00,-1.045732039913229938e+00,-2.188084531509093100e+00,1.553438257798805122e-01,2.971357354794105787e-01,5.807518228014436207e-02,-9.698389992505342505e+00,-1.045732039913229938e+00,-2.188084531509093100e+00,1.553438257798805122e-01,2.971357354794105787e-01,5.807518228014436207e-02,-7.516404353901883439e+00,-6.428192099949038285e-01,5.586063586761789601e+00,2.249881493998815984e-01,-4.410533864849910946e-02,-4.091092181996843768e-01
-9.415453714359921733e+00,7.297540798239161852e-02,-1.684825778602420110e+00,3.784072940877269975e-01,-6.965624280277470104e-02,3.356606873501694066e-01,-7.959897935007467673e+00,-4.087017338805316591e+00,-6.283054523341895237e-02,2.338370160578396861e-01,-4.054591223901791164e-01,-1.646519188447765902e-01,-6.056024533172739588e+00,4.346793149053955752e+00,5.784958600300844189e+00,2.230205323373717907e-01,8.039359083289435715e-01,-4.863660768613693036e-02,-9.833968909194483743e+00,-5.907905685153920228e-01,-1.979318322154917098e+00,1.568445870500088102e-01,2.891354275468034918e-01,6.944567923889814753e-02,-9.833968909194483743e+00,-5.907905685153920228e-01,-1.979318322154917098e+00,1.568445870500088102e-01,2.891354275468034918e-01,6.944567923889814753e-02,-7.517693690644371429e+00,-7.058581170010741479e-01,5.479183521377808397e+00,1.994040701282588091e-01,-5.339343848353465122e-02,-3.931582683967209113e-01
-9.379017042869069343e+00,1.766348975925944864e-01,-1.676187556593428996e+00,3.443992957258906196e-01,-4.697737159387464084e-02,3.008477819149396049e-01,-8.011017614276402909e+00,-3.953684120860851969e+00,-3.011393169078708798e-01,2.448386818717636082e-01,-3.785271805197565897e-01,-1.283107815143353092e-01,-6.015018231339354315e+00,4.599239842586949401e+00,5.647556804070479330e+00,2.230450872545644003e-01,7.371692113011484304e-01,-1.673993754801535866e-02,-9.666779890975892187e+00,-3.511745171149424083e-01,-1.767912625573631047e+00,1.546657802907658863e-01,2.745582300438164092e-01,8.061393160119283141e-02,-9.666779890975892187e+00,-3.511745171149424083e-01,-1.767912625573631047e+00,1.546657802907658863e-01,2.745582300438164092e-01,8.061393160119283141e-02,-7.520774312869465739e+00,-7.776579903989260245e-01,5.358934418507727671e+00,1.811010443336004139e-01,-5.509487157245032685e-02,-3.868821919511151175e-01
-9.330684431489761010e+00,3.121896021527519882e-01,-1.646499666109715987e+00,3.201519920168170996e-01,-3.068279279320577924e-02,2.865074628726581030e-01,-8.116435288622819044e+00,-3.600499822102937841e+00,-5.526931442760341096e-01,2.525933153765237971e-01,-3.547220698525975768e-01,-9.851282718365034219e-02,-6.052524783955904653e+00,4.727192545675651836e+00,5.534960949511169126e+00,2.149027833534286058e-01,6.620745208640973489e-01,-1.990886675729110905e-02,-9.444918904557010109e+00,-3.022361654764919026e-01,-1.653463004732949937e+00,1.514496597906185016e-01,2.769955965743272075e-01,7.299642223040887778e-02,-9.444918904557010109e+00,-3.022361654764919026e-01,-1.653463004732949937e+00,1.514496597906185016e-01,2.769955965743272075e-01,7.299642223040887778e-02,-7.526898374349453746e+00,-8.113572213056565730e-01,5.281012312099382378e+00,1.539677708128349976e-01,-8.534746455904587692e-02,-3.788558619683157214e-01
-9.275526690517011730e+00,4.455004489516514732e-01,-1.596506481947524092e+00,2.959089219428981954e-01,-2.082724771067484895e-02,2.721777250650960767e-01,-8.266618169504946323e+00,-3.410435311728546193e+00,-7.286420097395074347e-01,2.475909800337613986e-01,-3.146659845237431141e-01,-7.984270933853648833e-02,-6.066271828238032349e+00,4.940568971810053611e+00,5.541598044139709245e+00,2.018660135791776888e-01,5.867523639595870755e-01,-4.387898307217522054e-02,-9.481667079465836423e+00,-1.813168119537663103e-01,-1.676327206179931029e+00,1.406678941285670059e-01,2.828478965249339172e-01,5.823581512873431815e-02,-9.481667079465836423e+00,-1.813168119537663103e-01,-1.676327206179931029e+00,1.406678941285670059e-01,2.828478965249339172e-01,5.823581512873431815e-02,-7.523877900352088588e+00,-8.403078738679985449e-01,5.303596207276945584e+00,1.280019041808412028e-01,-1.220987200982630028e-01,-3.773947455963350128e-01
-9.310613747149529829e+00,5.608779110686120672e-01,-1.519102097318820066e+00,2.846571377076074771e-01,-1.261236527440589075e-02,2.736549566758817997e-01,-8.565396236802317986e+00,-3.306810349241697811e+00,-8.044881639203707024e-01,2.297114824030541125e-01,-2.887771787980836780e-01,-6.579112648819748776e-02,-6.057570263903227392e+00,4.958385236603186641e+00,5.602353642658622235e+00,2.097930062553867991e-01,5.213964120934599933e-01,-6.479962021295471164e-02,-9.704576577345230604e+00,-1.226103038773491971e-01,-1.759403062785509064e+00,1.453583161611272934e-01,2.741138409209736837e-01,4.239157110477560775e-02,-9.704576577345230604e+00,-1.226103038773491971e-01,-1.759403062785509064e+00,1.453583161611272934e-01,2.741138409209736837e-01,4.239157110477560775e-02,-7.521411958171833945e+00,-8.764022011353445052e-01,5.385578166279242573e+00,1.100042267313650068e-01,-1.382374187424879053e-01,-3.740670922677383770e-01
-9.455428322201703040e+00,6.410305853674835852e-01,-1.447000534841877073e+00,2.705666295843979774e-01,2.138490681788237160e-02,2.737194744457756013e-01,-8.864926895183748101e+00,-3.282496709609255880e+00,-8.869327650414569053e-01,2.296149366842701045e-01,-2.647975521468872162e-01,-5.328743828282508227e-02,-6.051963975203906720e+00,5.070974340109348333e+00,5.708066202666823408e+00,2.064248295993836024e-01,4.753888562010201158e-01,-9.845937365139170727e-02,-9.967687499880753421e+00,-1.719448801976062868e-01,-1.867547164210856980e+00,1.446122206922396125e-01,2.729805155042370202e-01,3.446907923033436238e-02,-9.967687499880753421e+00,-1.719448801976062868e-01,-1.867547164210856980e+00,1.446122206922396125e-01,2.729805155042370202e-01,3.446907923033436238e-02,-7.528074698193998771e+00,-8.966009404587506060e-01,5.514680986683718089e+00,9.968251318233556368e-02,-1.411480800131093005e-01,-3.723511849266262774e-01
-9.612650833111793247e+00,6.873923659265815944e-01,-1.356342705691677919e+00,2.769576787448986277e-01,4.548839728625597711e-02,2.784061578378406732e-01,-9.192257727591620409e+00,-3.220555697539928985e+00,-8.804257597942323210e-01,2.492310018061001942e-01,-2.411382683597395882e-01,-5.447099687944036844e-02,-6.034205244935433754e+00,5.054480366848980388e+00,5.840860044897237202e+00,2.191953698041108067e-01,4.511528136184602134e-01,-1.303486459737084047e-01,-1.010777469026606035e+01,-1.094093927654671977e-01,-1.975496825575074000e+00,1.523606108928270975e-01,2.633903520437442802e-01,1.347216369135314021e-02,-1.010777469026606035e+01,-1.094093927654671977e-01,-1.975496825575074000e+00,1.523606108928270975e-01,2.633903520437442802e-01,1.347216369135314021e-02,-7.525149179866019722e+00,-9.323900434267360371e-01,5.574747514585834729e+00,1.144707646022953967e-01,-1.370532871373713879e-01,-3.598047746357351251e-01
-9.794557912585617032e+00,7.008234782334494817e-01,-1.329064558105341964e+00,2.802568215740380841e-01,5.031676426824736176e-02,2.831616254231589802e-01,-9.447590935406589452e+00,-3.112275662839445012e+00,-8.401145215951476564e-01,2.977707618721298077e-01,-2.339800314148408056e-01,-5.915528423893025994e-02,-6.015643273119088974e+00,5.041721906719190294e+00,5.951138693666331747e+00,2.303291094197555122e-01,4.165038776175358226e-01,-1.673988928770840934e-01,-1.004513196305449085e+01,-1.256395821314124917e-01,-2.002910611186988099e+00,1.582742917285930861e-01,2.504864789420956916e-01,7.025883069325824723e-03,-1.004513196305449085e+01,-1.256395821314124917e-01,-2.002910611186988099e+00,1.582742917285930861e-01,2.504864789420956916e-01,7.025883069325824723e-03,-7.531459429320035426e+00,-9.569753011173051105e-01,5.625932699892689293e+00,1.506351847639368080e-01,-1.267434702147131054e-01,-3.519289798925017143e-01
-9.902750590636424377e+00,6.542940093531104395e-01,-1.342458235231489105e+00,2.993579030123169060e-01,2.756450200767587844e-02,2.879123650911332155e-01,-9.555549073714342256e+00,-2.927462307089407911e+00,-7.065589353112847748e-01,3.612079663894138815e-01,-2.270780019636625124e-01,-6.928331618353063270e-02,-6.006419999197365911e+00,4.993939923948407689e+00,6.029935614894886164e+00,2.414949008360522120e-01,4.118824568190758151e-01,-2.040111810206521048e-01,-9.872036354123327584e+00,-2.904140912224110194e-01,-2.046451049030093117e+00,1.551967201316107881e-01,2.347782762224099040e-01,-2.482243309924813974e-03,-9.872036354123327584e+00,-2.904140912224110194e-01,-2.046451049030093117e+00,1.551967201316107881e-01,2.347782762224099040e-01,-2.482243309924813974e-03,-7.532417123347772581e+00,-1.026437056924409896e+00,5.641820750506433058e+00,1.670668188710983937e-01,-1.214381591728749960e-01,-3.425576695945350969e-01
-9.942824706806666413e+00,5.821446748275993510e-01,-1.392352431039757921e+00,3.151613129413760039e-01,-4.888757624644936989e-03,2.832215020531211880e-01,-9.601641500258134343e+00,-2.558031280263766138e+00,-4.906065996237040094e-01,4.247453639332373077e-01,-2.217650193925720936e-01,-8.562767612479328661e-02,-5.831024336263592289e+00,4.859320774922226249e+00,6.135809671736725868e+00,2.559188525249728174e-01,4.152641461388669741e-01,-2.311943798750187018e-01,-9.771931756619181897e+00,-4.495367764527449239e-01,-2.043895748518587130e+00,1.631539296057251121e-01,2.220854767556212084e-01,-1.048065406146645069e-02,-9.771931756619181897e+00,-4.495367764527449239e-01,-2.043895748518587130e+00,1.631539296057251121e-01,2.220854767556212084e-01,-1.048065406146645069e-02,-7.523963204288506290e+00,-1.152400885339950110e+00,5.670581252773030378e+00,1.686225195669021903e-01,-1.137097714537848026e-01,-3.457116806181376734e-01
-9.914702368458687687e+00,5.203181750527855476e-01,-1.439895244522559015e+00,3.200201975828921852e-01,-2.907207021319658038e-02,2.864331701863773172e-01,-9.582714311498612858e+00,-2.283696425812236974e+00,-1.607359957766283098e-01,4.719066757835621018e-01,-2.321391057839695959e-01,-1.122577588065623994e-01,-5.696933627730081717e+00,4.596266899226100655e+00,6.293511555148564973e+00,2.832355169378366067e-01,4.174977043156541945e-01,-2.566466433960539195e-01,-9.753351512323890304e+00,-5.053782287394180672e-01,-2.020835899508933053e+00,1.632415361917065877e-01,2.237297569563516109e-01,-1.694803373302471855e-02,-9.753351512323890304e+00,-5.053782287394180672e-01,-2.020835899508933053e+00,1.632415361917065877e-01,2.237297569563516109e-01,-1.694803373302471855e-02,-7.528953287280547357e+00,-1.271536869876330078e+00,5.641307950264996762e+00,1.672133213178670086e-01,-1.102926175462862063e-01,-3.472128881675405898e-01
-9.831981179801889681e+00,4.625282186991883093e-01,-1.426396214864732892e+00,3.358158126935156251e-01,-4.699419369204312774e-02,2.864131471845939858e-01,-9.604390253783476439e+00,-2.195183604776080877e+00,1.354101516198800981e-01,4.882991773198666063e-01,-2.484070007990916984e-01,-1.244104979970249020e-01,-5.663503141724942402e+00,4.448428415000724279e+00,6.372357850632448972e+00,3.250609596806384172e-01,4.158786927696945801e-01,-2.778573281315869781e-01,-9.730612616803696824e+00,-5.346121499117847398e-01,-1.908051466919080008e+00,1.580347023491008862e-01,2.203734773848068929e-01,-1.215045977423081028e-02,-9.730612616803696824e+00,-5.346121499117847398e-01,-1.908051466919080008e+00,1.580347023491008862e-01,2.203734773848068929e-01,-1.215045977423081028e-02,-7.536178060833984560e+00,-1.381575215234529086e+00,5.607855638314262592e+00,1.522204132982961089e-01,-1.100929546346170046e-01,-3.535104450046164803e-01
-9.805693878773620753e+00,3.947621100687637163e-01,-1.433042549939927968e+00,3.293526650464100869e-01,-5.817604286886966791e-02,2.863641746381277997e-01,-9.713800846219156071e+00,-2.299076275262561087e+00,5.877120477619725003e-01,4.930688972710708939e-01,-2.644773333369431767e-01,-1.309710191977963012e-01,-5.764062455293305298e+00,4.474385989576314060e+00,6.298060594135857393e+00,3.379259769214730258e-01,4.290590931846233191e-01,-2.906692483142859773e-01,-9.596779087550201481e+00,-6.327024665936482606e-01,-1.807023924789777913e+00,1.669947410099340002e-01,2.128388715150086041e-01,5.865744959264424831e-03,-9.596779087550201481e+00,-6.327024665936482606e-01,-1.807023924789777913e+00,1.669947410099340002e-01,2.128388715150086041e-01,5.865744959264424831e-03,-7.536906476459306781e+00,-1.466850442486050010e+00,5.565682155482478244e+00,1.490756076973067112e-01,-1.028884999973753017e-01,-3.504341745841347833e-01
-9.779819568371292959e+00,2.840213052887985978e-01,-1.440453875623652902e+00,3.134797284466268041e-01,-5.964207103935104809e-02,2.785439438070478890e-01,-9.866287785487939388e+00,-2.411827738399467957e+00,9.373156803777050738e-01,4.721145737869181236e-01,-2.512907568502303901e-01,-1.375362036597896076e-01,-5.923726637659133765e+00,4.247625251441741412e+00,6.367916325917216902e+00,3.573386294364852001e-01,4.699876754101792731e-01,-2.780378286721855163e-01,-9.454444853448377373e+00,-7.062722378440235982e-01,-1.890030647297683108e+00,1.680153717517680889e-01,2.243851052743270902e-01,1.238493932403125948e-02,-9.454444853448377373e+00,-7.062722378440235982e-01,-1.890030647297683108e+00,1.680153717517680889e-01,2.243851052743270902e-01,1.238493932403125948e-02,-7.545236564295218606e+00,-1.511782841205403960e+00,5.549904747515210346e+00,1.371213099214529940e-01,-8.011193068774116743e-02,-3.440252967713601784e-01
-9.760755660625196839e+00,1.981363445201171081e-01,-1.382077172580580049e+00,2.927621846603933875e-01,-5.619952497429220317e-02,2.722363303218645059e-01,-9.841312496852539837e+00,-2.319736495861342895e+00,1.053010293705129108e+00,4.447016870448203818e-01,-2.619974592101239064e-01,-1.438418177761709993e-01,-5.883261975626481011e+00,4.217923848609880011e+00,6.424201280797878333e+00,3.574747594306019183e-01,5.157760358700480552e-01,-2.476662963677843110e-01,-9.433449030821437375e+00,-6.309745714700847330e-01,-1.984415695723179107e+00,1.695406489724166077e-01,2.227331385635293037e-01,2.046451737634922066e-02,-9.433449030821437375e+00,-6.309745714700847330e-01,-1.984415695723179107e+00,1.695406489724166077e-01,2.227331385635293037e-01,2.046451737634922066e-02,-7.538479672718858993e+00,-1.534502203161622003e+00,5.549892095390029922e+00,1.192360846461995028e-01,-6.961069497644020720e-02,-3.343925413286564230e-01
-9.751541559467504783e+00,1.715058130859815066e-01,-1.350669781776155043e+00,2.845108316935804904e-01,-6.426729799610055027e-02,2.579938088625530201e-01,-9.802666183423870194e+00,-2.171680218974850973e+00,1.291545074246533975e+00,4.137396684452975260e-01,-2.726482433138219252e-01,-1.445504279962236127e-01,-5.854220636374219744e+00,4.153482507461403905e+00,6.467007234056885601e+00,3.640751097706979023e-01,5.621003946617879610e-01,-2.106681011162228057e-01,-9.529419066963418672e+00,-5.580774942815982520e-01,-2.048693364038789877e+00,1.555899471859880923e-01,2.222258051516370070e-01,2.680283305862595986e-02,-9.529419066963418672e+00,-5.580774942815982520e-01,-2.048693364038789877e+00,1.555899471859880923e-01,2.222258051516370070e-01,2.680283305862595986e-02,-7.542937820764339385e+00,-1.527669024668091957e+00,5.532090926125689201e+00,1.101755224422012042e-01,-4.531874837938502237e-02,-3.423743315742405202e-01
-9.767865991974858275e+00,1.911136717107176086e-01,-1.386872686315169023e+00,2.812675615473477220e-01,-5.460802012956435941e-02,2.532506836166404929e-01,-9.714530342043515176e+00,-2.113560846620520017e+00,1.336016455709756912e+00,3.668706425083597122e-01,-2.926016639925997920e-01,-1.558818133853256127e-01,-5.873159606448060011e+00,4.144203805765470428e+00,6.464747603453924185e+00,3.674258540607098222e-01,6.104985942586603764e-01,-1.839256619333796972e-01,-9.617027762527555979e+00,-6.187649538885341416e-01,-2.161287104691377969e+00,1.095964071366030967e-01,2.202745089634293996e-01,3.975749550855389725e-02,-9.617027762527555979e+00,-6.187649538885341416e-01,-2.161287104691377969e+00,1.095964071366030967e-01,2.202745089634293996e-01,3.975749550855389725e-02,-7.545892955560693949e+00,-1.485023257182294998e+00,5.518769270619401368e+00,1.133427934889957023e-01,-4.810639736042997272e-02,-3.502424427294298925e-01
-9.827165000465011957e+00,2.540654519442588910e-01,-1.388548163415352921e+00,2.632840516792782082e-01,-5.448241107825301660e-02,2.404496315991621058e-01,-9.665293542622581668e+00,-2.143288860994451817e+00,1.269105559897875990e+00,3.053605792347576231e-01,-2.899082824265939995e-01,-1.596254307835575093e-01,-5.986265880208330614e+00,4.227443477543396000e+00,6.394926775826456300e+00,3.579406949377083036e-01,6.632446111490875040e-01,-1.404134099970756888e-01,-9.561461090817283903e+00,-7.616170319044021086e-01,-2.184037703479539960e+00,8.143050723008121716e-02,2.104679671397713114e-01,3.981671762939750780e-02,-9.561461090817283903e+00,-7.616170319044021086e-01,-2.184037703479539960e+00,8.143050723008121716e-02,2.104679671397713114e-01,3.981671762939750780e-02,-7.541700112249866805e+00,-1.446672120853693011e+00,5.507649870368737766e+00,1.295604389171939874e-01,-4.835250488230583010e-02,-3.488480851749936051e-01
-9.839735258021761410e+00,3.285291020916373816e-01,-1.361449113018236901e+00,2.611475505067054059e-01,-5.626697842184197329e-02,2.182490558812958115e-01,-9.707435453045739848e+00,-2.111105079219686154e+00,1.080019323306703027e+00,2.339156539821400094e-01,-2.998239786478574809e-01,-1.688401741683787927e-01,-6.042646734796715435e+00,4.305030914143603837e+00,6.203581001718850629e+00,3.597086560350615803e-01,7.023059563879864298e-01,-1.006345806711701069e-01,-9.470844657961032809e+00,-8.103073450581814718e-01,-2.179849630518940096e+00,6.687677959804716465e-02,2.033217847876729045e-01,4.989938730868181266e-02,-9.470844657961032809e+00,-8.103073450581814718e-01,-2.179849630518940096e+00,6.687677959804716465e-02,2.033217847876729045e-01,4.989938730868181266e-02,-7.550744869090710409e+00,-1.439806829955331935e+00,5.549955927506737829e+00,1.567448973213302066e-01,-5.749485441119662338e-02,-3.456625986563732766e-01
-9.845104538212300582e+00,4.077031995052528002e-01,-1.395020433219527067e+00,2.417917763624966021e-01,-4.643396026269917820e-02,2.086822898757889899e-01,-9.709638502878799926e+00,-2.135668386079573100e+00,8.950557369964564636e-01,1.757088166617208069e-01,-3.019763309400376738e-01,-1.788386057932591922e-01,-6.074683887634114043e+00,4.372830144400572827e+00,6.057257535792793135e+00,3.582129103856824259e-01,7.415412723598776568e-01,-7.504427354135863315e-02,-9.455459940815607922e+00,-7.545026655252881076e-01,-2.191060938061859087e+00,6.518323689026740697e-02,2.008823685280061999e-01,6.095714394363797861e-02,-9.455459940815607922e+00,-7.545026655252881076e-01,-2.191060938061859087e+00,6.518323689026740697e-02,2.008823685280061999e-01,6.095714394363797861e-02,-7.546198152413925442e+00,-1.460195075439977064e+00,5.572203853429103404e+00,1.885565122720631037e-01,-5.315417666867953278e-02,-3.361006398361556791e-01
-9.825631827864308221e+00,5.109606681427610875e-01,-1.408117123898841028e+00,2.331605426493358058e-01,-4.328795490952391106e-02,1.879632997827382079e-01,-9.678385512155871950e+00,-2.266291774720894825e+00,7.837704947602857075e-01,1.239409844923500953e-01,-2.930216519927589802e-01,-1.955369964051683063e-01,-6.148558593695524266e+00,4.584725085433952962e+00,6.014374171082834231e+00,3.743942697329323832e-01,7.825447703907554287e-01,-6.551486148718209390e-02,-9.502077604154187895e+00,-6.909237335493410015e-01,-2.216043182034185932e+00,8.161941022428399750e-02,2.017632857194540941e-01,6.540316368739106101e-02,-9.502077604154187895e+00,-6.909237335493410015e-01,-2.216043182034185932e+00,8.161941022428399750e-02,2.017632857194540941e-01,6.540316368739106101e-02,-7.554191307588495441e+00,-1.498085015772570916e+00,5.561136350997169409e+00,2.048285656216717876e-01,-5.065563837814111153e-02,-3.251693711040062884e-01
-9.832137072770185782e+00,6.288518517221132198e-01,-1.410425592061463895e+00,2.346049588784321904e-01,-3.373552662671971264e-02,1.784848039508460105e-01,-9.754625323191438824e+00,-2.287811474241836951e+00,5.407938375678964515e-01,8.536628657491632244e-02,-2.923019448448668789e-01,-2.146055150818924895e-01,-6.183127878282041578e+00,4.656464789536326698e+00,6.032337447756941806e+00,3.808594788876685233e-01,8.204035645658818154e-01,-7.172303766171039818e-02,-9.546657113308350873e+00,-5.865080468759937826e-01,-2.193539481468859798e+00,1.189851511171940990e-01,2.026153101571956938e-01,7.380081573740857048e-02,-9.546657113308350873e+00,-5.865080468759937826e-01,-2.193539481468859798e+00,1.189851511171940990e-01,2.026153101571956938e-01,7.380081573740857048e-02,-7.555688452702890245e+00,-1.561113044439901953e+00,5.572144183381049665e+00,2.276328609626926958e-01,-4.010899325586266689e-02,-3.171627654220884884e-01
-9.844486243009777482e+00,7.035262345177693000e-01,-1.412533952322233999e+00,2.311029579607903062e-01,1.624869688857732064e-03,1.673114232350250974e-01,-9.836512581262191190e+00,-2.348643077734756002e+00,3.179977575951566937e-01,6.768666204229435712e-02,-2.903655670734219263e-01,-2.258079338501134126e-01,-6.083263699216605147e+00,4.698123040337438105e+00,6.048084690896797788e+00,3.889583947278869025e-01,8.579806785148135218e-01,-7.016818633105824377e-02,-9.618770376615286111e+00,-3.767877827626021081e-01,-2.157066383517434183e+00,1.389389455568195986e-01,2.012774914836807927e-01,7.870310457044804586e-02,-9.618770376615286111e+00,-3.767877827626021081e-01,-2.157066383517434183e+00,1.389389455568195986e-01,2.012774914836807927e-01,7.870310457044804586e-02,-7.552676703122489954e+00,-1.615067619205458938e+00,5.587688135954660851e+00,2.351262534271142124e-01,-4.187695514179883005e-02,-3.060698357495232891e-01
-9.888708897002221221e+00,7.738433356005584018e-01,-1.484734641139308087e+00,2.306753638519465077e-01,1.273887908523359952e-02,1.498538917538863036e-01,-9.803588832287172039e+00,-2.580820355124254117e+00,2.980650174780454797e-01,7.729783455812735959e-02,-2.905357735445988077e-01,-2.243954318811912096e-01,-6.065700312330463362e+00,4.752560040377982631e+00,5.958034899348149338e+00,4.034337935250852936e-01,8.888721211288853619e-01,-8.951225701660078804e-02,-9.702449984586534626e+00,-1.469971613436245883e-01,-2.148301031246572013e+00,1.380929399258044865e-01,1.953264586430877026e-01,7.889596854093458567e-02,-9.702449984586534626e+00,-1.469971613436245883e-01,-2.148301031246572013e+00,1.380929399258044865e-01,1.953264586430877026e-01,7.889596854093458567e-02,-7.559379042283866035e+00,-1.606118760079279006e+00,5.431887148629725104e+00,2.532088841129974122e-01,-2.424145655757966103e-02,-2.854728769046792070e-01
-9.897936872033362476e+00,8.047726124558501892e-01,-1.563537289474546066e+00,2.302727418160790129e-01,-1.151926580154977002e-02,1.371498865281574886e-01,-9.656686875414386861e+00,-2.883957056595690904e+00,2.867629266854421766e-01,9.842272688579326023e-02,-2.925236296292270111e-01,-2.190903040352245035e-01,-6.202003893191895045e+00,4.739849244696943131e+00,5.816242496980313703e+00,4.066297764754419064e-01,8.990995812889113203e-01,-1.020069626038942051e-01,-9.764311751140914097e+00,-1.077292481074194064e-01,-2.173272099450350048e+00,1.301283967432556865e-01,1.946274147308861002e-01,7.058666160734250461e-02,-9.764311751140914097e+00,-1.077292481074194064e-01,-2.173272099450350048e+00,1.301283967432556865e-01,1.946274147308861002e-01,7.058666160734250461e-02,-7.558603584591108593e+00,-1.662241324989438107e+00,5.516434927283376588e+00,2.652308758411968115e-01,-7.956770264869685375e-03,-2.728245968528542065e-01
-9.838962734623851958e+00,8.261562042066246114e-01,-1.572443593106517046e+00,2.269167280989914104e-01,-2.922545618764305075e-02,1.323809650110207015e-01,-9.385264642402560753e+00,-3.111076500208386886e+00,2.890397765588080259e-01,1.274866864850232873e-01,-2.946544689986304033e-01,-2.109086548535429040e-01,-6.349529417084519345e+00,4.768433176727758571e+00,5.638414173010063202e+00,4.033972125307601075e-01,9.024447886102341387e-01,-1.066915431013199939e-01,-9.762981397555593688e+00,-1.105694270718725059e-01,-2.215112047902199066e+00,1.208313137085484934e-01,1.814208340239973904e-01,5.815386475033929026e-02,-9.762981397555593688e+00,-1.105694270718725059e-01,-2.215112047902199066e+00,1.208313137085484934e-01,1.814208340239973904e-01,5.815386475033929026e-02,-7.562435275742657836e+00,-1.713954092279099894e+00,5.536443408672441890e+00,2.366932802691945059e-01,-3.672071934350091930e-03,-2.552722489920045135e-01
-9.794392888320890833e+00,8.643753119032606680e-01,-1.624605974407324016e+00,2.047330605311236118e-01,-4.023608950265251949e-02,1.277180781844045876e-01,-9.116537874996609503e+00,-3.296033998104586971e+00,3.492791621491437848e-01,1.515669520306731077e-01,-2.967133715969179075e-01,-1.949800894724950939e-01,-6.460602591659339922e+00,4.775184085047595950e+00,5.330069360904987619e+00,3.904810161259956169e-01,8.987886344470084055e-01,-1.147540291542358953e-01,-9.760895335459757405e+00,-1.016687074896912985e-01,-2.256518688798379024e+00,9.975704933836836152e-02,1.719498976813307045e-01,4.697945504458741345e-02,-9.760895335459757405e+00,-1.016687074896912985e-01,-2.256518688798379024e+00,9.975704933836836152e-02,1.719498976813307045e-01,4.697945504458741345e-02,-7.567492548567522626e+00,-1.659859543083455957e+00,5.518669614998376716e+00,2.213315465387231951e-01,-1.274934814875765092e-03,-2.299828468877395116e-01
-9.733605459814985039e+00,9.051930765920833677e-01,-1.631358024832392895e+00,2.095383392725614080e-01,-4.994526139163733142e-02,1.293182687013731125e-01,-8.896205210421843645e+00,-3.409912766418991215e+00,4.516996411052526805e-01,1.659577746537470033e-01,-3.146148964077393750e-01,-1.756233244692403939e-01,-6.557608088496235332e+00,4.666070985441094443e+00,5.015042714733594309e+00,3.824493412464353148e-01,8.809316957673255510e-01,-1.002715950967676961e-01,-9.737899364189138041e+00,-1.440837880629000922e-01,-2.265583059431009794e+00,8.161890943531652232e-02,1.686740157938164120e-01,3.083572664291873988e-02,-9.737899364189138041e+00,-1.440837880629000922e-01,-2.265583059431009794e+00,8.161890943531652232e-02,1.686740157938164120e-01,3.083572664291873988e-02,-7.570078181747782686e+00,-1.630424460711251911e+00,5.638884525781698187e+00,2.166266779630220130e-01,-1.354782646046876057e-03,-2.300683332652795066e-01
-9.688097041877520965e+00,8.888507316497465949e-01,-1.699285689835474011e+00,1.889951568437986118e-01,-4.322724994313584257e-02,1.293577976179305922e-01,-8.682263508980787137e+00,-3.543572559666061217e+00,6.587996537099720662e-01,1.593792056369472965e-01,-3.081259446267898272e-01,-1.629969751519098897e-01,-6.658381422260914562e+00,4.551121071788955419e+00,4.958821017349925420e+00,3.647552249768581945e-01,8.675209548389081204e-01,-8.595543488884749284e-02,-9.648915390007124060e+00,-2.872961100153715863e-01,-2.311249466976596167e+00,5.970676383145800264e-02,1.587805500415647997e-01,2.437700059503970090e-02,-9.648915390007124060e+00,-2.872961100153715863e-01,-2.311249466976596167e+00,5.970676383145800264e-02,1.587805500415647997e-01,2.437700059503970090e-02,-7.577887290122172992e+00,-1.558263555491772978e+00,5.812557014854625059e+00,1.998904129696499887e-01,-9.346827240512323859e-03,-2.094601397405055909e-01
-9.630299960187413078e+00,8.199465783961731313e-01,-1.805558253148682901e+00,1.651379971617714104e-01,-5.098183565327975286e-02,1.262117809770542110e-01,-8.587651378808770275e+00,-3.470061454292230785e+00,7.277741160749954252e-01,1.316560568725043123e-01,-3.092833136127827731e-01,-1.425811453848475907e-01,-6.721687598430532873e+00,4.605246446630384405e+00,4.999293125322566311e+00,3.583274424976690131e-01,8.562185431063926710e-01,-7.624837617559224179e-02,-9.527826464424492769e+00,-3.600115487912685097e-01,-2.297214628517873169e+00,5.742321139618222769e-02,1.505693700115258993e-01,1.788689473011735934e-02,-9.527826464424492769e+00,-3.600115487912685097e-01,-2.297214628517873169e+00,5.742321139618222769e-02,1.505693700115258993e-01,1.788689473011735934e-02,-7.583712627871313394e+00,-1.466052302085061099e+00,5.828202976146299896e+00,2.149169808839480056e-01,-1.116471089452675085e-02,-1.967896222537202922e-01
-9.547180342193843927e+00,7.336251666311918163e-01,-1.812427862912878940e+00,1.458390407178596915e-01,-6.045224127059770775e-02,1.182652594115432970e-01,-8.618134897626566371e+00,-3.361193758327301939e+00,7.055596717167030851e-01,1.233772411125903939e-01,-2.995646304376088920e-01,-1.286086273410330938e-01,-6.713410894795972972e+00,4.656770504553061407e+00,4.988014985374458199e+00,3.470900711700439234e-01,8.365069838775579525e-01,-5.549792835665504770e-02,-9.520771616048854469e+00,-2.694051271241246215e-01,-2.226211471667491892e+00,6.651856104058755104e-02,1.558371022896272995e-01,6.663957316428512599e-03,-9.520771616048854469e+00,-2.694051271241246215e-01,-2.226211471667491892e+00,6.651856104058755104e-02,1.558371022896272995e-01,6.663957316428512599e-03,-7.592103054468343437e+00,-1.358313793184160900e+00,5.714765928170433718e+00,2.407263631135810045e-01,-2.498443436039572002e-02,-1.824056154477906033e-01
-9.503218825206019460e+00,6.830315333344406659e-01,-1.742447886680257962e+00,1.362031594896981057e-01,-3.458029988538977029e-02,1.166095418147364976e-01,-8.728618080581718175e+00,-3.308978729635937199e+00,6.453217297739386460e-01,1.152765102239075995e-01,-2.946362823850393053e-01,-1.222171940719711941e-01,-6.750507562732917854e+00,4.651750855446342925e+00,4.936243924360001145e+00,3.325830423325342733e-01,8.211937998284968288e-01,-5.255344021919623743e-02,-9.503127862156649286e+00,-2.157972156399363961e-01,-2.278816364849392873e+00,5.679483950718401675e-02,1.502938950877228952e-01,8.087755156310709459e-03,-9.503127862156649286e+00,-2.157972156399363961e-01,-2.278816364849392873e+00,5.679483950718401675e-02,1.502938950877228952e-01,8.087755156310709459e-03,-7.590741269266128910e+00,-1.279550824614974935e+00,5.648118453067501044e+00,2.298791549660718081e-01,-2.681595272613038899e-02,-1.777883906043009055e-01
-9.489949986438231733e+00,6.602767664488826682e-01,-1.663908267232939053e+00,1.364756297751230085e-01,-1.684621346892051924e-02,1.198596485003814993e-01,-8.809333969869545200e+00,-3.296868010068512156e+00,5.606286576931672760e-01,9.091604908598227563e-02,-2.862217787037357186e-01,-1.145640626160267933e-01,-6.807865162986266760e+00,4.775692515251697579e+00,4.848400820839462000e+00,3.341986409332747265e-01,7.804138653581557117e-01,-3.666639715860035842e-02,-9.485049415889262647e+00,-2.382252900019327102e-01,-2.331688295584048998e+00,5.369523135383256346e-02,1.409012509276824920e-01,-1.486472644102877988e-03,-9.485049415889262647e+00,-2.382252900019327102e-01,-2.331688295584048998e+00,5.369523135383256346e-02,1.409012509276824920e-01,-1.486472644102877988e-03,-7.593809358993081737e+00,-1.234678390452599972e+00,5.663647590375061824e+00,2.149184091337195956e-01,-2.678100810087331168e-02,-1.697546634549471078e-01
-9.489879368048541153e+00,6.806425478640405480e-01,-1.607163996774163994e+00,1.330291387084663046e-01,4.083028650789181056e-03,1.149958506311402062e-01,-8.809869267446041263e+00,-3.360355975199525780e+00,4.561721539518879820e-01,5.663101864299099203e-02,-2.648257008028667148e-01,-1.061210789301709062e-01,-6.880819960536615376e+00,4.876879776921420273e+00,4.771821719838074571e+00,3.325687848441257755e-01,7.528911830907509817e-01,-3.334018019018167300e-02,-9.520235883326492399e+00,-2.778990585877075814e-01,-2.343309848657828987e+00,5.128530435932013298e-02,1.476549070262501984e-01,-9.491841231089289191e-03,-9.520235883326492399e+00,-2.778990585877075814e-01,-2.343309848657828987e+00,5.128530435932013298e-02,1.476549070262501984e-01,-9.491841231089289191e-03,-7.601008154255156413e+00,-1.207738157127995038e+00,5.648095305381985121e+00,2.301655895374545013e-01,-3.731327579331025074e-02,-1.680778956823809900e-01
-9.520206301947842675e+00,6.934669082342925783e-01,-1.564635766765029024e+00,1.299541028435894918e-01,2.341347781960673169e-02,1.118914087650751954e-01,-8.783843591987736232e+00,-3.341238990307182188e+00,3.023529926217047858e-01,4.707838354847142248e-02,-2.502458524559614816e-01,-1.107755418122862018e-01,-6.963329760053927231e+00,4.919069375672026290e+00,4.697515651613237253e+00,3.341316484261961928e-01,7.248084182759402250e-01,-3.997981527130128193e-02,-9.548240284879872419e+00,-4.571337534906712019e-01,-2.425790099188516180e+00,3.467677520001222202e-02,1.348159879755324031e-01,-1.585837553336057887e-02,-9.548240284879872419e+00,-4.571337534906712019e-01,-2.425790099188516180e+00,3.467677520001222202e-02,1.348159879755324031e-01,-1.585837553336057887e-02,-7.609484606073747770e+00,-1.212016272135350015e+00,5.541247824379982312e+00,2.450033670097191973e-01,-3.746173564204925699e-02,-1.682150980005009122e-01
-9.558515852984616146e+00,7.279785645588674470e-01,-1.536900798743745966e+00,1.296016657618022927e-01,2.821746376122772140e-02,1.085722606941435936e-01,-8.768366048479016683e+00,-3.222624960383687842e+00,2.175455139460882037e-01,4.725798204980249245e-02,-2.230460030323160037e-01,-1.105440442069954982e-01,-6.792624131200783566e+00,4.802505677705315890e+00,4.720111003810051109e+00,3.405340612265331801e-01,6.888757179124956886e-01,-4.170422909708582787e-02,-9.504346941720999808e+00,-7.154034401517673780e-01,-2.464587460913369998e+00,2.976702413439237874e-02,1.284581514863815110e-01,-1.417552676182434919e-02,-9.504346941720999808e+00,-7.154034401517673780e-01,-2.464587460913369998e+00,2.976702413439237874e-02,1.284581514863815110e-01,-1.417552676182434919e-02,-7.608882934804895193e+00,-1.250322592644844022e+00,5.441058201140677397e+00,2.344915727047414133e-01,-4.351340894159914235e-02,-1.649944614105992025e-01
-9.557727244230969532e+00,7.929603564755351996e-01,-1.507848551475023946e+00,1.280737378749252087e-01,3.785362488691564747e-02,1.038931178071962058e-01,-8.698882463419407074e+00,-3.068684720390121079e+00,3.156716229245397076e-01,6.021610682941942044e-02,-2.120637123348124986e-01,-1.138097906208185017e-01,-6.451484932431636565e+00,4.775780306071978565e+00,4.922728075472092790e+00,3.533482113209728825e-01,6.350009659624190617e-01,-4.829768832109269244e-02,-9.456858631199015264e+00,-8.142155051709218938e-01,-2.490046257989016798e+00,2.914320390352604859e-02,1.289120525236248094e-01,-4.314752082846260925e-03,-9.456858631199015264e+00,-8.142155051709218938e-01,-2.490046257989016798e+00,2.914320390352604859e-02,1.289120525236248094e-01,-4.314752082846260925e-03,-7.610635440149290609e+00,-1.284042121557918081e+00,5.429910026406320256e+00,2.058830615972390976e-01,-4.202398378683006724e-02,-1.601807603601267949e-01
-9.600911923857818664e+00,8.247573924027461478e-01,-1.507476109916177087e+00,1.020975840450212002e-01,3.965467867155329784e-02,8.636913222272470103e-02,-8.496334079165340114e+00,-3.435826363791019133e+00,5.875647832871015996e-01,1.020404214886292960e-01,-2.192399306339322118e-01,-9.624981055663148211e-02,-6.544064683721813935e+00,4.671026321784890634e+00,4.749481243592149404e+00,3.435727137071765136e-01,5.746158247004731212e-01,-6.416569374689619354e-02,-9.386740627673880510e+00,-8.726976375761862359e-01,-2.469027453992452159e+00,2.456992549299722925e-02,1.108192026275488934e-01,1.020158492507156935e-02,-9.386740627673880510e+00,-8.726976375761862359e-01,-2.469027453992452159e+00,2.456992549299722925e-02,1.108192026275488934e-01,1.020158492507156935e-02,-7.621271374515750097e+00,-1.312999158233020047e+00,5.507805050933055391e+00,1.937564968066272098e-01,-4.655393687992735730e-02,-1.601927539707745096e-01
-9.692049867375096994e+00,8.166653123732761088e-01,-1.507682381143075068e+00,8.126961433344903618e-02,4.143043746031820074e-02,7.374036070704582946e-02,-8.425903602952216076e+00,-3.848272756493805957e+00,9.236967370886091100e-01,1.050361236650257934e-01,-2.017676561528063961e-01,-6.123363580781575333e-02,-7.014384431770388062e+00,4.561207537565094228e+00,4.470392511136481950e+00,3.193289495316776749e-01,5.184414286837183417e-01,-7.073479890345626964e-02,-9.331175311712419429e+00,-8.621363948474318750e-01,-2.526391369404223042e+00,2.545954045704797858e-02,1.056820852738376976e-01,1.978684310686730854e-02,-9.331175311712419429e+00,-8.621363948474318750e-01,-2.526391369404223042e+00,2.545954045704797858e-02,1.056820852738376976e-01,1.978684310686730854e-02,-7.626861199698741878e+00,-1.380096624016730056e+00,5.665889875954452926e+00,1.754966511439235988e-01,-4.827637426854791691e-02,-1.570931121586154888e-01
-9.770717339041921079e+00,7.697561593013559911e-01,-1.514331802855626075e+00,6.188030955578705666e-02,3.515192610944693763e-02,6.261217751602353443e-02,-8.385315931826516689e+00,-4.187137219230879559e+00,9.592439235985473767e-01,1.015323523836110936e-01,-2.033659458819800925e-01,-3.428519128135162908e-02,-7.166353590959435138e+00,4.589813112326808664e+00,4.357827753495262080e+00,2.999748378016047212e-01,4.709671709183699817e-01,-6.107594354620907162e-02,-9.430962449507564571e+00,-7.028170133710078815e-01,-2.482818083729386949e+00,2.681590993182132038e-02,1.118309045374279997e-01,3.091307873531816061e-02,-9.430962449507564571e+00,-7.028170133710078815e-01,-2.482818083729386949e+00,2.681590993182132038e-02,1.118309045374279997e-01,3.091307873531816061e-02,-7.631123073475682972e+00,-1.393400502585149026e+00,5.779493942564363884e+00,1.392689167435827990e-01,-4.986866801966122892e-02,-1.554995831607342005e-01
-9.828983169476387616e+00,7.425186834634655009e-01,-1.547913870763210964e+00,3.583700588493606703e-02,4.729213496288577415e-03,4.196349348373470955e-02,-8.338634665892195486e+00,-4.324865199124801052e+00,8.924113912875207832e-01,9.142993540626369320e-02,-1.808649726538240077e-01,3.406218454180097097e-03,-7.141443140382368604e+00,4.567336520413604717e+00,4.308331861163826382e+00,2.742322406961735237e-01,4.281530566222284118e-01,-3.396203008218411784e-02,-9.515222266407407758e+00,-5.550205088128615794e-01,-2.397883410952061034e+00,2.840978748504238011e-02,1.038959035207728948e-01,3.583258313459330990e-02,-9.515222266407407758e+00,-5.550205088128615794e-01,-2.397883410952061034e+00,2.840978748504238011e-02,1.038959035207728948e-01,3.583258313459330990e-02,-7.624908725662521647e+00,-1.380084599686707936e+00,5.848327463442593022e+00,1.228044543697807967e-01,-4.654833587647978776e-02,-1.553955467496687948e-01
-9.774080353560515633e+00,7.154258256627574752e-01,-1.581873296042209942e+00,2.114271787054121041e-02,-1.292499789384164016e-02,2.611734205764228850e-02,-8.274836158319621049e+00,-4.241611279006227697e+00,7.343869573829113762e-01,1.007460521202866999e-01,-1.523011102218778945e-01,3.951689766306377971e-02,-7.117568330742979121e+00,4.729428588901375186e+00,4.260996485488910857e+00,2.549231132558614221e-01,3.828036378688994268e-01,-9.640577574600277949e-03,-9.489586441544963336e+00,-5.269524314844624691e-01,-2.379725800814512127e+00,2.576929588681394975e-02,1.089384047609888995e-01,4.085880490735951942e-02,-9.489586441544963336e+00,-5.269524314844624691e-01,-2.379725800814512127e+00,2.576929588681394975e-02,1.089384047609888995e-01,4.085880490735951942e-02,-7.627839211103601968e+00,-1.332854860847485057e+00,5.857264147703101109e+00,1.061065056452970973e-01,-4.861852687941720097e-02,-1.284239014848606864e-01
-9.732486590442601226e+00,7.078389218061982291e-01,-1.705054009203597065e+00,-9.909596211995198856e-03,-3.663235074633733324e-02,2.806133089767174835e-02,-8.178378408058360804e+00,-4.152777749925801842e+00,7.387250416391685226e-01,1.070874901989670031e-01,-1.348664804140176920e-01,6.509572347034037199e-02,-7.122821561695897863e+00,4.794581828762957798e+00,4.254209875171850008e+00,2.323470063072186065e-01,3.221237776781968876e-01,4.729520239517111951e-03,-9.526734357274968090e+00,-4.535130843009296253e-01,-2.340977155268681109e+00,2.527159922556813931e-02,9.998461742224236393e-02,4.437085808906372775e-02,-9.526734357274968090e+00,-4.535130843009296253e-01,-2.340977155268681109e+00,2.527159922556813931e-02,9.998461742224236393e-02,4.437085808906372775e-02,-7.633335907771320095e+00,-1.269933497537649059e+00,5.872894853942706384e+00,9.859824180905864266e-02,-5.804756490520846662e-02,-1.077305506827505033e-01
-9.731432337404209321e+00,6.934120474298466341e-01,-1.785795305163609070e+00,-2.605863077643805897e-02,-4.447842176162555838e-02,2.636760036849356004e-02,-8.218541173338550720e+00,-3.822531405470055876e+00,6.319972865400806938e-01,9.849000751638392614e-02,-1.219927100248816010e-01,1.025569920101817023e-01,-7.107486239163638864e+00,4.839744325119282209e+00,4.312699708666223763e+00,1.952679490574759924e-01,2.676826388198623174e-01,1.590893052985423856e-02,-9.681958213735864405e+00,-3.225685496204120928e-01,-2.315977563679489926e+00,9.759943173433659885e-03,1.034953715030965948e-01,3.802285955149389829e-02,-9.681958213735864405e+00,-3.225685496204120928e-01,-2.315977563679489926e+00,9.759943173433659885e-03,1.034953715030965948e-01,3.802285955149389829e-02,-7.636668733547017140e+00,-1.193438052017326001e+00,5.904108000902953179e+00,9.987918835503793724e-02,-7.701684604097433495e-02,-6.968606527648370241e-02
-9.757568559237880024e+00,6.685387679430692121e-01,-1.785268510456651025e+00,-2.310845222788482020e-02,-3.967626985566208297e-02,2.781603549928261115e-02,-8.343256127572754366e+00,-3.542216138900600164e+00,5.674292574251382781e-01,7.562280407422590500e-02,-1.088232253920049936e-01,1.195890504708802954e-01,-7.079503175153207373e+00,4.920160382812987621e+00,4.384678204864673745e+00,1.662241128431108939e-01,2.249474681510841012e-01,1.603168794634824909e-02,-9.763978089425821238e+00,-2.809085989074927014e-01,-2.331837248907361104e+00,-1.917387168660896965e-02,9.331444642374155107e-02,3.795846055082671006e-02,-9.763978089425821238e+00,-2.809085989074927014e-01,-2.331837248907361104e+00,-1.917387168660896965e-02,9.331444642374155107e-02,3.795846055082671006e-02,-7.639972241396534969e+00,-1.130535340386843002e+00,5.944222030308147886e+00,1.074261237960475041e-01,-8.359952774948667398e-02,-4.266911001860952679e-02
-9.777882324651125501e+00,6.422911953734107282e-01,-1.758348056300301998e+00,-2.397769880251026872e-02,-2.173780792190765920e-02,5.165017839030142804e-02,-8.570229472415803684e+00,-3.322638112540130084e+00,5.116075511943088960e-01,2.693408707828336829e-02,-8.239521782935349536e-02,1.365317531959543973e-01,-7.060748879519262999e+00,5.002467421380682566e+00,4.400393769062466376e+00,1.404042929110252136e-01,1.791621816432460990e-01,1.784523778390986054e-02,-9.695983559178024791e+00,-3.436803126939574904e-01,-2.405102541267821969e+00,-2.678104223128525974e-02,7.378836008347681996e-02,3.636422520401433323e-02,-9.695983559178024791e+00,-3.436803126939574904e-01,-2.405102541267821969e+00,-2.678104223128525974e-02,7.378836008347681996e-02,3.636422520401433323e-02,-7.653864300874810844e+00,-1.076313705675028931e+00,5.904195959829115381e+00,1.267708183421429047e-01,-9.316078921634710075e-02,-2.533044937388567036e-02
-9.807052934334244298e+00,5.851819757226249807e-01,-1.747414696367296960e+00,-6.381439025881057749e-03,-2.643958324346005855e-03,5.326035629161784968e-02,-8.876945059153845463e+00,-3.244933594673093058e+00,4.025361505050030209e-01,-7.367633278333018260e-04,-5.471535874869216248e-02,1.437229148750756025e-01,-7.029760957844731983e+00,5.065896038314079419e+00,4.449872503826592052e+00,1.258604932687029110e-01,1.508586302119062084e-01,1.285325422924249970e-02,-9.591500304736221949e+00,-3.921004186271410119e-01,-2.492639612293757967e+00,-2.439899344126542080e-02,8.048674485768546327e-02,3.642026334063269699e-02,-9.591500304736221949e+00,-3.921004186271410119e-01,-2.492639612293757967e+00,-2.439899344126542080e-02,8.048674485768546327e-02,3.642026334063269699e-02,-7.651403821887861945e+00,-1.071771400759158999e+00,5.790936366416691961e+00,1.431583240489446018e-01,-7.882034839464942266e-02,-1.122609277996036020e-02
-9.833028421073528591e+00,5.294617984113022535e-01,-1.688392463942941069e+00,1.608825029285734093e-02,1.169890707216197923e-02,7.059569536222834452e-02,-9.120230315734104920e+00,-3.250189894011457969e+00,2.822303425088600881e-01,-2.994354224092048850e-02,-4.620360136243836791e-02,1.464733889949653978e-01,-7.003490392785239216e+00,5.069274831884879262e+00,4.533146851452782400e+00,1.242014578653402035e-01,1.266123593472640030e-01,5.038448234692223179e-03,-9.517065010198338726e+00,-4.551985756412820217e-01,-2.485504252138508008e+00,-2.682084848966077850e-02,7.850873816024632468e-02,3.792721140651628131e-02,-9.517065010198338726e+00,-4.551985756412820217e-01,-2.485504252138508008e+00,-2.682084848966077850e-02,7.850873816024632468e-02,3.792721140651628131e-02,-7.655817440629991921e+00,-1.096803326536744949e+00,5.688278350499175851e+00,1.450219063318448076e-01,-8.602743880811575261e-02,-3.035738207417541107e-03
-9.856950794161589258e+00,4.912165346314292247e-01,-1.645140927750686988e+00,5.096940580196036852e-02,3.061559597995542129e-02,7.838134211808460428e-02,-9.268775418902903240e+00,-3.320938363773744850e+00,1.908822215819604984e-01,-3.157943013544919908e-02,-4.457773731886494062e-02,1.480246706380551891e-01,-7.007552128654448431e+00,5.049355952874472919e+00,4.566913012828051066e+00,1.257465457634026063e-01,1.036311532169583022e-01,-9.427979499964194571e-03,-9.503478717678461862e+00,-4.978152646845669937e-01,-2.527030896944757021e+00,-9.652666128262933978e-03,6.791692791160792997e-02,3.815411562292742725e-02,-9.503478717678461862e+00,-4.978152646845669937e-01,-2.527030896944757021e+00,-9.652666128262933978e-03,6.791692791160792997e-02,3.815411562292742725e-02,-7.650537426562907584e+00,-1.150834847218362045e+00,5.637042903944782246e+00,1.284071211946153090e-01,-8.915070055037085939e-02,3.327285415722817854e-03
-9.859248958097694526e+00,4.466683626875990187e-01,-1.614030486174165890e+00,6.075772057953353344e-02,3.856156104539656959e-02,8.163785846348338426e-02,-9.333125085048292746e+00,-3.368859536713928016e+00,1.484542150543509131e-01,-7.184937836079162247e-03,-5.140820311771993750e-02,1.469927732059989889e-01,-6.927603759494089353e+00,5.091531953294594182e+00,4.537645887331192007e+00,1.370054431974845055e-01,9.043286734585771758e-02,-1.126536834019795964e-02,-9.471711385216714518e+00,-4.409661393322344969e-01,-2.513576367614999807e+00,3.073738373067513158e-02,6.391609174845888641e-02,4.158442719840668017e-02,-9.471711385216714518e+00,-4.409661393322344969e-01,-2.513576367614999807e+00,3.073738373067513158e-02,6.391609174845888641e-02,4.158442719840668017e-02,-7.651964756846235893e+00,-1.193446529753301011e+00,5.596946082583744264e+00,1.147382363453449960e-01,-7.252469314969482717e-02,8.274291932940780860e-05
-9.831621645110354635e+00,4.178347589239834736e-01,-1.600565068108543043e+00,7.550667938992641770e-02,4.013186965772463227e-02,9.909828674994830555e-02,-9.358572256102867470e+00,-3.459088624405643131e+00,2.108027365519629936e-01,3.007771867253039924e-02,-6.007295474452987311e-02,1.490866999263630033e-01,-6.930445810564926035e+00,4.924738706325711313e+00,4.542237229452264380e+00,1.562859827831546977e-01,8.433218207211089223e-02,-2.716446759067213043e-02,-9.426371853560137737e+00,-3.302558938830508772e-01,-2.499653344546790112e+00,5.099653288191126344e-02,6.989687155232369997e-02,3.002650616455616872e-02,-9.426371853560137737e+00,-3.302558938830508772e-01,-2.499653344546790112e+00,5.099653288191126344e-02,6.989687155232369997e-02,3.002650616455616872e-02,-7.664328431245738926e+00,-1.253922744683046098e+00,5.592465061110477365e+00,1.041810769040261014e-01,-6.499853754296780473e-02,1.668161542000773942e-03
-9.818196367164338412e+00,4.131419191073403829e-01,-1.526232466298103052e+00,6.764929957998110088e-02,3.701904107372987890e-02,9.914295461904765183e-02,-9.396674433140688620e+00,-3.458632123264338887e+00,3.132067008388111917e-01,1.030402750596525058e-01,-7.257056597264172071e-02,1.517481990811037074e-01,-7.011005585886047164e+00,4.968564042934226599e+00,4.638970794663991093e+00,1.771761021131084968e-01,9.093229677220360241e-02,-4.808166694653188272e-02,-9.439064095484965833e+00,-2.144554367840958986e-01,-2.485900961663788156e+00,4.403105791842173988e-02,6.015280548627643942e-02,3.490756253178670804e-02,-9.439064095484965833e+00,-2.144554367840958986e-01,-2.485900961663788156e+00,4.403105791842173988e-02,6.015280548627643942e-02,3.490756253178670804e-02,-7.666076332075656197e+00,-1.296608340486367972e+00,5.672575624243259007e+00,9.829454388866334935e-02,-5.728203028915707790e-02,-3.029301260716053216e-03
-9.794685074629770227e+00,4.251816155405305775e-01,-1.496200762288014019e+00,6.420583845364447040e-02,2.420102692595265878e-02,1.005870651184167935e-01,-9.433536444723861436e+00,-3.219256278578670027e+00,4.291026111643134744e-01,1.906392519884287928e-01,-7.090522846553826142e-02,1.463910973077066913e-01,-6.941881599222724297e+00,4.986149567482090816e+00,4.674979117731981049e+00,1.819923171518464944e-01,9.731320082513596204e-02,-5.619548712103759891e-02,-9.491318682816057617e+00,-1.180404683693391937e-01,-2.460616900132813090e+00,3.561814392401148333e-02,6.319471717475422246e-02,2.353011816202953133e-02,-9.491318682816057617e+00,-1.180404683693391937e-01,-2.460616900132813090e+00,3.561814392401148333e-02,6.319471717475422246e-02,2.353011816202953133e-02,-7.659036230934992417e+00,-1.314542032806546024e+00,5.717070751018609620e+00,9.511845345155836573e-02,-5.424392456418888203e-02,-7.882370381783122132e-03
-9.775174762074065882e+00,4.348359638265211213e-01,-1.480948583773846083e+00,5.963521291570889754e-02,6.527274531083327065e-03,9.757558162843495142e-02,-9.480613975446628316e+00,-2.859978101293453978e+00,7.367032468267068479e-01,2.506600772015318834e-01,-5.753413691647926015e-02,1.339882323745850978e-01,-6.866250843572484719e+00,4.800921316621323598e+00,4.708847890224748589e+00,2.061234096644710967e-01,9.922711165417578971e-02,-6.905554890751368358e-02,-9.514243684433147052e+00,-2.221987706200490020e-01,-2.460575992014435887e+00,1.655310835869246155e-02,5.707709566493873038e-02,1.238414129265884983e-02,-9.514243684433147052e+00,-2.221987706200490020e-01,-2.460575992014435887e+00,1.655310835869246155e-02,5.707709566493873038e-02,1.238414129265884983e-02,-7.665621096291756587e+00,-1.312101456435740943e+00,5.743784742927381615e+00,9.351644424644924014e-02,-4.213076180510397922e-02,-1.271783918354522924e-02
-9.755840771448463400e+00,4.619123059945908216e-01,-1.526611065924379895e+00,5.334509431798027668e-02,-7.947003041922204650e-03,8.979401947464339673e-02,-9.492752205603887106e+00,-2.490673408132587863e+00,9.416653480297283441e-01,2.766979214237382245e-01,-6.277511793629877990e-02,1.248540092127710943e-01,-6.873166244560353633e+00,4.869233841551752207e+00,4.884345008641047592e+00,2.173423687096038004e-01,9.728208660759612991e-02,-8.851250876328989325e-02,-9.471836991658387106e+00,-3.849379535966703791e-01,-2.504086865692022101e+00,3.996861895943523246e-04,5.080593757415276246e-02,-4.386723888598977094e-04,-9.471836991658387106e+00,-3.849379535966703791e-01,-2.504086865692022101e+00,3.996861895943523246e-04,5.080593757415276246e-02,-4.386723888598977094e-04,-7.670372289296492063e+00,-1.294179090232522977e+00,5.674800795363195149e+00,9.818803255150841680e-02,-4.043240794711083774e-02,-1.900296341099752886e-02
-9.730719753570571839e+00,4.796884601504771140e-01,-1.503753811540478047e+00,5.274805084124011001e-02,-3.707573525360346317e-02,7.229887514602079124e-02,-9.497760538183305457e+00,-2.342995717024583868e+00,1.182045947168061106e+00,2.543119335364161238e-01,-5.754472922071646179e-02,1.091439967175967946e-01,-6.829755249854400745e+00,4.746697466298570589e+00,5.012698602797581948e+00,2.205683049184526956e-01,1.139577498954376933e-01,-9.308942405918209373e-02,-9.386115671716318332e+00,-4.974275967856842118e-01,-2.522460593207878077e+00,2.437613526948437075e-03,5.259700417687061813e-02,-2.008194430174773011e-03,-9.386115671716318332e+00,-4.974275967856842118e-01,-2.522460593207878077e+00,2.437613526948437075e-03,5.259700417687061813e-02,-2.008194430174773011e-03,-7.672899507508305739e+00,-1.273996260136244008e+00,5.619169991781470586e+00,9.830737289189175887e-02,-5.962248482276587269e-02,-3.638378801962646736e-02
-9.701413088068591151e+00,4.769587319860960073e-01,-1.438461260794883900e+00,4.957087659175841293e-02,-6.120774819326967042e-02,6.919549643988395782e-02,-9.598776979314438407e+00,-2.153619697173633885e+00,1.333516358277444080e+00,2.106699940050142938e-01,-5.674482550300208317e-02,9.594920899890416188e-02,-6.821623230766194368e+00,4.593239200458815397e+00,5.019535654829407889e+00,2.287127747650216925e-01,1.453841791168553887e-01,-7.377431432860646898e-02,-9.318732456987468993e+00,-5.337182115727870935e-01,-2.554451449771268035e+00,6.652511909946229806e-05,4.274054500221456665e-02,-2.029602012007364863e-03,-9.318732456987468993e+00,-5.337182115727870935e-01,-2.554451449771268035e+00,6.652511909946229806e-05,4.274054500221456665e-02,-2.029602012007364863e-03,-7.677657669691279274e+00,-1.240114994810268989e+00,5.608060519454510562e+00,9.965772431104406859e-02,-6.259060470834161560e-02,-4.281743480592656304e-02
-9.687399830364514131e+00,4.617286816217204826e-01,-1.422563830459524947e+00,4.607725039088521324e-02,-7.090697711216106813e-02,5.964868804617443065e-02,-9.592348465736440843e+00,-2.144987762268368847e+00,1.442609233093300025e+00,1.735934185008654873e-01,-5.925186302755258011e-02,7.821343296267968537e-02,-6.818862913983240404e+00,4.573483205559252696e+00,5.048800582692296146e+00,2.287733238330209862e-01,1.680812186281304133e-01,-6.110447158614901869e-02,-9.334527378962180322e+00,-5.269399016808526959e-01,-2.552245311458114951e+00,1.187490797931443041e-02,4.455075018719960311e-02,-3.813183041766719794e-04,-9.334527378962180322e+00,-5.269399016808526959e-01,-2.552245311458114951e+00,1.187490797931443041e-02,4.455075018719960311e-02,-3.813183041766719794e-04,-7.682793306275166323e+00,-1.195078330611148987e+00,5.648160357766024653e+00,9.968437803409459230e-02,-7.146398460311817469e-02,-5.073182690873063311e-02
-9.653620383590936882e+00,4.654808146243132883e-01,-1.375321764217763976e+00,3.342192251640266343e-02,-7.557874903013778178e-02,5.811045965319328738e-02,-9.588781079354161463e+00,-2.213281864898620999e+00,1.549604433661806002e+00,1.331941800366817086e-01,-6.969396973373841175e-02,5.701605332894509742e-02,-6.784150599556434180e+00,4.626401840602147431e+00,5.102793098376643854e+00,2.191874086300281965e-01,2.139987151109704888e-01,-4.964787375182506957e-02,-9.397818643674961336e+00,-4.325533305722679134e-01,-2.545354180315341885e+00,1.967850687829929973e-02,4.915974001363478812e-02,-2.111203844044960958e-03,-9.397818643674961336e+00,-4.325533305722679134e-01,-2.545354180315341885e+00,1.967850687829929973e-02,4.915974001363478812e-02,-2.111203844044960958e-03,-7.679174913939315061e+00,-1.145738298639912056e+00,5.659320930920809900e+00,1.193533718213385941e-01,-7.294614889701052374e-02,-5.230346590695891112e-02
-9.635449215317434479e+00,4.631096096551063912e-01,-1.341483293054716031e+00,4.922721876395896867e-02,-7.580760182396696634e-02,5.650961965042686219e-02,-9.549850824031185681e+00,-2.268986233891510995e+00,1.527375435315198926e+00,8.289947856749368960e-02,-7.680222249304802240e-02,5.475484944619390254e-02,-6.850902371655842593e+00,4.643452671392759967e+00,5.044257368884397685e+00,2.031730334019662132e-01,2.398468208054463924e-01,-2.569820099959397100e-02,-9.488351252094700428e+00,-2.888555266252448850e-01,-2.451103035984033784e+00,2.748406804611784951e-02,4.740566512799383736e-02,9.523710808926525275e-04,-9.488351252094700428e+00,-2.888555266252448850e-01,-2.451103035984033784e+00,2.748406804611784951e-02,4.740566512799383736e-02,9.523710808926525275e-04,-7.694468574685417117e+00,-1.147719134529866070e+00,5.592640497311225367e+00,1.434274759341865046e-01,-6.392110269272685552e-02,-6.033050829864568254e-02
