-9.418283513496167103e+00,7.781061631391072986e-01,2.031124276563512077e-01,-6.021716535197659814e-01,-2.914974661998659053e-02,-3.971303786398205915e-03,-8.945960164132962689e+00,-2.805139429158117981e+00,-2.142167770177703989e+00,5.479970979833260342e-02,7.904543938061192598e-02,-1.950211326599804104e-02,-4.444611725440488215e+00,3.599189739899284035e+00,7.831792968807364197e+00,1.321563234524250063e-01,4.823326814203898749e-02,1.139771596263238970e-02,-9.605732659523276595e+00,3.346258359753717215e+00,-1.663510619062900986e+00,-1.964502100226757086e-01,5.292008965504368945e-02,4.574179430382275258e-01,-5.693359884574697105e+00,-4.868635891594330189e+00,6.640636630969876997e+00,-4.134012811070220117e-01,1.214027187974529021e+00,3.332237875387419890e-01,-9.268714400675406750e+00,-4.696969348439913872e-01,9.712654395152733322e-01,-5.551593017300888722e-01,2.903800401012565091e-01,4.204413733167378098e-02
-9.297283513496164886e+00,5.581061631391075473e-01,1.311124276563510882e-01,-6.415716535197659720e-01,5.502533800134656872e-04,1.212869621360180075e-02,-9.043960164132961665e+00,-2.496139429158112932e+00,-2.086167770177703051e+00,1.899970979833299004e-02,6.844543938061198318e-02,-1.030211326599816957e-02,-4.321611725440484442e+00,3.477189739899284149e+00,7.939792968807364737e+00,1.273563234524255072e-01,6.133326814203864802e-02,1.329771596263240943e-02,-9.437732659523275558e+00,3.469258359753717880e+00,-1.716510619062900034e+00,-2.005502100226758955e-01,5.372008965504382338e-02,4.669179430382274787e-01,-5.743359884574701368e+00,-4.895635891594331213e+00,6.385636630969876215e+00,-4.088012811070220742e-01,1.234827187974528950e+00,3.455237875387426882e-01,-9.277714400675407092e+00,-6.176969348439915741e-01,6.862654395152734121e-01,-6.169593017300889493e-01,2.332800401012566083e-01,3.744413733167373248e-02
-9.155283513496165426e+00,2.721061631391080149e-01,-3.988757234364870286e-02,-6.445716535197659747e-01,3.685025338001345768e-02,2.352869621360175953e-02,-9.166960164132962774e+00,-2.490139429158113149e+00,-2.242167770177703190e+00,-6.190029020166720741e-02,3.314543938061186718e-02,-1.890211326599811059e-02,-4.490611725440487589e+00,3.493189739899281943e+00,7.795792968807364609e+00,1.177563234524257041e-01,5.953326814203840911e-02,1.479771596263245934e-02,-9.189732659523276226e+00,3.558258359753719180e+00,-1.868510619062901057e+00,-2.099502100226758039e-01,5.562008965504384311e-02,4.670179430382273011e-01,-5.826359884574699777e+00,-5.034635891594330559e+00,6.181636630969877366e+00,-4.028012811070217913e-01,1.257227187974528926e+00,3.615237875387427025e-01,-9.286714400675407433e+00,-5.976969348439915564e-01,7.212654395152733322e-01,-6.727593017300887990e-01,1.074800401012565992e-01,1.144137331673733982e-03
-9.065283513496165568e+00,3.710616313910763964e-02,-3.098875723436487206e-01,-6.536716535197659717e-01,8.655025338001332003e-02,2.892869621360177890e-02,-8.853960164132963939e+00,-2.837139429158114012e+00,-2.351167770177703176e+00,-9.280029020166713494e-02,1.454543938061192074e-02,-2.560211326599803883e-02,-4.445611725440485884e+00,3.693189739899284785e+00,7.720792968807365320e+00,8.705632345242531045e-02,4.623326814203831958e-02,1.169771596263258044e-02,-8.984732659523274378e+00,3.689258359753717187e+00,-1.988510619062900053e+00,-2.176502100226760106e-01,6.242008965504375340e-02,4.639179430382274205e-01,-6.072359884574701994e+00,-4.761635891594330872e+00,6.085636630969877281e+00,-3.672012811070222149e-01,1.276427187974529032e+00,3.749237875387426144e-01,-9.288714400675406324e+00,-4.786969348439912841e-01,9.772654395152733375e-01,-7.372593017300888008e-01,-1.661995989874343049e-02,-3.495586266832623190e-02
-9.040283513496166989e+00,-8.893836860892623264e-03,-6.938875723436490617e-01,-6.770716535197659480e-01,1.392502533800135112e-01,4.532869621360179763e-02,-8.566960164132961353e+00,-2.948139429158118219e+00,-2.549167770177704018e+00,-6.670029020166712286e-02,-3.545606193879891066e-04,-2.340211326599805908e-02,-4.569611725440488215e+00,3.719189739899285030e+00,7.614792968807363671e+00,6.605632345242540282e-02,2.493326814203911113e-02,5.697715962632798892e-03,-8.848732659523275146e+00,3.825258359753718196e+00,-2.045510619062901103e+00,-2.440502100226757953e-01,7.472008965504373101e-02,4.588179430382273161e-01,-6.119359884574699038e+00,-4.809635891594330914e+00,5.917636630969876244e+00,-3.564012811070221276e-01,1.262127187974529052e+00,4.016237875387425049e-01,-9.289714400675407546e+00,-4.406969348439914724e-01,1.133265439515273032e+00,-7.671593017300888384e-01,-6.671995989874346389e-02,-8.235586266832622959e-02
-9.111283513496164943e+00,-4.893836860892619711e-03,-1.084887572343649076e+00,-7.101716535197659663e-01,1.671502533800132972e-01,4.872869621360176318e-02,-8.612960164132964280e+00,-3.142139429158114172e+00,-2.601167770177703176e+00,-4.900029020166706689e-02,9.454393806118677190e-04,-2.330211326599807009e-02,-4.486611725440482701e+00,3.730189739899283818e+00,7.727792968807364993e+00,4.025632345242514259e-02,-3.266731857960892150e-03,-4.102284037367454061e-03,-8.814732659523276226e+00,3.914258359753719052e+00,-2.160510619062900872e+00,-2.717502100226760753e-01,7.622008965504378786e-02,4.492179430382274852e-01,-6.189359884574699322e+00,-4.913635891594331007e+00,5.741636630969876087e+00,-3.502012811070219223e-01,1.260527187974529006e+00,4.204237875387422108e-01,-9.287714400675406878e+00,-4.216969348439914000e-01,1.225265439515274002e+00,-7.460593017300889418e-01,-1.319199598987434996e-01,-1.394558626683262137e-01
-9.286283513496165654e+00,-2.758938368608925273e-01,-1.360887572343649099e+00,-7.354716535197659555e-01,1.604502533800133968e-01,5.182869621360181034e-02,-9.160960164132962547e+00,-3.160139429158113966e+00,-2.189167770177704142e+00,-2.640029020166733895e-02,-2.665456061938797916e-02,-2.130211326599806831e-02,-4.440611725440483326e+00,3.425189739899284991e+00,7.894792968807364808e+00,2.415632345242535103e-02,-8.066731857961251251e-03,-1.470228403736762064e-02,-8.787732659523275203e+00,3.961258359753716984e+00,-2.255510619062901956e+00,-3.126502100226757896e-01,8.222008965504379319e-02,4.345179430382274943e-01,-6.279359884574702733e+00,-4.951635891594330374e+00,5.604636630969877409e+00,-3.328012811070220067e-01,1.233427187974529105e+00,4.513237875387420828e-01,-9.297714400675406665e+00,-2.286969348439918115e-01,1.280265439515273052e+00,-7.110593017300887997e-01,-2.410199598987435021e-01,-1.852558626683261933e-01
-9.495283513496165284e+00,-5.738938368608925700e-01,-1.479887572343649094e+00,-7.040716535197659720e-01,1.558502533800134870e-01,7.682869621360183254e-02,-9.409960164132961324e+00,-2.984139429158112033e+00,-1.743167770177703080e+00,-3.780029020166698200e-02,-5.375456061938810315e-02,-1.490211326599811051e-02,-4.376611725440483269e+00,3.411189739899285200e+00,7.941792968807363629e+00,1.605632345242558046e-02,-9.766731857960841978e-03,-1.630228403736743922e-02,-8.746732659523274833e+00,4.016258359753717144e+00,-2.287510619062900208e+00,-3.388502100226760128e-01,7.892008965504371254e-02,4.135179430382275867e-01,-6.357359884574698583e+00,-4.992635891594330744e+00,5.410636630969876570e+00,-3.054012811070219158e-01,1.225527187974529086e+00,4.665237875387421851e-01,-9.308714400675405898e+00,1.153030651560084940e-01,1.281265439515272941e+00,-6.400593017300888476e-01,-3.188199598987435102e-01,-2.184558626683262006e-01
-9.643283513496164971e+00,-7.918938368608925416e-01,-1.484887572343648987e+00,-6.538716535197659496e-01,1.150502533800134980e-01,9.682869621360173928e-02,-9.324960164132964024e+00,-2.948139429158118219e+00,-1.507167770177703980e+00,-8.170029020166724720e-02,-5.935456061938793049e-02,-2.702113265998117974e-03,-4.438611725440487987e+00,3.252189739899283172e+00,7.921792968807364055e+00,9.656323452425397136e-03,0.000000000000000000e+00,-1.140228403736731969e-02,-8.690732659523275672e+00,4.079258359753717755e+00,-2.303510619062899778e+00,-3.855502100226759765e-01,7.302008965504369620e-02,3.992179430382277183e-01,-6.376359884574696935e+00,-4.938635891594329586e+00,5.360636630969875860e+00,-2.946012811070222170e-01,1.209627187974529061e+00,5.009237875387420047e-01,-9.315714400675407347e+00,4.233030651560084068e-01,1.241265439515272906e+00,-5.512593017300888576e-01,-3.459199598987435231e-01,-2.296558626683261883e-01
-9.704283513496164915e+00,-9.138938368608924279e-01,-1.394887572343648907e+00,-6.080716535197658867e-01,8.455025338001331825e-02,9.502869621360182650e-02,-9.059960164132963456e+00,-2.951139429158117888e+00,-1.623167770177702973e+00,-1.628002902016670028e-01,-5.955456061938813050e-02,-3.802113265997996826e-03,-4.477611725440482360e+00,3.331189739899282909e+00,7.867792968807363785e+00,-3.243676547574736013e-03,-1.766731857960835090e-03,-6.502284037367189740e-03,-8.553732659523275217e+00,4.139258359753718253e+00,-2.305510619062900002e+00,-4.230502100226757878e-01,6.972008965504383760e-02,3.815179430382276138e-01,-6.545359884574700970e+00,-4.839635891594330275e+00,5.452636630969876386e+00,-2.884012811070220117e-01,1.200027187974529008e+00,5.181237875387427749e-01,-9.322714400675407020e+00,5.733030651560087065e-01,1.156265439515272941e+00,-4.576593017300890076e-01,-3.542199598987434972e-01,-2.027558626683262089e-01
-9.732283513496167160e+00,-9.338938368608924456e-01,-1.252887572343649003e+00,-5.607716535197659891e-01,7.805025338001336799e-02,9.492869621360183752e-02,-8.932960164132961012e+00,-3.077139429158116002e+00,-1.661167770177703895e+00,-2.131002902016669864e-01,-5.385456061938809214e-02,-4.502113265998142211e-03,-4.434611725440483099e+00,3.327189739899286014e+00,7.892792968807364140e+00,0.000000000000000000e+00,-1.667318579610110874e-04,4.397715962632720021e-03,-8.346732659523276254e+00,4.229258359753718111e+00,-2.285510619062900872e+00,-4.505502100226759232e-01,6.812008965504379177e-02,3.556179430382275797e-01,-6.692359884574699436e+00,-4.829635891594329600e+00,5.405636630969875789e+00,-3.550012811070217822e-01,1.169627187974529026e+00,5.112237875387419805e-01,-9.322714400675407020e+00,5.753030651560084863e-01,1.045265439515272954e+00,-3.765593017300887801e-01,-3.299199598987435089e-01,-1.521558626683263138e-01
-9.737283513496166165e+00,-9.338938368608924456e-01,-1.167887572343649039e+00,-5.239716535197659342e-01,9.185025338001340245e-02,6.552869621360180030e-02,-8.973960164132961381e+00,-3.174139429158116865e+00,-1.817167770177702035e+00,-2.343002902016672884e-01,-2.625456061938801974e-02,1.089788673400193982e-02,-4.401611725440488954e+00,3.296189739899283211e+00,7.909792968807363600e+00,-9.643676547574919766e-03,-6.666731857960961349e-03,1.497715962632816932e-03,-8.220732659523275032e+00,4.290258359753718054e+00,-2.276510619062900975e+00,-4.670502100226758824e-01,7.102008965504369442e-02,3.329179430382275817e-01,-6.770359884574702392e+00,-4.748635891594330971e+00,5.186636630969876371e+00,-4.269012811070220792e-01,1.134327187974528917e+00,5.131237875387419933e-01,-9.321714400675407575e+00,5.243030651560083300e-01,1.081265439515272986e+00,-2.984593017300888884e-01,-3.135199598987434833e-01,-8.095586266832621725e-02
-9.582283513496165028e+00,-9.998938368608922822e-01,-1.131887572343649007e+00,-4.651716535197660263e-01,1.201502533800133943e-01,5.032869621360180901e-02,-9.064960164132962461e+00,-3.190139429158115991e+00,-1.959167770177703938e+00,-1.921002902016671066e-01,-2.385456061938806896e-02,2.099788673400193942e-02,-4.410611725440482189e+00,3.324189739899285012e+00,7.905792968807364041e+00,-9.643676547574919766e-03,-1.866731857961489993e-03,-1.802284037367484892e-03,-8.066732659523275117e+00,4.429258359753717400e+00,-2.290510619062899877e+00,-4.829502100226759076e-01,8.552008965504365179e-02,3.086179430382274269e-01,-6.916359884574703187e+00,-4.877635891594331419e+00,5.074636630969876272e+00,-5.192012811070219058e-01,1.076627187974529054e+00,4.867237875387421808e-01,-9.323714400675406466e+00,6.183030651560086355e-01,1.228265439515273005e+00,-2.443593017300889070e-01,-2.546199598987434198e-01,-2.395586266832621866e-02
-9.416283513496164659e+00,-1.165893836860893096e+00,-1.163887572343649035e+00,-4.093716535197658990e-01,1.509502533800133051e-01,5.102869621360178742e-02,-9.083960164132964366e+00,-2.942139429158117991e+00,-1.924167770177704018e+00,-1.597002902016670944e-01,-2.765456061938809107e-02,2.139788673400188843e-02,-4.375611725440485600e+00,3.357189739899283154e+00,7.909792968807363600e+00,-1.134367654757451049e-02,-9.966731857961264041e-03,-1.130228403736754927e-02,-7.878732659523276283e+00,4.468258359753717102e+00,-2.285510619062900872e+00,-4.807502100226758723e-01,8.602008965504381877e-02,2.909179430382273779e-01,-7.134359884574699606e+00,-4.784635891594330559e+00,4.785636630969876570e+00,-5.917012811070221368e-01,1.007827187974529082e+00,4.534237875387425731e-01,-9.327714400675406026e+00,7.823030651560083371e-01,1.032265439515273053e+00,-1.904593017300887925e-01,-1.545199598987435086e-01,8.944137331673762681e-03
-9.375283513496166066e+00,-1.280893836860891977e+00,-1.187887572343649056e+00,-3.476716535197659219e-01,1.625502533800133875e-01,4.642869621360178750e-02,-9.095960164132961268e+00,-2.790139429158116968e+00,-1.883167770177702982e+00,-1.402002902016671881e-01,-2.955456061938810039e-02,1.369788673400185001e-02,-4.345611725440483575e+00,3.330189739899282131e+00,7.932792968807365064e+00,-3.243676547574736013e-03,-3.466731857961314212e-03,-9.902284037367259373e-03,-7.604732659523275373e+00,4.130258359753717912e+00,-2.207510619062901025e+00,-4.865502100226760107e-01,7.072008965504372746e-02,2.685179430382276244e-01,-6.653359884574697958e+00,-5.028635891594330332e+00,4.503636630969877430e+00,-6.641012811070221566e-01,9.389271879745288985e-01,4.153237875387426059e-01,-9.331714400675407362e+00,9.263030651560084650e-01,6.622654395152733908e-01,-3.515930173008884746e-02,-8.461995989874349089e-02,4.204413733167378098e-02
-9.430283513496165781e+00,-1.407893836860893089e+00,-1.196887572343648953e+00,-3.062716535197659851e-01,1.668502533800134136e-01,5.152869621360178787e-02,-9.160960164132962547e+00,-2.890139429158117945e+00,-1.823167770177702929e+00,-1.432002902016674128e-01,-1.985456061938805847e-02,1.097886734001906955e-03,-4.341611725440486680e+00,3.135189739899284955e+00,7.946792968807364410e+00,-3.343676547574502955e-03,-5.166731857960905373e-03,-2.270228403736717845e-02,-7.360732659523275601e+00,3.736258359753717784e+00,-2.273510619062899973e+00,-4.363502100226758773e-01,7.692008965504371076e-02,2.732179430382272733e-01,-6.829359884574699890e+00,-5.493635891594331078e+00,4.360636630969875860e+00,-7.016012811070218014e-01,8.781271879745293774e-01,3.482237875387426129e-01,-9.331714400675407362e+00,1.265303065156009099e+00,4.182654395152733962e-01,1.788406982699111136e-01,-6.441995989874349515e-02,5.924413733167376711e-02
-9.513283513496165966e+00,-1.483893836860892046e+00,-1.133887572343649008e+00,-2.734716535197658782e-01,1.372502533800135094e-01,6.512869621360178884e-02,-9.161960164132963769e+00,-2.954139429158118002e+00,-1.774167770177702996e+00,-1.285002902016670057e-01,-1.365456061938808037e-02,-1.310211326599807977e-02,-4.329611725440486225e+00,3.089189739899282028e+00,7.977792968807364993e+00,9.556323452425630194e-03,-3.266731857960892150e-03,-2.250228403736720048e-02,-7.384732659523274734e+00,3.381258359753716913e+00,-2.323510619062901128e+00,-3.428502100226760163e-01,9.822008965504380740e-02,2.681179430382277240e-01,-6.699359884574697332e+00,-5.470635891594331390e+00,4.550636630969877139e+00,-6.974012811070218198e-01,8.109271879745287848e-01,3.239237875387424026e-01,-9.352714400675406381e+00,1.456303065156008936e+00,4.362654395152734121e-01,3.449406982699109725e-01,-4.061995989874345181e-02,6.544413733167375735e-02
-9.547283513496164886e+00,-1.481893836860892044e+00,-9.158875723436490368e-01,-2.625716535197660240e-01,1.114502533800135059e-01,8.382869621360183876e-02,-9.216960164132963484e+00,-2.901139429158114069e+00,-1.687167770177703030e+00,-1.026002902016674018e-01,-7.754560619388062293e-03,-2.080211326599811991e-02,-4.312611725440483212e+00,3.116189739899283051e+00,7.995792968807363899e+00,3.705632345242548809e-02,6.633268142039128179e-03,-1.640228403736720963e-02,-7.368732659523274720e+00,3.270258359753718036e+00,-2.369510619062900947e+00,-2.398502100226758138e-01,1.302200896550438081e-01,2.515179430382272763e-01,-6.460359884574700118e+00,-5.495635891594330857e+00,4.539636630969876130e+00,-6.683012811070221382e-01,7.151271879745291216e-01,2.787237875387421071e-01,-9.343714400675406040e+00,1.272303065156008994e+00,6.112654395152734565e-01,4.085406982699110734e-01,1.858004010125657857e-02,4.804413733167379325e-02
-9.530283513496165426e+00,-1.456893836860893021e+00,-6.108875723436488769e-01,-2.342716535197660044e-01,9.855025338001333068e-02,9.312869621360181371e-02,-9.251960164132963627e+00,-2.880139429158112829e+00,-1.676167770177702021e+00,-9.930029020166708520e-02,-9.354560619388108123e-03,-3.350211326599805695e-02,-4.340611725440481905e+00,3.112189739899282159e+00,7.991792968807364339e+00,4.505632345242550213e-02,1.653326814203915154e-02,-1.970228403736750886e-02,-7.550732659523275103e+00,3.205258359753717201e+00,-2.298510619062901217e+00,-1.469502100226761088e-01,1.509200896550438042e-01,2.462179430382276102e-01,-6.533359884574701404e+00,-5.817635891594330921e+00,4.663636630969876684e+00,-6.263012811070218788e-01,6.208271879745286270e-01,2.426237875387426968e-01,-9.340714400675405926e+00,8.883030651560082092e-01,8.292654395152734281e-01,3.481406982699111197e-01,7.008004010125656880e-02,3.834413733167373745e-02
-9.484283513496166051e+00,-1.352893836860892041e+00,-3.338875723436486864e-01,-1.661716535197658995e-01,1.038502533800133992e-01,8.232869621360178192e-02,-9.174960164132961893e+00,-2.879139429158116048e+00,-1.790167770177703011e+00,-9.100029020166733318e-02,1.645439380612013103e-03,-3.320211326599808999e-02,-4.348611725440484577e+00,3.157189739899283865e+00,7.964792968807365092e+00,4.835632345242579788e-02,2.143326814203838984e-02,-1.190228403736747972e-02,-7.616732659523275828e+00,3.297258359753718171e+00,-2.364510619062901053e+00,-7.485021002267577828e-02,1.593200896550437118e-01,2.461179430382273992e-01,-6.570359884574700438e+00,-5.704635891594329600e+00,4.846636630969877402e+00,-5.630012811070219669e-01,5.378271879745293305e-01,2.087237875387427111e-01,-9.327714400675406026e+00,4.473030651560083726e-01,1.216265439515272995e+00,1.991406982699110984e-01,5.238004010125651977e-02,4.034413733167375310e-02
-9.460283513496165142e+00,-1.184893836860891891e+00,-3.718875723436489977e-01,-9.157165351976592760e-02,1.098502533800134046e-01,7.172869621360178360e-02,-9.161960164132963769e+00,-2.831139429158113785e+00,-1.926167770177702021e+00,-9.410029020166721381e-02,3.345439380612047053e-03,-5.240211326599820280e-02,-4.370611725440483042e+00,3.196189739899284898e+00,7.952792968807364637e+00,5.635632345242579805e-02,2.143326814203838984e-02,-1.040228403736742982e-02,-7.812732659523275558e+00,3.493258359753717013e+00,-2.385510619062900961e+00,-9.250210022675897648e-03,1.757200896550437097e-01,2.460179430382276877e-01,-6.780359884574700402e+00,-5.478635891594331397e+00,5.110636630969875860e+00,-4.836012811070217743e-01,4.181271879745285247e-01,1.888237875387419884e-01,-9.333714400675406253e+00,7.530306515600848627e-02,1.810265439515273966e+00,-5.859301730088750659e-03,1.958004010125657945e-02,4.374413733167369783e-02
-9.454283513496164915e+00,-9.678938368608926979e-01,-5.638875723436487242e-01,-4.107165351976593826e-02,7.245025338001331860e-02,6.352869621360179853e-02,-9.177960164132962007e+00,-2.815139429158115991e+00,-2.066167770177703034e+00,-9.080029020166735521e-02,-1.454560619388090004e-03,-6.180211326599804877e-02,-4.383611725440488271e+00,3.272189739899281857e+00,7.943792968807364296e+00,6.125632345242504329e-02,2.643326814203827979e-02,-1.020228403736745011e-02,-8.006732659523276396e+00,3.645258359753718036e+00,-2.314510619062900787e+00,1.824978997732396024e-02,1.850200896550437957e-01,2.312179430382275136e-01,-6.624359884574701596e+00,-5.273635891594330438e+00,5.190636630969875931e+00,-4.417012811070217815e-01,2.983271879745287847e-01,1.651237875387421006e-01,-9.321714400675407575e+00,-1.786969348439911009e-01,2.563265439515272970e+00,-2.128593017300887957e-01,1.458004010125658022e-02,7.714413733167380105e-02
-9.492283513496165170e+00,-6.568938368608923106e-01,-7.618875723436486780e-01,-1.757165351976585840e-02,2.815025338001330910e-02,5.052869621360178698e-02,-9.172960164132963001e+00,-2.813139429158113103e+00,-2.251167770177703975e+00,-1.085002902016674042e-01,-2.515456061938791885e-02,-7.440211326599799335e-02,-4.386611725440488385e+00,3.368189739899281943e+00,7.909792968807363600e+00,6.605632345242540282e-02,2.493326814203911113e-02,-7.002284037367356717e-03,-8.220732659523275032e+00,3.728258359753719109e+00,-2.291510619062901100e+00,1.034978997732416070e-02,1.820200896550437097e-01,2.102179430382276060e-01,-6.520359884574702392e+00,-5.267635891594331099e+00,5.260636630969876215e+00,-3.941012811070220834e-01,1.865271879745291905e-01,1.688237875387423870e-01,-9.316714400675406793e+00,-2.586969348439910887e-01,3.284265439515273055e+00,-3.739593017300887889e-01,6.128004010125653878e-02,9.794413733167373071e-02
-9.537283513496166876e+00,-3.238938368608926255e-01,-7.608875723436487881e-01,-9.871653519766043772e-03,-8.449746619986653329e-03,3.272869621360179754e-02,-9.111960164132963058e+00,-2.712139429158114012e+00,-2.327167770177704043e+00,-1.100002902016670031e-01,-5.225456061938805324e-02,-8.860211326599798376e-02,-4.373611725440483156e+00,3.408189739899285087e+00,7.885792968807363579e+00,5.955632345242545256e-02,1.833326814203850921e-02,-2.280228403736738949e-02,-8.359732659523274378e+00,3.675258359753717841e+00,-2.197510619062899906e+00,-2.695021002267595014e-02,1.725200896550438123e-01,1.829179430382273097e-01,-6.410359884574702960e+00,-5.291635891594330232e+00,5.459636630969876059e+00,-3.479012811070218980e-01,8.432718797452931625e-02,1.687237875387425923e-01,-9.320714400675406353e+00,-3.126969348439914143e-01,3.720265439515272998e+00,-4.767593017300887914e-01,1.527800401012565923e-01,1.279441373316738129e-01
-9.546283513496165440e+00,-1.718938368608924072e-01,-7.428875723436489942e-01,-2.437165351976600114e-02,-4.664974661998667199e-02,2.432869621360178938e-02,-9.180960164132962120e+00,-2.744139429158118038e+00,-2.387167770177703208e+00,-8.230029020166718112e-02,-4.635456061938802996e-02,-1.024021132659980043e-01,-4.398611725440488840e+00,3.393189739899284962e+00,7.889792968807364026e+00,4.825632345242514276e-02,1.173326814203879027e-02,-3.070228403736718903e-02,-8.387732659523276624e+00,3.575258359753718196e+00,-2.190510619062899789e+00,-7.535021002267594525e-02,1.664200896550437903e-01,1.588179430382274937e-01,-6.383359884574701937e+00,-5.280635891594331000e+00,5.694636630969877267e+00,-2.939012811070221276e-01,-3.377281202547077754e-02,1.873237875387427920e-01,-9.312714400675407234e+00,-5.146969348439913716e-01,3.637265439515272814e+00,-5.023593017300889141e-01,2.537800401012564877e-01,1.342441373316737019e-01
-9.602283513496164602e+00,3.510616313910742275e-02,-6.168875723436486602e-01,-5.007165351976584217e-02,-8.504974661998665475e-02,2.992869621360177979e-02,-9.007960164132963854e+00,-2.798139429158112979e+00,-2.311167770177704028e+00,-5.780029020166699283e-02,-5.475456061938799301e-02,-1.179021132659981014e-01,-4.348611725440484577e+00,3.491189739899283051e+00,7.905792968807364041e+00,4.985632345242584779e-02,-1.266731857961111984e-03,-4.020228403736725298e-02,-8.409732659523275089e+00,3.318258359753718967e+00,-2.148510619062899973e+00,-1.337502100226757029e-01,1.538200896550437069e-01,1.203179430382275011e-01,-6.200359884574702107e+00,-5.412635891594330673e+00,5.848636630969877181e+00,-2.385012811070220118e-01,-1.742728120254710966e-01,2.217237875387426116e-01,-9.302714400675407447e+00,-8.676969348439915741e-01,3.050265439515273957e+00,-4.329593017300887858e-01,3.322800401012566129e-01,1.213441373316736932e-01
-9.708283513496166250e+00,2.841061631391075260e-01,-4.058875723436488059e-01,-1.055716535197658984e-01,-9.714974661998665439e-02,3.282869621360179346e-02,-8.915960164132961552e+00,-2.735139429158116808e+00,-2.070167770177703037e+00,-5.440029020166736728e-02,-6.435456061938804595e-02,-1.177021132659980956e-01,-4.349611725440482246e+00,3.351189739899282927e+00,7.927792968807364282e+00,4.495632345242572825e-02,-1.266731857961111984e-03,-4.170228403736730982e-02,-8.366732659523275828e+00,3.002258359753717798e+00,-2.111510619062900940e+00,-1.953502100226761073e-01,1.507200896550437985e-01,7.671794303822743188e-02,-5.885359884574697276e+00,-5.494635891594331412e+00,5.996636630969876869e+00,-2.090012811070219023e-01,-3.243728120254711911e-01,2.396237875387426108e-01,-9.297714400675406665e+00,-1.268696934843990931e+00,2.172265439515272956e+00,-3.468593017300888870e-01,4.167800401012565770e-01,1.084441373316737955e-01
-9.810283513496166563e+00,5.001061631391077178e-01,-2.168875723436486935e-01,-1.896716535197660036e-01,-8.704974661998665653e-02,4.192869621360179044e-02,-9.136960164132961637e+00,-2.570139429158118105e+00,-2.117167770177703190e+00,-9.500029020166733673e-02,-7.805456061938809142e-02,-1.293021132659981920e-01,-4.487611725440486588e+00,3.387189739899283847e+00,7.864792968807363671e+00,2.245632345242576031e-02,3.433268142038591996e-03,-4.000228403736728194e-02,-8.371732659523274833e+00,2.871258359753718015e+00,-2.071510619062900016e+00,-2.195502100226761066e-01,1.539200896550436959e-01,3.631794303822744041e-02,-5.709359884574701560e+00,-5.565635891594330253e+00,6.125636630969876428e+00,-1.875012811070218000e-01,-4.600728120254711229e-01,2.526237875387424836e-01,-9.294714400675406551e+00,-1.590696934843990995e+00,1.262265439515273036e+00,-2.877593017300887901e-01,4.191800401012564792e-01,7.044413733167376179e-02
-9.964283513496166478e+00,6.261061631391071636e-01,-1.008875723436491040e-01,-2.589716535197659208e-01,-5.594974661998652898e-02,4.852869621360179214e-02,-8.978960164132963939e+00,-2.659139429158117185e+00,-2.498167770177702973e+00,-1.678002902016673126e-01,-8.475456061938801966e-02,-1.428021132659980097e-01,-4.484611725440487362e+00,3.588189739899284803e+00,7.864792968807363671e+00,6.356323452425093577e-03,-1.766731857960835090e-03,-3.550228403736754856e-02,-8.383732659523275288e+00,2.631258359753716913e+00,-2.030510619062900091e+00,-2.382502100226759900e-01,1.608200896550437964e-01,-1.538205696177242024e-02,-5.364359884574695592e+00,-5.636635891594330872e+00,6.107636630969875746e+00,-1.887012811070221119e-01,-6.070728120254713644e-01,2.554237875387421752e-01,-9.298714400675406111e+00,-1.747696934843991023e+00,8.432654395152734406e-01,-2.683593017300888728e-01,3.039800401012566211e-01,1.804413733167375966e-02
-1.000528351349617040e+01,5.221061631391079594e-01,-1.988757234364868856e-02,-3.155716535197659045e-01,2.850253380013433990e-03,4.602869621360178298e-02,-9.128960164132962518e+00,-2.535139429158113966e+00,-2.556167770177702803e+00,-2.130002902016671917e-01,-1.078545606193879042e-01,-1.605021132659980865e-01,-4.367611725440482928e+00,3.623189739899284945e+00,7.961792968807364979e+00,-1.624367654757464044e-02,-1.667318579610110874e-04,-2.860228403736719827e-02,-8.366732659523275828e+00,2.347258359753717993e+00,-1.956510619062900025e+00,-2.454502100226761130e-01,1.600200896550436902e-01,-6.378205696177241535e-02,-4.917359884574700857e+00,-5.640635891594330431e+00,6.087636630969876173e+00,-1.961012811070222128e-01,-7.428728120254710632e-01,2.515237875387423827e-01,-9.298714400675406111e+00,-1.725696934843991004e+00,7.942654395152732860e-01,-2.937593017300887954e-01,1.863800401012563890e-01,-5.155586266832624248e-02
-9.973283513496166819e+00,2.721061631391080149e-01,-1.428875723436489054e-01,-3.605716535197657779e-01,1.015502533800134027e-01,3.782869621360179790e-02,-9.145960164132961978e+00,-2.685139429158112989e+00,-2.739167770177703076e+00,-2.877002902016672081e-01,-1.385545606193880896e-01,-1.549021132659980093e-01,-4.469611725440486794e+00,3.610189739899282824e+00,7.840792968807365426e+00,-5.324367654757455881e-02,-5.466731857961094378e-03,-3.340228403736755780e-02,-8.281732659523274975e+00,2.217258359753718100e+00,-1.905510619062900091e+00,-2.513502100226761016e-01,1.714200896550437114e-01,-1.220820569617724061e-01,-4.680359884574698981e+00,-5.703635891594331042e+00,6.105636630969876855e+00,-2.105012811070219036e-01,-8.419728120254710291e-01,2.473237875387424012e-01,-9.296714400675407219e+00,-1.439696934843990972e+00,1.148265439515272934e+00,-3.794593017300889048e-01,3.588004010125656063e-02,-1.241558626683262057e-01
-9.952283513496166023e+00,4.010616313910730923e-02,-4.598875723436490759e-01,-4.227716535197659775e-01,2.366502533800133867e-01,3.332869621360178697e-02,-8.758960164132961523e+00,-3.056139429158115206e+00,-2.703167770177703044e+00,-2.912002902016669892e-01,-1.385545606193880896e-01,-1.472021132659981912e-01,-4.418611725440484861e+00,3.734189739899286042e+00,7.837792968807364424e+00,-6.944367654757455099e-02,-1.206673185796170063e-02,-4.900228403736762300e-02,-8.168732659523275430e+00,2.077258359753717087e+00,-1.822510619062899906e+00,-2.669502100226757157e-01,1.719200896550437119e-01,-1.850820569617726008e-01,-4.512359884574699720e+00,-5.726635891594330730e+00,6.058636630969876258e+00,-2.132012811070219116e-01,-9.538728120254713616e-01,2.392237875387425994e-01,-9.303714400675406893e+00,-1.007696934843991032e+00,1.687265439515273080e+00,-4.624593017300889231e-01,-6.421995989874351718e-02,-1.572558626683263072e-01
-9.929283513496166336e+00,2.910616313910762906e-02,-8.938875723436487952e-01,-5.137716535197659473e-01,3.461502533800133730e-01,2.822869621360180048e-02,-8.694960164132961467e+00,-3.432139429158112875e+00,-2.434167770177702916e+00,-2.539002902016673779e-01,-1.472545606193879919e-01,-1.371021132659981934e-01,-4.458611725440484008e+00,3.427189739899282994e+00,7.858792968807365220e+00,-9.524367654757437407e-02,-1.056673185796164031e-02,-7.100228403736741356e-02,-8.045732659523276098e+00,1.955258359753716979e+00,-1.675510619062900997e+00,-2.658502100226761145e-01,1.648200896550437999e-01,-2.511820569617725929e-01,-4.155359884574700402e+00,-5.629635891594330310e+00,5.966636630969875732e+00,-2.106012811070220869e-01,-1.065672812025471039e+00,2.181237875387420921e-01,-9.311714400675406011e+00,-6.616969348439911691e-01,1.979265439515274005e+00,-4.848593017300887875e-01,-6.791995989874344275e-02,-1.936558626683262119e-01
-9.936283513496166009e+00,2.131061631391077960e-01,-1.293887572343648928e+00,-5.720716535197659658e-01,4.014502533800134998e-01,2.872869621360180092e-02,-8.821960164132963911e+00,-3.634139429158118162e+00,-2.231167770177703957e+00,-1.762002902016673034e-01,-1.534545606193880030e-01,-1.314021132659982105e-01,-4.436611725440486431e+00,3.404189739899284195e+00,7.939792968807364737e+00,-1.065436765475746977e-01,-2.866673185796119946e-02,-7.730228403736738585e-02,-7.886732659523275402e+00,1.979258359753718111e+00,-1.574510619062901018e+00,-2.908502100226760256e-01,1.797200896550437133e-01,-3.271820569617727159e-01,-3.916359884574703187e+00,-5.564635891594330808e+00,5.912636630969877238e+00,-2.117012811070217992e-01,-1.156772812025470998e+00,2.068237875387425873e-01,-9.314714400675406125e+00,-4.256969348439914036e-01,1.937265439515273080e+00,-4.756593017300890236e-01,-7.461995989874348201e-02,-2.333558626683263082e-01
-9.979283513496165270e+00,3.181061631391072786e-01,-1.535887572343648921e+00,-5.768716535197658812e-01,4.013502533800135108e-01,3.332869621360178697e-02,-9.170960164132964110e+00,-3.264139429158114059e+00,-1.948167770177702929e+00,-1.375002902016672912e-01,-1.701545606193879123e-01,-1.134021132659980974e-01,-4.388611725440483724e+00,3.287189739899282870e+00,8.031792968807366151e+00,-1.162436765475746980e-01,-2.046673185796165848e-02,-7.720228403736761891e-02,-7.860732659523275601e+00,2.003258359753716800e+00,-1.468510619062900924e+00,-3.158502100226758813e-01,2.025200896550435892e-01,-4.096820569617722896e-01,-3.627359884574702154e+00,-5.464635891594330275e+00,5.898636630969876116e+00,-2.125012811070222107e-01,-1.219172812025471009e+00,1.813237875387425924e-01,-9.315714400675407347e+00,-7.969693484399176242e-02,1.739265439515272904e+00,-4.634593017300888129e-01,-1.353199598987435137e-01,-2.824558626683261742e-01
-1.011828351349616995e+01,1.861061631391076887e-01,-1.857887572343648985e+00,-5.407716535197659713e-01,3.524502533800132897e-01,4.232869621360180190e-02,-9.341960164132963484e+00,-3.195139429158118105e+00,-1.754167770177704089e+00,-1.701002902016673091e-01,-1.855545606193879926e-01,-1.076021132659980978e-01,-4.387611725440486055e+00,3.208189739899281800e+00,8.036792968807365156e+00,-1.291436765475743875e-01,-1.406673185796148036e-02,-7.080228403736743559e-02,-7.897732659523276411e+00,1.968258359753717102e+00,-1.399510619062900085e+00,-3.491502100226759886e-01,2.078200896550436994e-01,-4.969820569617727224e-01,-3.458359884574698118e+00,-5.507635891594330424e+00,6.039636630969876130e+00,-2.505012811070220224e-01,-1.268772812025471097e+00,1.376237875387422982e-01,-9.335714400675406921e+00,5.473030651560089055e-01,1.441265439515273084e+00,-4.542593017300888825e-01,-1.874199598987434934e-01,-3.156558626683261815e-01
-1.027628351349616942e+01,1.510616313910739979e-02,-2.097887572343648976e+00,-4.844716535197660101e-01,2.508502533800133771e-01,3.332869621360178697e-02,-9.326960164132962916e+00,-3.432139429158112875e+00,-1.717167770177703057e+00,-2.108002902016669899e-01,-1.753545606193880058e-01,-8.110211326599814363e-02,-4.384611725440485941e+00,2.993189739899281943e+00,8.047792968807364389e+00,-1.307436765475747109e-01,-7.666731857961295304e-03,-7.410228403736729419e-02,-7.898732659523275856e+00,1.921258359753718059e+00,-1.374510619062901062e+00,-3.658502100226757037e-01,2.119200896550436919e-01,-5.792820569617727067e-01,-3.568359884574697105e+00,-5.677635891594330353e+00,6.088636630969877395e+00,-3.078012811070220955e-01,-1.313672812025471037e+00,7.732378753874247224e-02,-9.349714400675406267e+00,1.099303065156008952e+00,1.025265439515272936e+00,-4.135593017300889240e-01,-2.083199598987434953e-01,-3.283558626683262816e-01
-1.032728351349616958e+01,-9.189383686089236392e-02,-2.169887572343649040e+00,-4.439716535197659741e-01,1.796502533800135026e-01,2.602869621360176869e-02,-9.217960164132961154e+00,-3.564139429158117878e+00,-1.610167770177703961e+00,-2.191002902016672138e-01,-1.656545606193879916e-01,-6.550211326599808537e-02,-4.340611725440481905e+00,2.912189739899282870e+00,8.058792968807363621e+00,-1.097436765475748033e-01,-5.866731857961048589e-03,-6.310228403736761749e-02,-7.930732659523275885e+00,1.835258359753717983e+00,-1.328510619062899911e+00,-3.874502100226759893e-01,2.016200896550436883e-01,-6.679820569617724857e-01,-3.464359884574697901e+00,-5.852635891594331063e+00,6.017636630969875888e+00,-3.334012811070218851e-01,-1.393672812025471108e+00,1.423787538742615983e-03,-9.347714400675407376e+00,1.227303065156009065e+00,7.762654395152732700e-01,-3.518593017300887804e-01,-2.614199598987433926e-01,-3.204558626683263189e-01
-1.027728351349617064e+01,-2.158938368608925018e-01,-2.012887572343649012e+00,-3.982716535197659002e-01,1.209502533800133062e-01,1.142869621360175988e-02,-8.906960164132961211e+00,-3.763139429158115945e+00,-1.587167770177704051e+00,-2.112002902016670014e-01,-1.706545606193881071e-01,-3.530211326599808075e-02,-4.335611725440485564e+00,2.839189739899282028e+00,8.061792968807363735e+00,-1.016436765475745990e-01,6.332681420389008053e-04,-5.860228403736744696e-02,-7.945732659523274677e+00,1.775258359753717041e+00,-1.298510619062900995e+00,-3.909502100226758259e-01,1.994200896550437918e-01,-7.616820569617726022e-01,-3.305359884574698981e+00,-5.728635891594331397e+00,5.972636630969875959e+00,-3.450012811070219954e-01,-1.436872812025471013e+00,-6.297621246125784111e-02,-9.339714400675406480e+00,9.983030651560085289e-01,7.852654395152733890e-01,-3.279593017300888036e-01,-3.213199598987435124e-01,-2.775558626683262142e-01
-1.018628351349616956e+01,-3.738938368608923923e-01,-1.733887572343649097e+00,-3.842716535197658878e-01,7.435025338001333139e-02,-1.127130378639822940e-02,-8.895960164132961978e+00,-3.876139429158115046e+00,-1.570167770177703037e+00,-1.776002902016670937e-01,-1.552545606193879990e-01,-1.470211326599813080e-02,-4.336611725440484122e+00,2.744189739899284053e+00,8.088792968807364758e+00,-8.394367654757450836e-02,8.332681420384346893e-04,-5.060228403736743985e-02,-7.969732659523275586e+00,1.751258359753717908e+00,-1.245510619062899949e+00,-3.848502100226757761e-01,2.018200896550436940e-01,-8.472820569617725006e-01,-3.243359884574700924e+00,-5.546635891594331014e+00,5.936636630969876371e+00,-3.759012811070219229e-01,-1.460972812025471024e+00,-1.320762124612576138e-01,-9.343714400675406040e+00,7.733030651560088842e-01,1.016265439515273039e+00,-3.536593017300889152e-01,-3.546199598987435087e-01,-1.949558626683262907e-01
-1.009728351349616915e+01,-4.948938368608923888e-01,-1.465887572343649081e+00,-3.527716535197660264e-01,5.305025338001345681e-02,-2.407130378639820920e-02,-9.147960164132964422e+00,-3.750139429158117821e+00,-1.487167770177703963e+00,-1.358002902016673119e-01,-1.400545606193878967e-01,2.699788673400194128e-02,-4.279611725440481962e+00,2.676189739899282216e+00,8.140792968807364360e+00,-5.654367654757441741e-02,4.233268142038504322e-03,-4.150228403736733185e-02,-7.999732659523274947e+00,1.736258359753718006e+00,-1.222510619062900039e+00,-3.885502100226760902e-01,1.979200896550437072e-01,-9.392820569617725823e-01,-3.303359884574696981e+00,-5.427635891594330353e+00,5.862636630969877416e+00,-4.153012811070220245e-01,-1.477172812025471016e+00,-1.942762124612578134e-01,-9.332714400675406807e+00,6.813030651560083584e-01,1.395265439515273043e+00,-3.964593017300888089e-01,-3.418199598987434751e-01,-8.875586266832624638e-02
-1.002528351349616997e+01,-5.708938368608924563e-01,-1.194887572343648952e+00,-3.021716535197658260e-01,3.195025338001333814e-02,-3.827130378639820307e-02,-9.348960164132961381e+00,-3.613139429158116922e+00,-1.451167770177703042e+00,-7.280029020166711717e-02,-1.380545606193878949e-01,4.349788673400190042e-02,-4.253611725440485714e+00,2.710189739899285133e+00,8.149792968807364701e+00,-2.904367654757500014e-02,2.403326814203854064e-02,-3.680228403736718334e-02,-8.024732659523275302e+00,1.718258359753717102e+00,-1.151510619062900975e+00,-3.821502100226759069e-01,1.911200896550437900e-01,-1.011882056961773024e+00,-3.389359884574702164e+00,-5.392635891594331099e+00,5.811636630969876371e+00,-4.399012811070219797e-01,-1.496372812025470900e+00,-2.570762124612576138e-01,-9.337714400675407589e+00,7.893030651560088984e-01,1.728265439515273005e+00,-4.041593017300887936e-01,-2.667199598987434195e-01,-6.355862668326217602e-03
-9.926283513496166222e+00,-6.818938368608926659e-01,-9.858875723436488769e-01,-2.607716535197658891e-01,3.285025338001346107e-02,-4.897130378639819037e-02,-9.227960164132962717e+00,-3.199139429158115888e+00,-1.422167770177702906e+00,-2.410029020166737021e-02,-1.292545606193880037e-01,5.199788673400185246e-02,-4.267611725440488613e+00,2.782189739899283865e+00,8.124792968807366123e+00,-1.614367654757487003e-02,3.073326814203891991e-02,-3.220228403736725281e-02,-8.022732659523276411e+00,1.777258359753717931e+00,-1.130510619062901956e+00,-3.655502100226760143e-01,1.960200896550436944e-01,-1.076582056961773004e+00,-3.477359884574703131e+00,-5.197635891594330815e+00,5.764636630969875775e+00,-4.537012811070217921e-01,-1.485272812025471012e+00,-2.995762124612574850e-01,-9.342714400675406594e+00,9.893030651560090760e-01,1.671265439515273066e+00,-2.957593017300887972e-01,-1.337199598987434956e-01,4.094413733167374253e-02
-9.874283513496166620e+00,-8.408938368608924740e-01,-9.358875723436490546e-01,-2.404716535197659877e-01,3.105025338001344073e-02,-3.347130378639823212e-02,-9.045960164132964110e+00,-2.998139429158114933e+00,-1.505167770177703090e+00,-3.540029020166723939e-02,-1.195545606193880034e-01,5.829788673400181781e-02,-4.271611725440486396e+00,2.841189739899284916e+00,8.103792968807365327e+00,8.056323452425573350e-03,3.593326814203833680e-02,-1.760228403736752156e-02,-8.038732659523276425e+00,1.878258359753717022e+00,-1.077510619062900910e+00,-3.591502100226757754e-01,1.860200896550437133e-01,-1.136182056961771991e+00,-3.791359884574703187e+00,-5.016635891594330765e+00,5.853636630969876187e+00,-4.431012811070221269e-01,-1.466172812025470895e+00,-3.391762124612576201e-01,-9.343714400675406040e+00,1.225303065156009064e+00,1.321265439515272977e+00,-3.645930173008893327e-02,-3.501995989874351345e-02,5.324413733167376872e-02
-9.858283513496164829e+00,-1.026893836860891973e+00,-1.097887572343648976e+00,-2.357716535197660057e-01,2.955025338001338042e-02,-2.397130378639822021e-02,-8.979960164132961609e+00,-3.008139429158112943e+00,-1.643167770177702991e+00,-4.370029020166699141e-02,-1.097545606193879031e-01,5.629788673400182297e-02,-4.320611725440485884e+00,2.860189739899282824e+00,8.063792968807366179e+00,2.415632345242535103e-02,3.933326814203841337e-02,-9.802284037367492431e-03,-8.135732659523275956e+00,1.976258359753717997e+00,-1.077510619062900910e+00,-3.509502100226757904e-01,1.860200896550437133e-01,-1.184682056961771979e+00,-4.042359884574700857e+00,-4.891635891594329877e+00,6.017636630969875888e+00,-4.393012811070219903e-01,-1.454972812025471018e+00,-3.645762124612574873e-01,-9.349714400675406267e+00,1.348303065156009062e+00,8.742654395152733571e-01,2.441406982699109995e-01,-4.621995989874350119e-02,5.774413733167371721e-02
-9.722283513496165597e+00,-1.231893836860892044e+00,-1.295887572343648930e+00,-2.058716535197659958e-01,3.205025338001332713e-02,1.382869621360178006e-02,-8.986960164132963058e+00,-3.039139429158112193e+00,-1.792167770177703900e+00,-3.540029020166723939e-02,-9.555456061938794043e-02,5.489788673400197716e-02,-4.311611725440486431e+00,2.923189739899282102e+00,8.045792968807365497e+00,2.905632345242548098e-02,3.443326814203828690e-02,-8.402284037367202529e-03,-8.303732659523275217e+00,2.146258359753717926e+00,-1.102510619062901043e+00,-3.330502100226758189e-01,1.858200896550437076e-01,-1.212182056961772947e+00,-4.391359884574698391e+00,-4.768635891594331433e+00,6.241636630969876087e+00,-4.372012811070221106e-01,-1.462972812025471026e+00,-3.789762124612576777e-01,-9.343714400675406040e+00,1.130303065156007980e+00,5.912654395152734388e-01,5.078406982699110728e-01,-7.411995989874342605e-02,6.544413733167375735e-02
-9.598283513496166819e+00,-1.342893836860892920e+00,-1.439887572343649058e+00,-1.807716535197659014e-01,3.050253380013411963e-03,3.402869621360177232e-02,-9.013960164132964081e+00,-2.992139429158115149e+00,-1.892167770177703989e+00,-1.440029020166733002e-02,-8.945456061938794612e-02,5.179788673400186755e-02,-4.337611725440488897e+00,3.000189739899283836e+00,8.027792968807364815e+00,4.675632345242509286e-02,3.613326814203877274e-02,-1.170228403736751042e-02,-8.536732659523275757e+00,2.270258359753718036e+00,-1.117510619062900057e+00,-3.182502100226761166e-01,1.827200896550437992e-01,-1.239482056961773049e+00,-4.621359884574700594e+00,-4.688635891594329586e+00,6.467636630969876954e+00,-4.353012811070219867e-01,-1.483772812025470955e+00,-3.885762124612575086e-01,-9.329714400675406694e+00,6.133030651560087421e-01,7.002654395152734246e-01,6.936406982699110380e-01,-4.561995989874346319e-02,6.534413733167376837e-02
-9.536283513496165654e+00,-1.451893836860892906e+00,-1.432887572343648941e+00,-1.338716535197659041e-01,-4.624974661998648706e-02,4.742869621360180227e-02,-9.033960164132963655e+00,-2.881139429158118048e+00,-1.979167770177703067e+00,3.599709798332905841e-03,-8.015456061938808219e-02,4.569788673400188017e-02,-4.378611725440485714e+00,3.056189739899285218e+00,7.997792968807364566e+00,4.835632345242579788e-02,3.303326814203889211e-02,-1.320228403736756033e-02,-8.770732659523275743e+00,2.396258359753717926e+00,-1.130510619062901956e+00,-3.296502100226756937e-01,1.779200896550436894e-01,-1.253982056961773006e+00,-4.867359884574696594e+00,-4.662635891594330673e+00,6.798636630969875583e+00,-4.301012811070222264e-01,-1.518972812025471075e+00,-3.967762124612574937e-01,-9.319714400675406907e+00,-7.169693484399175532e-02,1.211265439515273101e+00,6.241406982699109207e-01,-7.981995989874346442e-02,4.154413733167378053e-02
-9.389283513496165412e+00,-1.450893836860891906e+00,-1.306887572343649051e+00,-5.397165351976584979e-02,-1.531497466199865098e-01,4.932869621360180812e-02,-9.013960164132964081e+00,-2.886139429158113945e+00,-2.050167770177703019e+00,6.899709798332764876e-03,-7.545456061938793368e-02,4.259788673400199954e-02,-4.385611725440483610e+00,3.062189739899285001e+00,8.011792968807363025e+00,5.635632345242579805e-02,2.493326814203911113e-02,-1.470228403736762064e-02,-8.992732659523275274e+00,2.556258359753718068e+00,-1.188510619062900897e+00,-3.235502100226756994e-01,1.600200896550436902e-01,-1.269982056961773020e+00,-5.153359884574697958e+00,-4.756635891594330090e+00,7.042636630969876244e+00,-4.426012811070219044e-01,-1.549372812025471058e+00,-4.169762124612574894e-01,-9.319714400675406907e+00,-8.206969348439914214e-01,2.061265439515274078e+00,3.389406982699111892e-01,-1.533199598987435019e-01,4.984413733167381011e-02
-9.165283513496166989e+00,-1.236893836860891938e+00,-9.838875723436490972e-01,4.652834648023396191e-02,-2.787497466199865825e-01,4.652869621360178343e-02,-8.997960164132962291e+00,-2.857139429158117139e+00,-2.122167770177703972e+00,1.659970979833281027e-02,-7.715456061938796850e-02,4.109788673400194270e-02,-4.411611725440486964e+00,3.057189739899281999e+00,7.989792968807363671e+00,5.315632345242526924e-02,2.633326814203850938e-02,-1.350228403736731045e-02,-9.294732659523276652e+00,2.596258359753717215e+00,-1.234510619062900938e+00,-3.281502100226760810e-01,1.333200896550436887e-01,-1.274482056961772969e+00,-5.344359884574699571e+00,-4.871635891594330303e+00,7.094636630969875846e+00,-4.473012811070221084e-01,-1.602072812025471027e+00,-4.171762124612575229e-01,-9.314714400675406125e+00,-1.233696934843991011e+00,2.929265439515273073e+00,-1.675930173008887900e-02,-1.529199598987434905e-01,6.934413733167377192e-02
-9.028283513496166535e+00,-8.628938368608922715e-01,-6.508875723436489125e-01,9.162834648023410189e-02,-3.872497466199866234e-01,4.672869621360176140e-02,-9.001960164132963627e+00,-2.789139429158112193e+00,-2.171167770177703016e+00,3.459970979833260074e-02,-8.065456061938802712e-02,2.879788673400196855e-02,-4.397611725440484065e+00,3.128189739899283950e+00,7.979792968807363884e+00,4.825632345242514276e-02,1.333326814203861059e-02,-1.490228403736760035e-02,-9.601732659523275260e+00,2.621258359753718015e+00,-1.255510619062901956e+00,-3.375502100226758784e-01,1.241200896550437999e-01,-1.284082056961773022e+00,-5.415359884574698413e+00,-4.892635891594331099e+00,7.031636630969877011e+00,-4.150012811070217800e-01,-1.649972812025471081e+00,-3.927762124612574901e-01,-9.313714400675406679e+00,-1.074696934843990981e+00,3.650265439515273158e+00,-2.533593017300888040e-01,-1.861995989874342880e-02,9.004413733167371259e-02
-9.029283513496165980e+00,-4.348938368608922800e-01,-4.348875723436487206e-01,8.632834648023401947e-02,-4.340497466199865761e-01,4.752869621360177738e-02,-9.067960164132962575e+00,-2.708139429158115785e+00,-2.191167770177703034e+00,4.609970979833288851e-02,-8.565456061938792054e-02,1.629788673400200949e-02,-4.362611725440486588e+00,3.120189739899284831e+00,8.000792968807363792e+00,4.825632345242514276e-02,3.333268142038825054e-03,-2.630228403736722953e-02,-9.814732659523276226e+00,2.793258359753718167e+00,-1.337510619062900030e+00,-3.458502100226756859e-01,1.129200896550437011e-01,-1.280782056961772053e+00,-5.570359884574700438e+00,-4.729635891594330843e+00,7.038636630969876684e+00,-3.749012811070219775e-01,-1.675372812025470948e+00,-3.559762124612574907e-01,-9.321714400675407575e+00,-6.336969348439911442e-01,3.987265439515273791e+00,-3.637593017300889131e-01,2.054800401012565059e-01,1.182441373316737016e-01
-9.083283513496166250e+00,2.610616313910751884e-02,-2.128875723436486900e-01,5.492834648023414701e-02,-4.176497466199866060e-01,4.462869621360177064e-02,-9.201960164132962916e+00,-2.686139429158118208e+00,-2.164167770177703787e+00,4.639970979833263343e-02,-9.365456061938792764e-02,-5.802113265997999036e-03,-4.372611725440484598e+00,3.085189739899285133e+00,7.986792968807365334e+00,5.795632345242562877e-02,1.933268142038536020e-03,-3.090228403736761109e-02,-9.946732659523275899e+00,3.119258359753719123e+00,-1.467510619062901034e+00,-3.504502100226761230e-01,9.272008965504374700e-02,-1.274082056961773013e+00,-6.063359884574701653e+00,-4.710635891594330715e+00,7.070636630969876713e+00,-3.398012811070221240e-01,-1.681672812025470920e+00,-3.171762124612578226e-01,-9.329714400675406694e+00,-2.786969348439912175e-01,3.985265439515274011e+00,-4.538593017300889265e-01,2.962800401012565255e-01,1.167441373316737974e-01
-9.165283513496166989e+00,3.091061631391078812e-01,-3.788757234364892312e-02,9.628346480234029059e-03,-3.224497466199865991e-01,4.722869621360176184e-02,-9.269960164132964309e+00,-2.637139429158117832e+00,-1.948167770177702929e+00,6.779970979833294109e-02,-9.235456061938807082e-02,-3.700211326599812250e-02,-4.284611725440485408e+00,3.057189739899281999e+00,8.051792968807365725e+00,5.625632345242514987e-02,-2.966731857961590890e-03,-3.720228403736758338e-02,-1.005973265952328077e+01,3.414258359753719052e+00,-1.561510619062900895e+00,-3.620502100226756781e-01,8.942008965504366635e-02,-1.256282056961772975e+00,-6.617359884574696594e+00,-4.755635891594330644e+00,7.157636630969875569e+00,-2.952012811070222065e-01,-1.707072812025471009e+00,-2.645762124612577870e-01,-9.331714400675407362e+00,-1.616969348439916132e-01,3.584265439515272877e+00,-5.171593017300888384e-01,3.116800401012566057e-01,1.104441373316737973e-01
-9.264283513496165412e+00,5.461061631391070925e-01,4.811242765635093122e-02,-6.867165351976600718e-02,-2.144497466199865865e-01,3.902869621360177677e-02,-9.195960164132962689e+00,-2.627139429158113160e+00,-1.875167770177704085e+00,7.119970979833301072e-02,-8.435456061938806371e-02,-4.820211326599799229e-02,-4.282611725440482076e+00,3.033189739899285087e+00,8.085792968807364645e+00,6.915632345242528345e-02,-4.566731857961414676e-03,-2.470228403736740921e-02,-1.017273265952328032e+01,3.722258359753717993e+00,-1.711510619062901029e+00,-3.806502100226759056e-01,7.292008965504370721e-02,-1.231882056961772998e+00,-6.988359884574698810e+00,-4.659635891594330559e+00,7.149636630969877338e+00,-2.393012811070218959e-01,-1.754872812025471074e+00,-1.996762124612576905e-01,-9.326714400675406580e+00,-2.606969348439914236e-01,2.723265439515274000e+00,-4.872593017300888008e-01,3.551800401012564778e-01,1.070441373316736999e-01
-9.406283513496166648e+00,8.771061631391074975e-01,-1.688757234364901896e-02,-1.611716535197660061e-01,-1.029497466199866956e-01,4.032869621360180012e-02,-9.129960164132963740e+00,-2.449139429158115888e+00,-1.707167770177703048e+00,6.839970979833287501e-02,-8.105456061938798307e-02,-8.290211326599816744e-02,-4.265611725440486168e+00,2.950189739899283126e+00,8.119792968807363565e+00,7.405632345242540993e-02,1.343326814203837927e-02,-2.330228403736755993e-02,-1.022673265952328059e+01,3.984258359753717116e+00,-1.700510619062900020e+00,-3.996502100226759779e-01,6.572008965504383404e-02,-1.188182056961772037e+00,-7.125359884574699265e+00,-4.499635891594330417e+00,7.037636630969877238e+00,-2.155012811070217971e-01,-1.789972812025470983e+00,-1.609762124612577061e-01,-9.324714400675407688e+00,-5.116969348439912579e-01,1.892265439515272929e+00,-4.100593017300889209e-01,4.020800401012564196e-01,1.006441373316737942e-01
-9.553283513496165114e+00,1.176106163139108096e+00,-2.558875723436488947e-01,-2.727716535197660108e-01,3.350253380013378923e-03,4.772869621360176229e-02,-9.440960164132963683e+00,-2.070139429158118105e+00,-1.743167770177703080e+00,3.279970979833279898e-02,-7.235456061938805306e-02,-1.169021132659981976e-01,-4.267611725440488613e+00,3.109189739899286042e+00,8.060792968807366066e+00,7.245632345242558614e-02,2.163326814203880843e-02,-2.150228403736731062e-02,-1.018973265952327978e+01,4.192258359753717301e+00,-1.849510619062900929e+00,-4.378502100226759897e-01,5.562008965504384311e-02,-1.147682056961772945e+00,-7.435359884574702427e+00,-4.440635891594331142e+00,6.907636630969875569e+00,-1.924012811070218987e-01,-1.773872812025470980e+00,-1.013762124612575949e-01,-9.325714400675407134e+00,-6.826969348439915208e-01,1.322265439515273977e+00,-4.282593017300889149e-01,3.841800401012566146e-01,9.274413733167374829e-02
-9.633283513496166961e+00,1.259106163139106949e+00,-5.768875723436490688e-01,-3.670716535197660058e-01,6.865025338001351507e-02,3.272869621360179754e-02,-9.381960164132962632e+00,-2.253139429158117935e+00,-2.189167770177704142e+00,-3.800029020166739713e-02,-9.015456061938809107e-02,-1.618021132659981098e-01,-4.386611725440488385e+00,3.336189739899281914e+00,7.995792968807363899e+00,5.635632345242579805e-02,1.343326814203837927e-02,-1.170228403736751042e-02,-1.017473265952327921e+01,4.467258359753717656e+00,-1.944510619062900014e+00,-4.727502100226759207e-01,3.922008965504363703e-02,-1.108782056961773010e+00,-7.606359884574700914e+00,-4.402635891594330886e+00,6.762636630969876883e+00,-1.838012811070220132e-01,-1.767372812025471029e+00,-5.087621246125761942e-02,-9.322714400675407020e+00,-7.526969348439913610e-01,1.040265439515273949e+00,-5.380593017300887571e-01,2.808800401012563897e-01,7.404413733167380940e-02
-9.720283513496166705e+00,1.022106163139107959e+00,-8.828875723436486744e-01,-4.460716535197660204e-01,8.555025338001343016e-02,1.382869621360178006e-02,-9.006960164132962632e+00,-2.232139429158117139e+00,-2.322167770177702817e+00,-1.044002902016672035e-01,-9.535456061938796246e-02,-1.976021132659981916e-01,-4.258611725440488271e+00,3.504189739899285172e+00,8.056792968807364730e+00,4.185632345242584762e-02,1.323326814203885059e-02,-1.650228403736742067e-02,-1.017773265952327932e+01,4.547258359753717727e+00,-1.970510619062900926e+00,-5.109502100226759325e-01,5.772008965504382694e-02,-1.065282056961772028e+00,-7.482359884574698583e+00,-4.386635891594330872e+00,6.536636630969876016e+00,-2.178012811070217936e-01,-1.706672812025471053e+00,-2.376212461257853903e-03,-9.322714400675407020e+00,-8.756969348439911371e-01,8.352654395152734335e-01,-6.104593017300887769e-01,2.163800401012563879e-01,6.474413733167372342e-02
-9.647283513496166307e+00,5.541061631391070996e-01,-1.145887572343649019e+00,-4.987716535197658785e-01,3.195025338001333814e-02,5.128696213601791065e-03,-9.243960164132960955e+00,-2.557139429158112875e+00,-2.282167770177704114e+00,-1.496002902016670966e-01,-1.088545606193880022e-01,-2.138021132659982115e-01,-4.358611725440482587e+00,3.224189739899284035e+00,8.040792968807362939e+00,1.605632345242558046e-02,2.613326814203897897e-02,-2.100228403736759120e-02,-1.018973265952327978e+01,4.545258359753718835e+00,-2.045510619062901103e+00,-5.621502100226758447e-01,5.242008965504373758e-02,-1.023182056961772002e+00,-7.308359884574699095e+00,-4.348635891594330616e+00,6.224636630969876627e+00,-2.405012811070222079e-01,-1.637972812025471070e+00,4.762378753874241255e-02,-9.322714400675407020e+00,-8.826969348439912544e-01,9.262654395152734033e-01,-6.709593017300887752e-01,9.388004010125650112e-02,9.344137331673774138e-03
-9.437283513496165455e+00,1.991061631391075892e-01,-1.410887572343648921e+00,-5.891716535197659699e-01,1.350253380013378014e-03,4.528696213601801634e-03,-9.080960164132964252e+00,-2.973139429158116798e+00,-2.333167770177702049e+00,-1.657002902016672941e-01,-1.229545606193880036e-01,-2.218021132659981909e-01,-4.397611725440484065e+00,3.326189739899283904e+00,7.948792968807365078e+00,1.556323452425623088e-03,1.793326814203854980e-02,-2.250228403736720048e-02,-9.869732659523275942e+00,4.393258359753717812e+00,-1.976510619062900043e+00,-6.068502100226758067e-01,6.122008965504365657e-02,-9.845820569617724782e-01,-7.215359884574702676e+00,-4.559635891594330914e+00,5.864636630969877196e+00,-2.456012811070218127e-01,-1.554772812025470907e+00,1.128237875387422956e-01,-9.320714400675406353e+00,-7.636969348439914818e-01,1.267265439515272929e+00,-7.595593017300887873e-01,-6.311995989874352730e-02,-3.625586266832626220e-02
-9.320283513496164574e+00,1.241061631391073977e-01,-1.686887572343648944e+00,-6.667716535197659722e-01,2.050253380013300052e-03,2.728696213601777831e-03,-8.864960164132963172e+00,-3.248139429158114933e+00,-2.166167770177703122e+00,-9.590029020166701557e-02,-1.306545606193880993e-01,-2.208021132659981067e-01,-4.340611725440481905e+00,3.247189739899284167e+00,7.984792968807364666e+00,-1.134367654757451049e-02,7.833268142038996018e-03,-2.900228403736759830e-02,-9.351732659523275260e+00,4.349258359753717329e+00,-2.025510619062901085e+00,-6.301502100226759051e-01,8.622008965504379674e-02,-9.475820569617725564e-01,-7.107359884574698583e+00,-4.299635891594331127e+00,5.244636630969876201e+00,-2.080012811070220125e-01,-1.517872812025470974e+00,1.815237875387420985e-01,-9.323714400675406466e+00,-6.816969348439911869e-01,1.563265439515272970e+00,-7.883593017300889461e-01,-1.358199598987434864e-01,-9.335586266832623936e-02
-9.251283513496165511e+00,3.311061631391071791e-01,-1.704887572343648960e+00,-6.765716535197658921e-01,-2.504974661998660146e-02,-2.471303786398205016e-03,-8.829960164132963030e+00,-3.092139429158117014e+00,-1.999167770177703085e+00,-4.240029020166735663e-02,-1.395545606193880073e-01,-2.184021132659980935e-01,-4.368611725440487703e+00,3.207189739899285019e+00,8.011792968807363025e+00,-3.714367654757477766e-02,-4.667318579612000917e-04,-4.140228403736755797e-02,-8.785732659523276311e+00,4.484258359753717116e+00,-2.057510619062901114e+00,-6.625502100226758895e-01,1.166200896550437932e-01,-9.075820569617725209e-01,-6.854359884574697581e+00,-4.001635891594331085e+00,4.794636630969876911e+00,-1.418012811070221979e-01,-1.485672812025470968e+00,2.767237875387423274e-01,-9.320714400675406353e+00,-7.696969348439912650e-01,1.569265439515272975e+00,-7.548593017300888608e-01,-1.692199598987434994e-01,-1.535558626683261874e-01
-9.268283513496164971e+00,3.391061631391071862e-01,-1.619887572343648996e+00,-6.352716535197658887e-01,-4.034974661998669276e-02,-2.371303786398216030e-03,-9.249960164132961182e+00,-3.183139429158118094e+00,-1.837167770177704051e+00,-4.550029020166723726e-02,-1.250545606193879944e-01,-2.329021132659981064e-01,-4.372611725440484598e+00,2.927189739899282994e+00,8.096792968807363877e+00,-3.234367654757441812e-02,6.233268142038284054e-03,-3.640228403736722740e-02,-8.542732659523275984e+00,4.757258359753718580e+00,-2.276510619062900975e+00,-6.771502100226758358e-01,1.753200896550438093e-01,-8.871820569617725472e-01,-7.198359884574699663e+00,-3.905635891594331000e+00,4.572636630969877380e+00,-4.980128110702208843e-02,-1.472672812025471067e+00,3.994237875387423031e-01,-9.315714400675407347e+00,-7.926969348439913965e-01,1.416265439515272950e+00,-6.911593017300887709e-01,-2.856199598987433919e-01,-2.072558626683262128e-01
-9.508283513496166961e+00,2.910616313910762906e-02,-1.698887572343648955e+00,-5.659716535197659715e-01,-7.444974661998648990e-02,4.286962136018090952e-04,-9.284960164132961324e+00,-3.706139429158113785e+00,-1.705167770177703934e+00,-6.190029020166720741e-02,-1.408545606193880861e-01,-2.299021132659981870e-01,-4.416611725440482417e+00,2.763189739899285957e+00,8.099792968807363991e+00,-3.234367654757441812e-02,1.923326814203906929e-02,-3.190228403736750096e-02,-8.582732659523275132e+00,5.427258359753719397e+00,-2.647510619062900972e+00,-7.196502100226758181e-01,2.037200896550437068e-01,-8.614820569617724910e-01,-8.197359884574701994e+00,-3.600635891594330840e+00,4.835636630969877281e+00,1.003987188929778007e-01,-1.500972812025471059e+00,5.522237875387423500e-01,-9.320714400675406353e+00,-4.756969348439912260e-01,1.245265439515272909e+00,-5.826593017300889521e-01,-4.028199598987434737e-01,-2.405558626683262091e-01
-9.674283513496165554e+00,-3.488938368608924812e-01,-1.742887572343648994e+00,-4.951716535197658864e-01,-1.105497466199864970e-01,-1.571303786398192898e-03,-9.187960164132963570e+00,-3.783139429158111966e+00,-1.532167770177703892e+00,-5.250029020166734756e-02,-1.186545606193881025e-01,-1.935021132659981991e-01,-4.315611725440483326e+00,2.696189739899284898e+00,8.146792968807364588e+00,-1.134367654757451049e-02,2.433326814203872965e-02,-1.920228403736734882e-02,-8.417732659523275984e+00,6.813258359753720406e+00,-2.904510619062901089e+00,-7.860502100226758326e-01,2.311200896550437978e-01,-8.197820569617724207e-01,-9.851359884574698356e+00,-2.838635891594330829e+00,5.458636630969876613e+00,2.323987188929778902e-01,-1.526172812025470948e+00,7.166237875387420075e-01,-9.326714400675406580e+00,-6.869693484399164163e-02,1.151265439515273048e+00,-4.380593017300888903e-01,-4.921199598987435198e-01,-2.406558626683263091e-01
-9.639283513496165412e+00,-8.128938368608924492e-01,-1.711887572343649078e+00,-4.648716535197658928e-01,-1.145497466199865005e-01,-2.871303786398216040e-03,-9.144960164132964309e+00,-3.651139429158114069e+00,-1.269167770177701993e+00,-2.830029020166735867e-02,-1.063545606193880971e-01,-1.536021132659982080e-01,-4.268611725440486282e+00,2.639189739899283182e+00,8.180792968807363508e+00,0.000000000000000000e+00,3.423326814203875301e-02,-2.080228403736760975e-02,-8.572732659523275345e+00,8.355258359753717556e+00,-3.184510619062900005e+00,-8.673502100226759826e-01,2.821200896550438153e-01,-7.556820569617725969e-01,-1.145835988457469945e+01,-2.591635891594330943e+00,5.461636630969876727e+00,1.700987188929778959e-01,-1.534072812025470967e+00,7.986237875387427465e-01,-9.330714400675406139e+00,5.630306515600835837e-02,1.109265439515273011e+00,-3.339593017300888089e-01,-5.408199598987435408e-01,-2.295558626683261993e-01
-9.564283513496166123e+00,-1.190893836860893007e+00,-1.583887572343648964e+00,-4.458716535197659869e-01,-8.984974661998657020e-02,8.328696213601771703e-03,-9.038960164132962660e+00,-3.893139429158118947e+00,-1.169167770177703014e+00,1.039970979833259972e-02,-8.145456061938793901e-02,-1.360021132659980925e-01,-4.244611725440485372e+00,2.461189739899281914e+00,8.193792968807365185e+00,2.415632345242535103e-02,4.923326814203843327e-02,-1.120228403736733998e-02,-8.621732659523274833e+00,9.783258359753718381e+00,-3.359510619062901160e+00,-1.008750210022675953e+00,3.063200896550438146e-01,-6.895820569617725493e-01,-1.304235988457470086e+01,-2.411635891594330783e+00,4.826636630969876940e+00,1.056987188929778970e-01,-1.489372812025471005e+00,8.893237875387427493e-01,-9.340714400675405926e+00,3.230306515600833706e-02,1.020265439515273043e+00,-2.559593017300890172e-01,-5.586199598987434678e-01,-1.868558626683262947e-01
-9.558283513496165895e+00,-1.330893836860892909e+00,-1.515887572343648904e+00,-4.044716535197658835e-01,-3.964974661998654781e-02,2.482869621360178983e-02,-9.073960164132962802e+00,-3.776139429158114069e+00,-1.222167770177704060e+00,5.399970979833267765e-02,-5.985456061938809746e-02,-1.181021132659980932e-01,-4.288611725440482303e+00,2.439189739899283893e+00,8.175792968807364502e+00,4.995632345242562167e-02,5.753326814203862938e-02,-4.022840373671954239e-04,-8.682732659523274776e+00,1.125125835975372013e+01,-3.402510619062899977e+00,-1.115450210022675970e+00,3.408200896550436787e-01,-5.735820569617726683e-01,-1.442835988457470009e+01,-2.232635891594330957e+00,4.028636630969876897e+00,1.143987188929779936e-01,-1.399772812025471103e+00,9.923237875387425078e-01,-9.341714400675407148e+00,8.630306515600860706e-02,1.056265439515273963e+00,-1.895593017300888916e-01,-5.537199598987434523e-01,-1.344558626683262925e-01
-9.560283513496166563e+00,-1.317893836860891899e+00,-1.463887572343649079e+00,-3.470716535197659880e-01,9.150253380013406712e-03,3.352869621360177188e-02,-9.150960164132960983e+00,-3.545139429158111977e+00,-1.385167770177704094e+00,8.469970979833263414e-02,-3.805456061938806284e-02,-9.410211326599804416e-02,-4.276611725440488954e+00,2.578189739899282795e+00,8.175792968807364502e+00,8.065632345242512713e-02,7.253326814203830963e-02,1.529771596263262978e-02,-8.519732659523274521e+00,1.266225835975371972e+01,-3.461510619062901029e+00,-1.201650210022676024e+00,3.684200896550438031e-01,-4.172820569617722852e-01,-1.648535988457469870e+01,-2.107635891594330957e+00,3.694636630969876823e+00,1.865987188929781049e-01,-1.196572812025471055e+00,1.087723787538741993e+00,-9.341714400675407148e+00,3.293030651560088784e-01,1.354265439515274005e+00,-1.551593017300889887e-01,-5.069199598987434996e-01,-7.275586266832623217e-02
-9.587283513496165810e+00,-1.296893836860891991e+00,-1.506887572343649007e+00,-3.213716535197658764e-01,6.255025338001352075e-02,5.162869621360177685e-02,-9.183960164132962234e+00,-3.275139429158115956e+00,-1.594167770177703947e+00,1.089997097983328028e-01,3.045439380612080960e-03,-8.930211326599812871e-02,-4.278611725440484292e+00,2.722189739899285144e+00,8.164792968807365270e+00,1.064563234524253943e-01,8.413326814203880843e-02,1.349771596263238047e-02,-8.995732659523275387e+00,1.318725835975372007e+01,-2.755510619062901956e+00,-1.207650210022676029e+00,4.092200896550438061e-01,-2.173820569617724019e-01,-1.574435988457470081e+01,-1.365635891594330076e+00,2.961636630969877171e+00,1.902987188929778917e-01,-1.028872812025471095e+00,1.043823787538741943e+00,-9.349714400675406267e+00,7.243030651560085076e-01,1.575265439515272980e+00,-1.417593017300889102e-01,-4.085199598987435121e-01,-2.535586266832623101e-02
-9.571283513496165796e+00,-1.330893836860892909e+00,-1.627887572343649003e+00,-2.593716535197658768e-01,1.060502533800134067e-01,4.912869621360176769e-02,-9.205960164132964252e+00,-3.210139429158112012e+00,-1.719167770177703947e+00,1.334997097983325887e-01,1.224543938061196068e-02,-9.370211326599808821e-02,-4.286611725440486964e+00,2.803189739899285104e+00,8.137792968807364247e+00,1.241563234524249992e-01,8.913326814203870185e-02,1.499771596263244078e-02,-9.722732659523275700e+00,8.299258359753716618e+00,-2.795106190629005893e-01,-1.339050210022675991e+00,2.613200896550437746e-01,-8.678205696177254680e-02,-8.402359884574700288e+00,-3.400635891594330218e+00,4.432636630969876812e+00,-3.950128110702211259e-02,-6.029728120254711499e-01,7.996237875387421923e-01,-9.361714400675406722e+00,1.086303065156009051e+00,1.417265439515273062e+00,-1.535930173008880940e-02,-2.993199598987434928e-01,1.244137331673778046e-03
-9.552283513496165668e+00,-1.421893836860891991e+00,-1.672887572343648932e+00,-1.659716535197658938e-01,1.304502533800133979e-01,8.262869621360174888e-02,-9.164960164132963882e+00,-3.209139429158113899e+00,-1.763167770177703986e+00,1.642997097983326937e-01,1.334543938061205984e-02,-1.109021132659982062e-01,-4.306611725440482985e+00,2.824189739899285012e+00,8.121792968807366009e+00,1.370563234524251051e-01,9.903326814203872175e-02,1.329771596263240943e-02,-8.058732659523275998e+00,3.293258359753718167e+00,9.214893809370998667e-01,-1.254450210022675982e+00,2.026200896550439112e-01,-9.568205696177267683e-02,-4.846359884574702903e+00,-3.676635891594330019e+00,7.402636630969875675e+00,3.339871889297806734e-02,-2.611728120254709906e-01,6.282237875387419734e-01,-9.363714400675407390e+00,1.247303065156009083e+00,1.119265439515273020e+00,2.594406982699112851e-01,-2.547199598987435198e-01,1.374413733167373017e-02
-9.586283513496166364e+00,-1.512893836860893071e+00,-1.773887572343648911e+00,-6.177165351976587893e-02,1.004502533800133018e-01,1.030286962136018059e-01,-9.179960164132964451e+00,-3.109139429158112033e+00,-1.757167770177703980e+00,2.097997097983327897e-01,1.574543938061201062e-02,-1.118021132659980932e-01,-4.349611725440482246e+00,2.879189739899285172e+00,8.108792968807364332e+00,1.532563234524255968e-01,1.040332681420386013e-01,1.459771596263247963e-02,-7.007732659523275842e+00,3.672583597537180111e-01,1.798489380937098980e+00,-9.781502100226759921e-01,2.482200896550436908e-01,-1.044820569617725958e-01,-2.821359884574697219e+00,-2.428635891594331131e+00,9.264636630969874886e+00,1.552987188929781937e-01,-4.464728120254707888e-01,4.786237875387425178e-01,-9.356714400675405940e+00,1.364303065156009076e+00,8.562654395152733411e-01,5.382406982699112774e-01,-2.618199598987435150e-01,3.084413733167374119e-02
-9.649283513496165199e+00,-1.517893836860892964e+00,-1.751887572343648891e+00,6.112834648023413031e-02,2.085025338001345041e-02,1.007286962136017955e-01,-9.310960164132961125e+00,-2.999139429158113046e+00,-1.814167770177703920e+00,2.276997097983328999e-01,1.864543938061192022e-02,-1.196021132659980946e-01,-4.455611725440483895e+00,2.824189739899285012e+00,8.081792968807363309e+00,1.612563234524256039e-01,1.237332681420389019e-01,1.149771596263260073e-02,-7.662732659523275203e+00,-8.047416402462825857e-01,2.761489380937100169e+00,-6.688502100226758618e-01,2.372200896550437921e-01,-9.328205696177249706e-02,-1.136359884574702050e+00,-2.541635891594329788e+00,1.028363663096988034e+01,2.489987188929778938e-01,-5.967728120254713886e-01,3.366237875387421141e-01,-9.364714400675406836e+00,1.288303065156009009e+00,8.142654395152733038e-01,6.980406982699109975e-01,-2.625199598987433824e-01,5.454413733167373657e-02
-9.816283513496166790e+00,-1.424893836860892993e+00,-1.638887572343648902e+00,1.790283464802339963e-01,-8.064974661998669525e-02,9.482869621360173751e-02,-9.411960164132963769e+00,-2.944139429158112886e+00,-1.868167770177703080e+00,2.278997097983329057e-01,1.704543938061187092e-02,-1.434021132659981934e-01,-4.383611725440488271e+00,2.959189739899283023e+00,8.123792968807364900e+00,1.773563234524254129e-01,1.418332681420383934e-01,9.897715962632780418e-03,-9.591732659523275473e+00,-4.187416402462815768e-01,3.271489380937098179e+00,-3.723502100226760980e-01,1.678200896550436916e-01,-9.918205696177251340e-02,-1.015359884574700056e+00,-3.236635891594330960e+00,1.053263663096987912e+01,3.275987188929780913e-01,-6.974728120254711783e-01,1.301237875387419862e-01,-9.344714400675407262e+00,8.763030651560086426e-01,7.222654395152734441e-01,7.160406982699112355e-01,-1.563199598987435046e-01,8.924413733167380069e-02
-1.003728351349617043e+01,-1.210893836860893025e+00,-1.404887572343648916e+00,2.998283464802339870e-01,-2.483497466199864889e-01,5.842869621360181204e-02,-9.507960164132963854e+00,-2.845139429158117128e+00,-1.821167770177704037e+00,2.363997097983329965e-01,2.024543938061195911e-02,-1.780021132659981020e-01,-4.468611725440482019e+00,2.920189739899285986e+00,8.110792968807363224e+00,1.822563234524255116e-01,1.681332681420384112e-01,2.097715962632750852e-03,-1.147673265952328059e+01,5.225835975371850850e-02,2.122489380937099046e+00,-4.055021002267578112e-02,1.250200896550436869e-01,-7.478205696177253614e-02,-3.456359884574701891e+00,-2.799635891594331127e+00,9.723636630969878070e+00,3.074987188929779180e-01,-6.402728120254712607e-01,-6.857621246125766845e-02,-9.344714400675407262e+00,3.283030651560086000e-01,6.262654395152733589e-01,6.133406982699112220e-01,-4.981995989874343778e-02,1.240441373316737012e-01
-1.012028351349617061e+01,-8.288938368608924634e-01,-9.428875723436487277e-01,4.253283464802339875e-01,-4.548497466199866168e-01,2.482869621360178983e-02,-9.599960164132962603e+00,-2.782139429158113852e+00,-1.946167770177704037e+00,2.335997097983328885e-01,1.554543938061203959e-02,-2.191021132659979886e-01,-4.446611725440484442e+00,3.107189739899283154e+00,8.182792968807365952e+00,1.967563234524254134e-01,1.879332681420385065e-01,-1.002284037367572999e-03,-1.301873265952328040e+01,1.644258359753717036e+00,-1.865106190629007010e-01,3.669497899773240257e-01,1.719200896550437119e-01,3.581794303822727343e-02,-5.608359884574696252e+00,-4.117635891594330744e+00,8.810636630969877814e+00,2.100987188929779037e-01,-5.207728120254708770e-01,-1.905762124612576103e-01,-9.345714400675406708e+00,-2.196969348439913872e-01,8.932654395152732629e-01,3.990406982699111205e-01,-3.801995989874352305e-02,1.527441373316738016e-01
-1.009728351349616915e+01,-3.588938368608923235e-01,-3.428875723436490830e-01,4.952283464802341162e-01,-6.566497466199865407e-01,-3.587130378639818984e-02,-9.940960164132963683e+00,-2.671139429158117196e+00,-2.073167770177703151e+00,2.194997097983328871e-01,-1.654560619388067977e-03,-2.618021132659980044e-01,-4.620611725440483042e+00,3.148189739899283968e+00,8.166792968807364161e+00,1.774563234524250965e-01,2.269332681420390962e-01,-1.210228403736745943e-02,-1.372373265952328047e+01,2.199258359753719194e+00,-1.644510619062901080e+00,5.398497899773242459e-01,1.617200896550436973e-01,1.584179430382275100e-01,-4.816359884574701766e+00,-5.963635891594330829e+00,8.233636630969876080e+00,1.316987188929781005e-01,-2.989728120254708799e-01,-3.018762124612575093e-01,-9.335714400675406921e+00,-6.376969348439911478e-01,1.454265439515272984e+00,8.404069826991111825e-02,-6.171995989874345945e-02,1.674441373316737092e-01
-1.009928351349616982e+01,7.410616313910756148e-02,1.441124276563509887e-01,5.166283464802341463e-01,-8.202497466199865084e-01,-1.022713037863982044e-01,-1.007296016413295980e+01,-2.660139429158113966e+00,-2.262167770177703208e+00,2.167997097983329902e-01,-1.435456061938799981e-02,-3.155021132659980854e-01,-4.473611725440484577e+00,3.344189739899285030e+00,8.299792968807363280e+00,1.758563234524253005e-01,2.678332681420387829e-01,-1.510228403736756965e-02,-1.265273265952328074e+01,1.117258359753718011e+00,-2.411510619062899874e+00,5.033497899773240469e-01,1.375200896550436980e-01,2.283179430382276109e-01,-3.266359884574697947e+00,-6.291635891594330232e+00,8.203636630969874943e+00,1.127987188929781975e-01,-8.172812025470932440e-03,-3.067762124612575803e-01,-9.331714400675407362e+00,-8.256969348439913148e-01,2.242265439515274128e+00,-2.629593017300889124e-01,-5.511995989874352020e-02,1.677441373316737872e-01
-1.000328351349616973e+01,3.911061631391076765e-01,7.151124276563507465e-01,5.034283464802340458e-01,-9.169497466199865165e-01,-1.460713037863982100e-01,-1.001096016413296041e+01,-2.055139429158117981e+00,-2.235167770177703961e+00,2.301997097983327911e-01,-5.765456061938811771e-02,-3.609021132659981923e-01,-4.225611725440487021e+00,3.796189739899283211e+00,8.307792968807365952e+00,1.468563234524254135e-01,3.135332681420389123e-01,-4.180228403736752085e-02,-1.077673265952327952e+01,1.542583597537187934e-01,-2.990510619062900943e+00,3.687497899773242160e-01,1.444200896550437985e-01,2.476179430382275115e-01,-2.822359884574701994e+00,-6.312635891594331028e+00,7.912636630969877238e+00,8.079871889297818299e-02,9.572718797452939299e-02,-2.136762124612575087e-01,-9.337714400675407589e+00,-8.876969348439911478e-01,3.045265439515274064e+00,-5.854593017300888658e-01,2.728004010125650858e-02,1.568441373316737941e-01
-9.719283513496165483e+00,6.181061631391071565e-01,1.050112427656350933e+00,4.230283464802340188e-01,-8.979497466199866107e-01,-1.741713037863981961e-01,-9.666960164132962774e+00,-2.069139429158112886e+00,-2.396167770177703105e+00,2.048997097983326909e-01,-6.985456061938810635e-02,-4.228021132659979808e-01,-4.151611725440488954e+00,3.982189739899283154e+00,8.278792968807366037e+00,1.080563234524252042e-01,3.426332681420384829e-01,-7.170228403736755851e-02,-9.477732659523276482e+00,8.892583597537182527e-01,-3.566510619062901011e+00,2.409497899773241081e-01,1.784200896550439119e-01,2.474179430382275058e-01,-3.310359884574701983e+00,-6.658635891594330225e+00,7.252636630969877096e+00,5.659871889297817676e-02,9.262718797452862418e-02,-8.037621246125770114e-02,-9.335714400675406921e+00,-1.024696934843990936e+00,3.479265439515273783e+00,-8.597593017300888540e-01,1.019800401012564972e-01,1.427441373316737927e-01
-9.300283513496165000e+00,7.511061631391071636e-01,1.329112427656351958e+00,3.352283464802340851e-01,-7.872497466199865901e-01,-1.966713037863981883e-01,-9.195960164132962689e+00,-2.158139429158111966e+00,-2.413167770177703009e+00,1.758997097983328040e-01,-9.335456061938796068e-02,-4.435021132659981991e-01,-4.048611725440487419e+00,3.970189739899283143e+00,8.197792968807362968e+00,5.005632345242538861e-02,3.601332681420386095e-01,-9.200228403736732119e-02,-9.703732659523275572e+00,2.196258359753719080e+00,-3.595510619062900926e+00,1.133497899773238948e-01,1.794200896550436908e-01,2.637179430382277090e-01,-4.268359884574699947e+00,-6.254635891594330310e+00,6.857636630969875746e+00,7.699871889297815741e-02,1.024271879745289049e-01,2.672378753874226839e-02,-9.332714400675406807e+00,-1.275696934843991048e+00,3.657265439515274164e+00,-9.320593017300888850e-01,1.235800401012566024e-01,1.269441373316738120e-01
-8.918283513496167103e+00,7.801061631391070783e-01,1.488112427656351100e+00,2.135283464802339992e-01,-5.489497466199866338e-01,-1.984713037863982121e-01,-8.983960164132962944e+00,-2.637139429158117832e+00,-2.460167770177703161e+00,1.569997097983328871e-01,-1.025545606193880993e-01,-4.783021132659980856e-01,-4.366611725440485259e+00,3.725189739899284813e+00,8.026792968807363593e+00,1.656323452425390030e-03,3.417332681420389151e-01,-1.188022840373675060e-01,-9.215732659523276027e+00,2.423258359753717173e+00,-2.821510619062900016e+00,-1.455021002267598007e-02,1.532200896550436897e-01,2.720179430382275165e-01,-4.588359884574700231e+00,-5.342635891594330388e+00,7.029636630969876343e+00,9.659871889297821923e-02,1.009271879745288064e-01,9.742378753874270103e-02,-9.324714400675407688e+00,-1.500696934843990915e+00,3.372265439515274021e+00,-7.342593017300889091e-01,1.959800401012564974e-01,1.124441373316737991e-01
-8.646283513496165085e+00,7.811061631391074123e-01,1.376112427656351000e+00,9.182834648023407986e-02,-2.856497466199864887e-01,-1.623713037863981912e-01,-8.760960164132963968e+00,-3.951139429158117888e+00,-2.349167770177702952e+00,1.744997097983330137e-01,-1.140545606193880956e-01,-4.687021132659980882e-01,-4.548611725440487419e+00,3.459189739899283023e+00,7.871792968807365121e+00,-2.594367654757423133e-02,3.253332681420388894e-01,-1.566022840373673120e-01,-8.920732659523274322e+00,2.260258359753719137e+00,-1.907510619062900981e+00,-8.845021002267605681e-02,1.336200896550437112e-01,2.771179430382276210e-01,-4.321359884574697219e+00,-4.703635891594331042e+00,7.277636630969875675e+00,1.009987188929782065e-01,1.009271879745288064e-01,1.151237875387423060e-01,-9.314714400675406125e+00,-1.658696934843991055e+00,2.940265439515273194e+00,-4.207593017300887972e-01,2.195800401012565073e-01,1.025441373316737931e-01
-8.446283513496165796e+00,9.361061631391076610e-01,1.061112427656351054e+00,-1.747165351976586942e-02,-6.134974661998660039e-02,-1.062713037863981941e-01,-8.663960164132962660e+00,-3.453139429158114115e+00,-1.979167770177703067e+00,2.408997097983328062e-01,-1.136545606193879038e-01,-4.616021132659982040e-01,-4.719611725440486794e+00,3.058189739899284110e+00,7.813792968807365291e+00,-2.434367654757441102e-02,3.023332681420383139e-01,-1.791022840373673042e-01,-8.816732659523275117e+00,2.065258359753717965e+00,-1.429510619062901000e+00,-7.915021002267597083e-02,1.267200896550438050e-01,2.818179430382277140e-01,-4.265359884574699834e+00,-4.522635891594330104e+00,7.303636630969877253e+00,9.959871889297788883e-02,6.262718797452926367e-02,1.162237875387424069e-01,-9.319714400675406907e+00,-1.755696934843991031e+00,2.343265439515274107e+00,-2.547593017300889273e-01,2.181800401012564949e-01,8.494413733167371916e-02
-8.406283513496166648e+00,1.004106163139107055e+00,6.271124276563515565e-01,-1.272716535197659926e-01,1.197502533800133967e-01,-4.447130378639824189e-02,-8.652960164132963428e+00,-3.999139429158113046e+00,-1.685167770177703028e+00,2.327997097983330044e-01,-1.150545606193879994e-01,-4.712021132659979794e-01,-4.764611725440487611e+00,2.931189739899285218e+00,7.804792968807364950e+00,-1.804367654757487935e-02,2.892332681420385909e-01,-1.952022840373675017e-01,-8.611732659523276823e+00,2.323258359753717972e+00,-1.416510619062901100e+00,1.474978997732412020e-02,1.358200896550436909e-01,2.883179430382277197e-01,-4.568359884574697105e+00,-4.342635891594330388e+00,7.216636630969875732e+00,1.147987188929780050e-01,1.942718797452868892e-02,1.000237875387419983e-01,-9.326714400675406580e+00,-1.733696934843991011e+00,1.876265439515272915e+00,-2.681593017300890058e-01,1.914800401012564934e-01,6.754413733167374811e-02
-8.646283513496165085e+00,9.731061631391075828e-01,2.071124276563512112e-01,-2.087716535197658985e-01,2.730502533800133746e-01,1.382869621360178006e-02,-8.776960164132962205e+00,-3.968139429158113796e+00,-1.414167770177704009e+00,2.341997097983327947e-01,-1.103545606193881007e-01,-4.395021132659981955e-01,-4.751611725440483269e+00,2.781189739899283087e+00,7.865792968807364893e+00,-1.843676547574446978e-03,2.828332681420385186e-01,-1.875022840373672117e-01,-8.503732659523276283e+00,2.863258359753718008e+00,-1.605510619062900934e+00,1.114497899773238959e-01,1.586200896550437889e-01,2.784179430382275888e-01,-4.747359884574699151e+00,-4.266635891594329877e+00,7.185636630969876926e+00,1.241987188929778024e-01,-1.887281202547086076e-02,4.912378753874246939e-02,-9.323714400675406466e+00,-1.715696934843990995e+00,1.480265439515273007e+00,-3.754593017300889013e-01,1.736800401012565109e-01,6.124413733167378276e-02
-9.132283513496165739e+00,8.761061631391071636e-01,-1.208875723436487054e-01,-3.130716535197660133e-01,3.432502533800135258e-01,5.682869621360175927e-02,-8.726960164132961495e+00,-3.219139429158111909e+00,-1.264167770177702987e+00,1.789997097983327123e-01,-1.126545606193880972e-01,-4.355021132659981919e-01,-4.561611725440486431e+00,2.683189739899284110e+00,7.925792968807363614e+00,1.265632345242551082e-02,2.797332681420385825e-01,-1.793022840373673099e-01,-8.422732659523276766e+00,3.144258359753716814e+00,-1.766510619062900966e+00,1.802497899773242984e-01,1.606200896550437907e-01,2.670179430382276231e-01,-4.737359884574701141e+00,-4.462635891594331383e+00,7.125636630969876428e+00,1.280987188929781084e-01,-5.247281202547072337e-02,2.982378753874214902e-02,-9.322714400675407020e+00,-1.632696934843991032e+00,1.159265439515273055e+00,-4.806593017300889170e-01,1.157800401012565039e-01,3.464413733167376330e-02
-9.738283513496165611e+00,7.351061631391071494e-01,-3.268875723436491243e-01,-4.350716535197660106e-01,3.654502533800135233e-01,9.762869621360176220e-02,-8.795960164132964110e+00,-3.685139429158112989e+00,-9.571677701777030478e-01,1.238997097983327994e-01,-1.164545606193880950e-01,-4.441021132659980775e-01,-4.470611725440483575e+00,2.750189739899283836e+00,8.117792968807364673e+00,2.235632345242510866e-02,2.895332681420387799e-01,-1.589022840373673084e-01,-8.658732659523275643e+00,3.282258359753717158e+00,-1.959510619062899917e+00,1.883497899773241002e-01,1.731200896550438018e-01,2.312179430382275136e-01,-4.592359884574698015e+00,-4.678635891594330687e+00,7.122636630969876315e+00,1.303987188929779939e-01,-8.767281202547128061e-02,4.523787538742496395e-03,-9.329714400675406694e+00,-1.306696934843990965e+00,1.180265439515272963e+00,-5.577593017300888079e-01,-1.931995989874346967e-02,1.104413733167374997e-02
-1.031728351349616979e+01,6.041061631391078102e-01,-4.748875723436488117e-01,-5.220716535197659214e-01,3.774502533800134785e-01,9.272869621360174675e-02,-9.026960164132962205e+00,-3.902139429158112183e+00,-1.048167770177703906e+00,6.669970979833284019e-02,-1.346545606193881028e-01,-4.211021132659980015e-01,-4.466611725440486680e+00,2.637189739899283847e+00,8.238792968807363337e+00,-6.543676547574150959e-03,3.106332681420385100e-01,-1.299022840373673937e-01,-8.882732659523275842e+00,3.676258359753716842e+00,-2.137510619062901185e+00,1.351497899773241862e-01,1.670200896550438074e-01,1.780179430382275996e-01,-4.524359884574700175e+00,-4.724635891594330062e+00,7.190636630969875931e+00,1.291987188929782093e-01,-1.180728120254714991e-01,-9.876212461257694031e-03,-9.335714400675406921e+00,-9.226969348439912899e-01,1.287265439515272947e+00,-5.680593017300887837e-01,-9.411995989874344382e-02,-1.415586266832625020e-02
-1.085128351349617049e+01,5.891061631391072417e-01,-7.518875723436488911e-01,-5.786716535197659050e-01,3.996502533800134760e-01,5.992869621360181337e-02,-9.497960164132962291e+00,-3.592139429158117014e+00,-9.841677701777040710e-01,4.519970979833277253e-02,-1.679545606193879881e-01,-3.912021132659981859e-01,-4.359611725440487362e+00,2.759189739899284177e+00,8.279792968807363707e+00,-3.544367654757429875e-02,3.251332681420385229e-01,-1.010022840373672043e-01,-9.085732659523275245e+00,3.477258359753716999e+00,-2.136510619062899963e+00,5.094978997732412668e-02,1.309200896550437865e-01,1.316179430382274085e-01,-4.495359884574696707e+00,-4.880635891594330644e+00,7.254636630969875988e+00,1.307987188929780054e-01,-1.515728120254707101e-01,9.237875387420046991e-04,-9.337714400675407589e+00,-7.896969348439912828e-01,1.333265439515272988e+00,-5.030593017300888370e-01,-1.386199598987434001e-01,-5.055586266832622772e-02
-1.131928351349617046e+01,7.521061631391074975e-01,-1.054887572343649049e+00,-5.947716535197659082e-01,3.479502533800133968e-01,3.252869621360177099e-02,-1.001996016413296076e+01,-3.366139429158117036e+00,-1.227167770177703066e+00,1.809970979833286017e-02,-1.674545606193879876e-01,-4.167021132659979865e-01,-4.418611725440484861e+00,3.081189739899282909e+00,8.387792968807364247e+00,-5.784367654757450322e-02,3.478332681420389094e-01,-8.500228403736720395e-02,-9.473732659523275146e+00,3.061258359753717073e+00,-2.007510619062899959e+00,-5.450210022675872068e-03,1.344200896550437896e-01,8.811794303822750862e-02,-4.306359884574696650e+00,-4.770635891594331213e+00,7.491636630969876087e+00,1.141987188929780989e-01,-1.531728120254713943e-01,1.082378753874201939e-02,-9.336714400675406367e+00,-8.526969348439914498e-01,1.325265439515272980e+00,-4.123593017300887786e-01,-2.279199598987435016e-01,-1.123558626683262979e-01
-1.149528351349617061e+01,8.921061631391071778e-01,-1.484887572343648987e+00,-5.965716535197659320e-01,2.343502533800135013e-01,-2.207130378639821089e-02,-1.004496016413295933e+01,-4.051139429158112648e+00,-1.590167770177703943e+00,-2.890029020166728912e-02,-1.937545606193880054e-01,-4.314021132659981994e-01,-4.548611725440487419e+00,2.918189739899283097e+00,8.389792968807363138e+00,-7.874367654757463697e-02,3.985332681420388212e-01,-6.850228403736746685e-02,-9.877732659523275061e+00,2.998258359753717794e+00,-1.768510619062900968e+00,-2.625021002267580172e-02,1.457200896550437108e-01,4.601794303822748233e-02,-4.221359884574702903e+00,-4.631635891594330090e+00,7.666636630969876798e+00,8.769871889297808920e-02,-1.372728120254710915e-01,2.262378753874206075e-02,-9.338714400675407035e+00,-7.386969348439915706e-01,1.247265439515272911e+00,-3.353593017300888768e-01,-3.864199598987433926e-01,-1.820558626683262127e-01
-1.144528351349616990e+01,8.011061631391078741e-01,-1.596887572343649087e+00,-5.689716535197659741e-01,9.375025338001341524e-02,-6.007130378639818913e-02,-1.001296016413295931e+01,-4.133139429158113387e+00,-1.614167770177703076e+00,-4.500029020166707028e-02,-2.302545606193880101e-01,-4.344021132659980911e-01,-4.843611725440482019e+00,3.062189739899285001e+00,8.355792968807364218e+00,-9.964367654757477766e-02,4.587332681420389080e-01,-6.690228403736719898e-02,-1.015473265952327964e+01,3.126258359753717908e+00,-1.543510619062899991e+00,-3.705021002267593760e-02,1.477200896550437126e-01,1.701794303822757107e-02,-4.246359884574700594e+00,-4.486635891594331405e+00,7.751636630969875874e+00,4.979871889297803750e-02,-9.417281202547123087e-02,2.692378753874269046e-02,-9.343714400675406040e+00,-3.986969348439913241e-01,1.296265439515273066e+00,-2.582593017300888749e-01,-5.332199598987434896e-01,-2.326558626683261910e-01
-1.141328351349616987e+01,4.301061631391073781e-01,-1.405887572343649028e+00,-5.270716535197659258e-01,-3.824974661998647996e-02,-9.457130378639821977e-02,-1.004096016413295978e+01,-4.199139429158115888e+00,-1.741167770177703966e+00,-9.070029020166714417e-02,-2.455545606193881014e-01,-4.143021132659980843e-01,-4.741611725440485259e+00,3.089189739899282028e+00,8.364792968807364559e+00,-1.269436765475747131e-01,5.125332681420387004e-01,-7.600228403736730698e-02,-1.015373265952326953e+01,3.273258359753719038e+00,-1.398510619062899973e+00,-5.015021002267606304e-02,1.444200896550437985e-01,-1.858205696177250843e-02,-4.308359884574699095e+00,-4.298635891594329905e+00,7.775636630969876784e+00,1.739871889297806007e-02,-6.707281202547132892e-02,1.202378753874278061e-02,-9.346714400675406154e+00,-2.196969348439913872e-01,1.381265439515273030e+00,-1.964593017300889088e-01,-5.508199598987435497e-01,-2.612558626683261775e-01
-1.139928351349617053e+01,6.910616313910766806e-02,-1.138887572343648902e+00,-4.801716535197659841e-01,-1.239497466199866033e-01,-1.066713037863982055e-01,-1.029996016413296012e+01,-4.516139429158116059e+00,-1.926167770177702021e+00,-6.660029020166735592e-02,-2.379545606193879947e-01,-3.872021132659981824e-01,-4.682611725440487760e+00,3.018189739899284962e+00,8.466792968807364872e+00,-1.221436765475747005e-01,5.910332681420387146e-01,-9.040228403736749740e-02,-9.979732659523275373e+00,3.295258359753718835e+00,-1.405510619062900091e+00,-8.575021002267568804e-02,1.381200896550439094e-01,-3.788205696177238124e-02,-4.365359884574701255e+00,-4.225635891594331284e+00,7.679636630969876698e+00,-6.801281107021939221e-03,-3.677281202547089123e-02,-9.376212461257527053e-03,-9.345714400675406708e+00,-3.026969348439911833e-01,1.334265439515273988e+00,-1.466593017300887869e-01,-5.086199598987435344e-01,-2.629558626683263234e-01
-1.125628351349616985e+01,-2.428938368608926091e-01,-8.888875723436489018e-01,-4.487716535197658896e-01,-1.404497466199864930e-01,-1.037713037863982057e-01,-1.060696016413296050e+01,-4.441139429158113217e+00,-1.908167770177704003e+00,3.679970979833280254e-02,-2.510545606193880230e-01,-3.686021132659980104e-01,-4.643611725440486282e+00,3.113189739899282937e+00,8.504792968807365128e+00,-1.092436765475745947e-01,6.664332681420388482e-01,-1.236022840373673937e-01,-9.680732659523275885e+00,3.200258359753718196e+00,-1.554510619062901000e+00,-1.087502100226758056e-01,1.300200896550439134e-01,-4.268205696177229669e-02,-4.360359884574698697e+00,-4.375635891594329863e+00,7.576636630969876940e+00,-3.870128110702220070e-02,-1.767281202547099986e-02,-4.487621246125784308e-02,-9.343714400675406040e+00,-4.036969348439912175e-01,1.267265439515272929e+00,-9.535930173008888566e-02,-4.762199598987434945e-01,-2.312558626683262064e-01
-1.103028351349617076e+01,-5.528938368608926623e-01,-7.518875723436488911e-01,-4.202716535197659198e-01,-1.412497466199867102e-01,-8.477130378639818886e-02,-1.081496016413296068e+01,-4.066139429158113217e+00,-1.781167770177702891e+00,1.143997097983326938e-01,-2.652545606193880134e-01,-3.645021132659980179e-01,-4.759611725440485941e+00,3.233189739899283932e+00,8.531792968807366151e+00,-1.108436765475744046e-01,7.581332681420382968e-01,-1.551022840373673106e-01,-9.332732659523275132e+00,2.832258359753717869e+00,-1.830510619062901023e+00,-1.489502100226758052e-01,1.035200896550436955e-01,-6.008205696177260080e-02,-4.354359884574697581e+00,-4.568635891594331255e+00,7.429636630969876698e+00,-5.470128110702220797e-02,-1.772812025470748903e-03,-5.727621246125780274e-02,-9.343714400675406040e+00,-4.056969348439913858e-01,1.458265439515272988e+00,-1.865930173008889872e-02,-4.658199598987434742e-01,-1.615558626683261945e-01
-1.075728351349616929e+01,-9.328938368608925558e-01,-7.218875723436490865e-01,-3.730716535197660111e-01,-1.459497466199866089e-01,-6.447130378639820414e-02,-1.089496016413296076e+01,-3.612139429158113035e+00,-1.643167770177702991e+00,1.761997097983329930e-01,-2.694545606193879950e-01,-3.811021132659981880e-01,-4.761611725440488385e+00,3.174189739899282880e+00,8.594792968807364986e+00,-1.188436765475743978e-01,8.497332681420388667e-01,-1.785022840373672870e-01,-9.219732659523275586e+00,2.400258359753717041e+00,-2.133510619062899849e+00,-1.648502100226761080e-01,9.742008965504367346e-02,-6.958205696177266475e-02,-4.357359884574698583e+00,-4.798635891594329905e+00,7.322636630969877380e+00,-5.470128110702220797e-02,-3.372812025471461084e-03,-6.187621246125774022e-02,-9.345714400675406708e+00,-2.796969348439914960e-01,1.630265439515272918e+00,5.634069826991106034e-02,-3.893199598987435173e-01,-8.415586266832625340e-02
-1.054128351349616999e+01,-1.255893836860892954e+00,-7.468875723436489977e-01,-2.847716535197660215e-01,-1.777497466199866871e-01,-4.727130378639821107e-02,-1.092396016413296067e+01,-3.390139429158117945e+00,-1.559167770177702916e+00,1.962997097983328054e-01,-2.569545606193879839e-01,-4.091021132659979909e-01,-4.650611725440484179e+00,3.102189739899284149e+00,8.645792968807363366e+00,-1.269436765475747131e-01,9.362332681420388880e-01,-2.039022840373672096e-01,-9.239732659523275160e+00,2.274258359753718040e+00,-2.326510619062900798e+00,-1.370502100226760056e-01,9.122008965504369016e-02,-6.468205696177253827e-02,-4.306359884574696650e+00,-4.969635891594331056e+00,7.279636630969876343e+00,-3.510128110702215309e-02,-1.772812025470748903e-03,-6.367621246125754197e-02,-9.353714400675407603e+00,8.630306515600860706e-02,1.434265439515272966e+00,1.872406982699111044e-01,-2.972199598987435021e-01,-3.845586266832624195e-02
-1.032428351349616946e+01,-1.474893836860891927e+00,-7.138875723436490794e-01,-1.681716535197659013e-01,-2.603497466199866106e-01,-3.237130378639824224e-02,-1.097096016413295949e+01,-3.177139429158116979e+00,-1.461167770177703051e+00,2.094997097983327117e-01,-2.587545606193881187e-01,-4.359021132659980924e-01,-4.787611725440484634e+00,3.365189739899281829e+00,8.566792968807362740e+00,-1.381436765475748119e-01,1.042633268142038938e+00,-2.400022840373675082e-01,-9.299732659523275657e+00,2.253258359753716800e+00,-2.443510619062899902e+00,-1.126502100226760977e-01,8.492008965504371787e-02,-6.628205696177236206e-02,-4.309359884574696764e+00,-4.995635891594330857e+00,7.281636630969877011e+00,-2.380128110702183983e-02,3.127187974529376923e-03,-5.787621246125773666e-02,-9.361714400675406722e+00,5.193030651560084365e-01,1.110265439515272901e+00,4.270406982699110898e-01,-2.635199598987433833e-01,-1.335586266832622035e-02
-9.991283513496165725e+00,-1.611893836860891938e+00,-4.398875723436491136e-01,-2.807165351976604120e-02,-3.497497466199865901e-01,-3.007130378639822146e-02,-1.077996016413296054e+01,-2.813139429158113103e+00,-1.264167770177702987e+00,2.242997097983328025e-01,-2.637545606193881231e-01,-4.673021132659980204e-01,-4.739611725440482815e+00,3.387189739899283847e+00,8.551792968807365725e+00,-1.671436765475746988e-01,1.129033268142038970e+00,-2.667022840373673986e-01,-9.357732659523275487e+00,2.167258359753719166e+00,-2.549510619062900219e+00,-1.126502100226760977e-01,7.232008965504377329e-02,-6.298205696177250346e-02,-4.276359884574702619e+00,-5.102635891594331063e+00,7.241636630969876087e+00,-9.001281107022141015e-03,0.000000000000000000e+00,-5.977621246125774945e-02,-9.362714400675406168e+00,8.523030651560086213e-01,1.023265439515272934e+00,6.621406982699111765e-01,-3.082199598987435119e-01,1.344413733167377015e-02
-9.649283513496165199e+00,-1.704893836860891909e+00,-8.888757234364907944e-02,9.342834648023412569e-02,-4.191497466199866073e-01,-2.577130378639818850e-02,-1.044796016413295980e+01,-2.520139429158113842e+00,-1.260167770177704094e+00,2.134997097983326875e-01,-2.554545606193879825e-01,-5.117021132659980154e-01,-4.466611725440486680e+00,3.123189739899284945e+00,8.549792968807363280e+00,-1.913436765475746981e-01,1.210733268142039076e+00,-2.949022840373674015e-01,-9.335732659523275245e+00,2.142258359753717922e+00,-2.526510619062900975e+00,-9.925021002267575554e-02,4.422008965504375944e-02,-5.128205696177268180e-02,-4.301359884574701198e+00,-5.091635891594330943e+00,7.232636630969875746e+00,1.529871889297806931e-02,1.592718797452885929e-02,-5.547621246125755690e-02,-9.362714400675406168e+00,8.863030651560084294e-01,1.172265439515272956e+00,7.419406982699112696e-01,-3.193199598987435106e-01,2.924413733167375087e-02
-9.384283513496164630e+00,-1.714893836860893028e+00,3.001124276563512105e-01,2.040283464802342128e-01,-4.414497466199865938e-01,-3.067130378639821089e-02,-1.022296016413296016e+01,-2.569139429158112886e+00,-1.262167770177702986e+00,2.026997097983329887e-01,-2.407545606193879917e-01,-5.673021132659981092e-01,-4.681611725440482985e+00,3.029189739899284195e+00,8.355792968807364218e+00,-2.155436765475746974e-01,1.269433268142039051e+00,-3.248022840373673836e-01,-9.254732659523275728e+00,2.108258359753718114e+00,-2.461510619062901029e+00,-6.665021002267579320e-02,2.362008965504381122e-02,-4.948205696177244289e-02,-4.306359884574696650e+00,-5.025635891594330218e+00,7.236636630969877082e+00,2.679871889297790952e-02,1.432718797452903030e-02,-4.847621246125743966e-02,-9.367714400675406949e+00,5.803030651560083797e-01,1.317265439515272973e+00,6.547406982699111033e-01,-2.216199598987435015e-01,5.634413733167376037e-02
-9.242283513496165170e+00,-1.503893836860892064e+00,6.321124276563514499e-01,2.818283464802340266e-01,-4.237497466199864893e-01,-2.847130378639823114e-02,-1.008896016413295982e+01,-3.365139429158113149e+00,-1.338167770177703053e+00,1.935997097983329085e-01,-2.389545606193879956e-01,-6.052021132659981539e-01,-5.063611725440487987e+00,2.990189739899281829e+00,8.155792968807364929e+00,-2.429436765475747884e-01,1.318233268142039005e+00,-3.500022840373672728e-01,-9.207732659523275132e+00,2.101258359753717997e+00,-2.397510619062900972e+00,-2.475021002267574141e-02,4.320089655043712895e-03,-3.978205696177238709e-02,-4.334359884574701560e+00,-4.967635891594330388e+00,7.223636630969877181e+00,5.279871889297815812e-02,2.082718797452897883e-02,-4.887621246125783969e-02,-9.368714400675406395e+00,2.053030651560084074e-01,1.439265439515273970e+00,4.628406982699110883e-01,-7.721995989874352873e-02,7.984413733167372573e-02
-9.073283513496164687e+00,-1.204893836860891909e+00,7.011124276563514002e-01,3.172283464802341246e-01,-3.652497466199864928e-01,-2.917130378639820956e-02,-9.690960164132963683e+00,-3.530139429158111852e+00,-1.371167770177702971e+00,2.276997097983328999e-01,-2.362545606193879877e-01,-6.303021132659980541e-01,-5.080611725440483895e+00,2.841189739899284916e+00,7.968792968807364652e+00,-2.623436765475744004e-01,1.354133268142037938e+00,-3.751022840373675060e-01,-9.241732659523275828e+00,2.019258359753716814e+00,-2.337510619062900030e+00,2.104978997732409943e-02,3.020089655043856069e-03,-3.168205696177261999e-02,-4.332359884574700004e+00,-4.972635891594330282e+00,7.228636630969876187e+00,7.749871889297788030e-02,1.282718797452898039e-02,-5.427621246125768906e-02,-9.353714400675407603e+00,-5.769693484399152084e-02,1.588265439515273991e+00,2.321406982699109889e-01,-3.319959898743451987e-03,1.038441373316737054e-01
-8.973283513496166819e+00,-7.488938368608923923e-01,3.931124276563511266e-01,3.366283464802339864e-01,-3.020497466199866254e-01,-2.507130378639821008e-02,-9.351960164132961495e+00,-3.809139429158114876e+00,-1.374167770177703085e+00,2.682997097983327861e-01,-2.273545606193879964e-01,-6.282021132659980633e-01,-5.222611725440486907e+00,2.657189739899283865e+00,7.653792968807365149e+00,-2.575436765475744849e-01,1.380333268142039049e+00,-3.942022840373672898e-01,-9.157732659523276197e+00,1.997258359753719015e+00,-2.252510619062900954e+00,8.184978997732406114e-02,-1.077991034495618013e-02,-2.348205696177263144e-02,-4.309359884574696764e+00,-4.976635891594330730e+00,7.218636630969876400e+00,1.004987188929779979e-01,1.602718797452861929e-02,-5.807621246125770770e-02,-9.363714400675407390e+00,-1.376969348439915919e-01,1.950265439515272980e+00,-2.435930173008893015e-02,3.738004010125651339e-02,1.245441373316737987e-01
-8.944283513496166904e+00,-1.848938368608923077e-01,-3.788757234364892312e-02,3.397283464802340891e-01,-3.061497466199866180e-01,-4.417130378639821942e-02,-8.998960164132963513e+00,-3.414139429158112193e+00,-1.338167770177703053e+00,2.884997097983327818e-01,-2.100545606193879866e-01,-6.769021132659980289e-01,-5.635611725440483610e+00,2.502189739899283172e+00,7.446792968807364410e+00,-2.607436765475745766e-01,1.406533268142039050e+00,-4.116022840373672054e-01,-9.092732659523274918e+00,2.000258359753717130e+00,-2.264510619062900076e+00,1.345497899773243078e-01,-1.957991034495631943e-02,-1.358205696177262022e-02,-4.313359884574701653e+00,-5.017635891594331099e+00,7.196636630969876158e+00,1.265987188929779961e-01,1.452718797452856939e-02,-5.547621246125755690e-02,-9.359714400675406054e+00,-1.126969348439911950e-01,2.382265439515272920e+00,-2.639593017300890243e-01,1.069800401012565017e-01,1.374441373316737103e-01
-8.950283513496167132e+00,3.481061631391075828e-01,-1.868875723436488889e-01,3.144283464802339889e-01,-3.374497466199866125e-01,-5.387130378639821277e-02,-8.825960164132961694e+00,-4.697139429158113444e+00,-1.414167770177704009e+00,2.927997097983325858e-01,-2.069545606193879950e-01,-6.581021132659981010e-01,-5.692611725440485770e+00,2.315189739899285115e+00,7.349792968807364879e+00,-2.301436765475743940e-01,1.426333268142039090e+00,-4.278022840373671976e-01,-9.129732659523275728e+00,2.029258359753718821e+00,-2.215510619062901032e+00,1.915497899773241919e-01,-1.617991034495624980e-02,1.021794303822743007e-02,-4.283359884574701404e+00,-4.970635891594331390e+00,7.250636630969876428e+00,1.622987188929778946e-01,1.132718797452892008e-02,-4.837621246125767271e-02,-9.363714400675407390e+00,-1.826969348439914931e-01,2.750265439515274135e+00,-4.676593017300890165e-01,2.124800401012564011e-01,1.581441373316737897e-01
-9.067283513496166236e+00,6.311061631391079452e-01,-3.388757234364891957e-02,2.748283464802340759e-01,-3.315497466199865961e-01,-6.337130378639821426e-02,-9.040960164132961552e+00,-3.708139429158115785e+00,-1.411167770177703895e+00,3.692997097983328203e-01,-1.954545606193880125e-01,-6.778021132659981518e-01,-5.731611725440487248e+00,2.404189739899284195e+00,7.430792968807364396e+00,-2.028436765475744863e-01,1.439533268142038080e+00,-4.440022840373671897e-01,-9.148732659523275856e+00,2.146258359753717926e+00,-2.073510619062901128e+00,2.233497899773241868e-01,-1.527991034495635066e-02,2.331794303822753989e-02,-4.291359884574703187e+00,-4.861635891594331405e+00,7.286636630969876016e+00,1.800987188929780991e-01,1.142718797452869049e-02,-3.767621246125774093e-02,-9.369714400675407617e+00,-4.266969348439912935e-01,2.974265439515273002e+00,-6.242593017300888114e-01,3.133800401012564185e-01,1.820441373316737943e-01
-9.104283513496167046e+00,8.541061631391078102e-01,2.451124276563509952e-01,2.210283464802340891e-01,-3.205497466199865864e-01,-5.557130378639824064e-02,-9.304960164132964451e+00,-4.157139429158114297e+00,-1.347167770177704060e+00,3.951997097983329099e-01,-1.927545606193880046e-01,-6.791021132659980086e-01,-5.733611725440482587e+00,2.395189739899282966e+00,7.435792968807365177e+00,-1.657436765475744089e-01,1.480633268142037995e+00,-4.586022840373674136e-01,-9.181732659523275331e+00,2.249258359753718128e+00,-1.946510619062900016e+00,2.459497899773240015e-01,-2.337991034495634848e-02,3.781794303822749725e-02,-4.307359884574701425e+00,-4.750635891594329863e+00,7.333636630969876613e+00,1.830987188929777965e-01,-2.972812025470616959e-03,-2.817621246125768045e-02,-9.356714400675405940e+00,-7.936969348439912864e-01,2.680265439515272963e+00,-6.893593017300889692e-01,3.899800401012564199e-01,1.993441373316738041e-01
-9.189283513496166123e+00,1.065106163139106998e+00,4.411124276563512248e-01,1.530283464802340010e-01,-2.800497466199866059e-01,-3.177130378639819730e-02,-9.561960164132962348e+00,-3.393139429158118947e+00,-1.318167770177703924e+00,4.442997097983329979e-01,-1.967545606193880081e-01,-7.052021132659980207e-01,-5.650611725440484179e+00,2.873189739899284945e+00,7.696792968807364410e+00,-1.657436765475744089e-01,1.520033268142038985e+00,-4.710022840373673247e-01,-9.252732659523275061e+00,2.253258359753716800e+00,-1.864510619062901053e+00,2.411497899773241138e-01,-7.379910344956330803e-03,5.551794303822755322e-02,-4.270359884574702392e+00,-4.630635891594330644e+00,7.429636630969876698e+00,1.912987188929778093e-01,-1.372812025470792957e-03,-2.707621246125757955e-02,-9.350714400675407489e+00,-1.038696934843990949e+00,2.193265439515272863e+00,-5.838593017300888199e-01,4.164800401012566100e-01,2.197441373316738056e-01
-9.288283513496164545e+00,1.229106163139108032e+00,5.301124276563511373e-01,8.702834648023416442e-02,-2.123497466199865957e-01,-2.571303786398194003e-03,-9.515960164132962973e+00,-3.309139429158114876e+00,-1.235167770177703961e+00,4.398997097983325943e-01,-1.949545606193880121e-01,-7.288021132659980861e-01,-5.513611725440483724e+00,2.798189739899282102e+00,7.648792968807364367e+00,-2.109436765475747044e-01,1.547533268142039065e+00,-4.929022840373674108e-01,-9.352732659523276482e+00,2.264258359753717809e+00,-1.804510619062901000e+00,2.133497899773240114e-01,-2.779910344956170853e-03,6.201794303822749654e-02,-4.244359884574699038e+00,-4.576635891594330374e+00,7.498636630969875760e+00,1.812987188929779947e-01,-2.972812025470616959e-03,-1.587621246125748078e-02,-9.353714400675407603e+00,-1.110696934843991013e+00,1.785265439515272945e+00,-4.374593017300890119e-01,4.146800401012565862e-01,2.197441373316738056e-01
-9.371283513496166506e+00,1.455106163139108011e+00,4.541124276563511253e-01,-7.771653519765830964e-03,-1.505497466199864909e-01,2.772869621360180004e-02,-9.242960164132963286e+00,-3.232139429158117139e+00,-1.211167770177703051e+00,4.170997097983328850e-01,-1.881545606193880948e-01,-7.340021132659981795e-01,-5.547611725440482644e+00,2.864189739899285048e+00,7.502792968807363572e+00,-2.608436765475747876e-01,1.568233268142039005e+00,-5.102022840373674484e-01,-9.353732659523275927e+00,2.308258359753719180e+00,-1.677510619062900110e+00,2.014497899773242118e-01,1.572008965504378963e-02,7.141794303822734946e-02,-4.221359884574702903e+00,-4.512635891594330317e+00,7.552636630969876030e+00,1.697987188929782065e-01,2.271879745290306118e-04,-1.227621246125742971e-02,-9.348714400675406822e+00,-1.227696934843991006e+00,1.505265439515272918e+00,-4.075593017300889187e-01,3.080800401012566136e-01,1.911441373316737913e-01
-9.348283513496166819e+00,1.625106163139107940e+00,3.221124276563510080e-01,-1.042716535197659028e-01,-1.104497466199864941e-01,4.822869621360176273e-02,-8.967960164132961154e+00,-3.819139429158112886e+00,-1.244167770177704080e+00,3.715997097983327890e-01,-1.729545606193881035e-01,-7.411021132659980637e-01,-5.901611725440488954e+00,2.685189739899283001e+00,7.093792968807364652e+00,-2.883436765475745900e-01,1.576233268142039012e+00,-5.322022840373672459e-01,-9.322732659523275345e+00,2.458258359753716871e+00,-1.623510619062900062e+00,1.851497899773240086e-01,4.112008965504365676e-02,7.931794303822758962e-02,-4.292359884574700857e+00,-4.393635891594331433e+00,7.545636630969876357e+00,1.452987188929779905e-01,-1.372812025470792957e-03,-1.337621246125753061e-02,-9.347714400675407376e+00,-1.513696934843991038e+00,1.516265439515273039e+00,-4.704593017300888746e-01,1.883800401012563908e-01,1.614441373316737038e-01
-9.375283513496166066e+00,1.619106163139107046e+00,3.291124276563511253e-01,-1.864716535197659120e-01,-7.834974661998650447e-02,5.782869621360176016e-02,-8.909960164132961324e+00,-4.421139429158117196e+00,-1.267167770177703989e+00,3.538997097983326845e-01,-1.549545606193880876e-01,-7.573021132659980559e-01,-6.432611725440487760e+00,2.354189739899283040e+00,7.034792968807363600e+00,-2.883436765475745900e-01,1.602433268142039013e+00,-5.497022840373673169e-01,-9.295732659523274322e+00,2.591258359753718210e+00,-1.538510619062900986e+00,1.406497899773241911e-01,6.912008965504368163e-02,8.061794303822766850e-02,-4.318359884574697105e+00,-4.269635891594329991e+00,7.560636630969876926e+00,1.224987188929777954e-01,-3.072812025471272079e-03,-1.147621246125751955e-02,-9.347714400675407376e+00,-1.778696934843990940e+00,1.420265439515272954e+00,-5.699593017300887965e-01,1.663800401012565933e-01,1.393441373316736953e-01
-9.393283513496164971e+00,1.508106163139107947e+00,4.951124276563509952e-01,-2.573716535197658750e-01,-2.124974661998657935e-02,6.932869621360177037e-02,-8.933960164132962234e+00,-4.596139429158114353e+00,-1.362167770177703963e+00,3.360997097983329240e-01,-1.755545606193880115e-01,-7.478021132659979919e-01,-6.565611725440483326e+00,2.303189739899285104e+00,6.949792968807365412e+00,-3.270436765475746022e-01,1.625233268142038945e+00,-5.650022840373671862e-01,-9.236732659523276823e+00,2.624258359753718128e+00,-1.531510619062901091e+00,1.144497899773239957e-01,8.952008965504365534e-02,8.211794303822728125e-02,-4.313359884574701653e+00,-4.287635891594330673e+00,7.560636630969876926e+00,9.649871889297800820e-02,-3.072812025471272079e-03,-1.427621246125765006e-02,-9.342714400675406594e+00,-1.809696934843991079e+00,1.355265439515273007e+00,-6.199593017300888409e-01,9.488004010125650201e-02,9.804413733167371969e-02
-9.464283513496166478e+00,1.327106163139107897e+00,4.391124276563508899e-01,-3.217716535197658878e-01,4.595025338001335058e-02,7.642869621360176557e-02,-9.035960164132962547e+00,-4.340139429158114126e+00,-1.073167770177702929e+00,3.491997097983325915e-01,-2.237545606193880043e-01,-7.552021132659980651e-01,-6.434611725440483099e+00,2.104189739899283040e+00,6.978792968807364439e+00,-3.463436765475744750e-01,1.665933268142038903e+00,-5.568022840373672011e-01,-9.224732659523276368e+00,2.577258359753717087e+00,-1.634510619062901071e+00,9.314978997732392685e-02,1.036200896550436984e-01,7.551794303822756405e-02,-4.309359884574696764e+00,-4.339635891594330275e+00,7.543636630969875689e+00,6.379871889297783483e-02,-1.572812025471215019e-03,-2.247621246125763861e-02,-9.341714400675407148e+00,-1.694696934843991976e+00,1.424265439515272957e+00,-5.926593017300889610e-01,-2.921995989874348956e-02,4.904413733167378719e-02
-9.494283513496165838e+00,1.069106163139107890e+00,1.761124276563509894e-01,-3.432716535197660179e-01,1.036502533800133935e-01,5.992869621360181337e-02,-8.649960164132963314e+00,-3.859139429158112033e+00,-8.101677701777028062e-01,2.951997097983328211e-01,-2.804545606193880047e-01,-7.351021132659980584e-01,-6.389611725440487611e+00,2.077189739899286014e+00,7.120792968807363899e+00,-3.704436765475747073e-01,1.703433268142038992e+00,-5.422022840373674768e-01,-9.364732659523275160e+00,2.595258359753718214e+00,-1.751510619062899954e+00,7.844978997732399151e-02,1.226200896550437985e-01,7.851794303822767773e-02,-4.305359884574698981e+00,-4.428635891594330687e+00,7.527636630969875675e+00,3.909871889297811265e-02,-4.772812025470862807e-03,-1.697621246125758168e-02,-9.339714400675406480e+00,-1.598696934843991002e+00,1.542265439515273062e+00,-5.244593017300889226e-01,-1.456199598987434063e-01,-7.755862668326229947e-03
-9.633283513496166961e+00,8.321061631391075686e-01,-2.448875723436488017e-01,-3.776716535197658930e-01,1.478502533800135077e-01,4.942869621360179710e-02,-8.520960164132961978e+00,-3.580139429158116116e+00,-4.001677701777027196e-01,2.412997097983327066e-01,-3.355545606193879871e-01,-6.926021132659980761e-01,-6.105611725440481585e+00,2.447189739899283012e+00,7.300792968807363614e+00,-4.267436765475745020e-01,1.745333268142037930e+00,-5.371022840373673723e-01,-9.444732659523275231e+00,2.634258359753717027e+00,-1.974510619062900929e+00,5.864978997732395172e-02,1.334200896550437054e-01,7.031794303822769265e-02,-4.264359884574702164e+00,-4.550635891594330573e+00,7.507636630969876101e+00,2.659871889297793848e-02,-9.572812025471222341e-03,-2.687621246125760158e-02,-9.341714400675407148e+00,-1.553696934843991961e+00,1.480265439515273007e+00,-4.336593017300888753e-01,-2.316199598987435104e-01,-8.385586266832623092e-02
-9.772283513496166307e+00,7.051061631391077889e-01,-4.938875723436488840e-01,-4.219716535197660101e-01,1.442502533800134046e-01,4.782869621360180679e-02,-9.155960164132963541e+00,-3.668139429158117082e+00,-1.801677701777038010e-01,1.618997097983330136e-01,-3.597545606193879864e-01,-7.030021132659980410e-01,-5.853611725440487135e+00,2.356189739899285041e+00,7.340792968807365426e+00,-5.168436765475745709e-01,1.767633268142039027e+00,-5.077022840373675017e-01,-9.318732659523275785e+00,2.404258359753718821e+00,-2.131510619062900957e+00,4.214978997732420768e-02,1.395200896550436998e-01,7.021794303822748162e-02,-4.244359884574699038e+00,-4.600635891594331284e+00,7.489636630969877196e+00,1.629871889297795917e-02,-1.117281202547104960e-02,-1.357621246125751031e-02,-9.350714400675407489e+00,-1.236696934843990903e+00,1.229265439515274005e+00,-3.580593017300888192e-01,-2.920199598987435197e-01,-1.520558626683262138e-01
-9.965283513496165924e+00,5.261061631391075188e-01,-5.568875723436490510e-01,-4.556716535197659068e-01,9.415025338001337118e-02,4.382869621360180323e-02,-9.633960164132961523e+00,-4.667139429158112307e+00,-4.541677701777028786e-01,1.038997097983326984e-01,-3.698545606193879842e-01,-7.479021132659982030e-01,-6.216611725440486680e+00,2.001189739899285058e+00,7.084792968807364311e+00,-6.133436765475743790e-01,1.794833268142038030e+00,-4.781022840373672089e-01,-9.213732659523275359e+00,2.774258359753718040e+00,-2.076510619062900798e+00,5.344978997732408033e-02,1.535200896550437122e-01,4.411794303822746954e-02,-4.298359884574701084e+00,-4.555635891594331355e+00,7.446636630969876158e+00,-6.801281107021939221e-03,-1.572812025471215019e-03,-5.076212461257778585e-03,-9.351714400675406935e+00,-7.316969348439914533e-01,9.912654395152731279e-01,-2.947593017300889073e-01,-3.952199598987434781e-01,-2.011558626683261908e-01
-1.013428351349616996e+01,3.131061631391073852e-01,-6.108875723436488769e-01,-4.574716535197658751e-01,4.445025338001352272e-02,1.812869621360179914e-02,-9.373960164132963513e+00,-4.587139429158114012e+00,-4.181677701777032907e-01,1.023997097983326970e-01,-3.938545606193881166e-01,-7.445021132659981333e-01,-6.763611725440483724e+00,1.732189739899282932e+00,6.746792968807365121e+00,-6.906436765475745254e-01,1.851333268142040023e+00,-4.585022840373675912e-01,-9.230732659523276595e+00,3.284258359753717826e+00,-2.060510619062900783e+00,9.649789977324019219e-03,1.536200896550437012e-01,2.641794303822742052e-02,-4.386359884574702050e+00,-4.496635891594330303e+00,7.395636630969876002e+00,-8.401281107022207095e-03,-9.572812025471222341e-03,-4.976212461257568422e-03,-9.361714400675406722e+00,-3.406969348439913836e-01,9.872654395152733464e-01,-2.642593017300888802e-01,-4.819199598987434774e-01,-2.327558626683262077e-01
-1.018228351349617000e+01,1.271061631391074975e-01,-6.128875723436486567e-01,-4.213716535197659097e-01,-1.334974661998655950e-02,-4.571303786398195346e-03,-8.869960164132962177e+00,-4.165139429158116968e+00,-3.451677701777028928e-01,-2.090029020166727855e-02,-4.364545606193879768e-01,-7.410021132659980747e-01,-7.010611725440483610e+00,1.550189739899284991e+00,6.641792968807364694e+00,-7.291436765475745041e-01,1.914933268142039013e+00,-4.340022840373674029e-01,-9.244732659523275942e+00,3.060258359753718072e+00,-2.055510619062900002e+00,-2.405021002267604055e-02,1.365200896550438081e-01,8.179430382275754141e-04,-4.437359884574696878e+00,-4.506635891594330090e+00,7.366636630969876087e+00,-1.140128110702188016e-02,-1.437281202547069023e-02,-1.457621246125784080e-02,-9.356714400675405940e+00,-2.646969348439914271e-01,9.642654395152734370e-01,-2.342593017300889091e-01,-4.970199598987434797e-01,-2.375558626683262065e-01
-1.017028351349616955e+01,2.710616313910740871e-02,-5.368875723436490333e-01,-3.834716535197659759e-01,-4.604974661998650909e-02,-2.217130378639819988e-02,-8.793960164132961665e+00,-4.861139429158114922e+00,-4.871677701777041847e-01,-1.383002902016672031e-01,-4.808545606193880273e-01,-7.107021132659980811e-01,-6.998611725440483156e+00,1.292189739899284984e+00,6.618792968807365007e+00,-7.596436765475744757e-01,1.972033268142038942e+00,-4.050022840373674882e-01,-9.207732659523275132e+00,2.674258359753717951e+00,-2.126510619062900176e+00,-3.705021002267593760e-02,1.302200896550438081e-01,-2.338205696177242041e-02,-4.415359884574698413e+00,-4.549635891594331127e+00,7.357636630969875746e+00,-8.001281107021807060e-03,-2.397281202547140930e-02,-2.237621246125743105e-02,-9.360714400675407276e+00,-4.076969348439912211e-01,1.029265439515272940e+00,-1.333593017300888917e-01,-4.719199598987435240e-01,-2.218558626683261870e-01
-1.011228351349616972e+01,-8.489383686089269077e-02,-3.748875723436487228e-01,-3.502716535197659131e-01,-6.074974661998667341e-02,-3.957130378639823337e-02,-9.323960164132962802e+00,-5.118139429158112819e+00,-6.121677701777041847e-01,-9.420029020166698075e-02,-5.008545606193880451e-01,-7.226021132659981028e-01,-6.942611725440485770e+00,1.249189739899283058e+00,6.690792968807364183e+00,-7.675436765475747158e-01,2.012733268142037790e+00,-3.906022840373672977e-01,-9.082732659523275132e+00,2.635258359753719137e+00,-2.308510619062901004e+00,-2.075021002267574133e-02,1.238200896550436941e-01,-3.308205696177247274e-02,-4.405359884574700402e+00,-4.616635891594331298e+00,7.341636630969875732e+00,-2.701281107022169160e-03,-3.197281202547141987e-02,-3.827621246125766791e-02,-9.354714400675407049e+00,-5.446969348439911762e-01,1.289265439515272949e+00,-3.865930173008891302e-02,-4.976199598987435246e-01,-1.632558626683263125e-01
-1.003628351349616921e+01,-3.308938368608926872e-01,-3.458875723436488081e-01,-3.010716535197658916e-01,-7.024974661998650838e-02,-6.617130378639823896e-02,-9.244960164132962177e+00,-4.741139429158116592e+00,-4.941677701777039133e-01,-3.930029020166703191e-02,-5.337545606193879744e-01,-7.138021132659981838e-01,-7.031611725440484406e+00,1.961189739899281914e+00,6.620792968807363899e+00,-8.191436765475743620e-01,2.056733268142039162e+00,-3.979022840373676040e-01,-9.100732659523275814e+00,2.594258359753717880e+00,-2.430510619062900002e+00,-1.025021002267578925e-02,1.055200896550436973e-01,-4.238205696177255177e-02,-4.380359884574701823e+00,-4.765635891594330431e+00,7.299636630969875917e+00,-5.801281107022049355e-03,-3.517281202547106744e-02,-4.317621246125780132e-02,-9.363714400675407390e+00,-5.306969348439913858e-01,1.725265439515274002e+00,9.340698269911129614e-03,-5.396199598987434509e-01,-1.109558626683262023e-01
-9.913283513496166321e+00,-6.388938368608925167e-01,-3.548875723436490937e-01,-2.394716535197657925e-01,-9.444974661998650767e-02,-7.727130378639823771e-02,-8.908960164132963655e+00,-4.384139429158118162e+00,-5.741677701777039289e-01,-4.270029020166710154e-02,-5.513545606193880344e-01,-7.074021132659980005e-01,-7.193611725440483440e+00,2.123189739899284945e+00,6.789792968807364382e+00,-9.253436765475746562e-01,2.086833268142037845e+00,-3.765022840373672963e-01,-9.139732659523275515e+00,2.370258359753718125e+00,-2.427510619062899888e+00,-2.785021002267606960e-02,8.522008965504368483e-02,-4.698205696177248925e-02,-4.362359884574701141e+00,-4.763635891594332428e+00,7.270636630969876002e+00,7.398718892977829142e-03,-3.997281202547142698e-02,-4.977621246125751853e-02,-9.360714400675407276e+00,-3.266969348439912046e-01,2.015265439515272927e+00,6.974069826991113885e-02,-4.425199598987434868e-01,-6.825586266832622817e-02
-9.768283513496164971e+00,-9.978938368608925025e-01,-3.258875723436486793e-01,-1.764716535197659031e-01,-1.447497466199864913e-01,-7.777130378639823816e-02,-8.702960164132964138e+00,-3.938139429158113103e+00,-3.891677701777033760e-01,-9.170029020166703404e-02,-5.905545606193880470e-01,-6.746021132659980601e-01,-7.097611725440486907e+00,1.518189739899284962e+00,6.227792968807364993e+00,-1.022043676547573998e+00,2.092633268142038983e+00,-3.694022840373674121e-01,-9.116732659523275828e+00,2.089258359753717986e+00,-2.484510619062901160e+00,-1.205021002267602989e-02,7.682008965504372178e-02,-3.898205696177248214e-02,-4.309359884574696764e+00,-4.845635891594331390e+00,7.308636630969876258e+00,2.849871889297795127e-02,-4.797281202547142714e-02,-4.077621246125762156e-02,-9.367714400675406949e+00,1.303065156008643023e-03,1.757265439515272920e+00,2.414406982699111026e-01,-2.581199598987434785e-01,-4.175586266832626015e-02
-9.596283513496166151e+00,-1.358893836860892046e+00,-2.108875723436489935e-01,-9.607165351976587608e-02,-1.820497466199866021e-01,-7.027130378639823149e-02,-8.644960164132964309e+00,-4.067139429158117991e+00,-4.651677701777038876e-01,-1.957002902016670987e-01,-5.871545606193879774e-01,-6.681021132659981099e-01,-7.453611725440485003e+00,1.550189739899284991e+00,6.350792968807364325e+00,-1.054243676547574005e+00,2.098933268142038067e+00,-3.899022840373675969e-01,-9.249732659523274947e+00,2.074258359753719194e+00,-2.510510619062900961e+00,1.649789977324011897e-03,7.272008965504372924e-02,-3.388205696177237769e-02,-4.287359884574698299e+00,-4.863635891594331184e+00,7.335636630969877281e+00,4.979871889297803750e-02,-5.747281202547060985e-02,-4.437621246125766916e-02,-9.370714400675407063e+00,5.203030651560087705e-01,9.872654395152733464e-01,5.069406982699109498e-01,-1.565199598987435103e-01,-1.835586266832623173e-02
-9.276283513496165867e+00,-1.623893836860891948e+00,-4.888757234364903698e-02,-1.057165351976597015e-02,-1.562497466199866125e-01,-5.087130378639820316e-02,-8.484960164132964167e+00,-4.317139429158117991e+00,-4.291677701777025788e-01,-2.863002902016674178e-01,-5.967545606193880303e-01,-6.675021132659981760e-01,-7.798611725440483866e+00,1.336189739899281914e+00,5.934792968807363955e+00,-1.181643676547575073e+00,2.101333268142040023e+00,-4.143022840373675741e-01,-9.396732659523275188e+00,1.930258359753719066e+00,-2.473510619062901039e+00,9.649789977324019219e-03,4.582008965504381220e-02,-9.382056961772633485e-03,-4.273359884574703393e+00,-4.892635891594331099e+00,7.333636630969876613e+00,6.609871889297780356e-02,-5.427281202547096228e-02,-4.167621246125773754e-02,-9.379714400675407404e+00,8.703030651560084152e-01,4.692654395152732749e-01,7.645406982699110010e-01,-2.027199598987435014e-01,-1.255862668326223957e-03
-8.977283513496164602e+00,-1.700893836860891906e+00,9.211242765635097030e-02,9.112834648023415696e-02,-1.166497466199865052e-01,-3.897130378639823700e-02,-8.282960164132962433e+00,-4.446139429158115774e+00,-4.001677701777027196e-01,-3.592002902016671051e-01,-6.034545606193880696e-01,-6.651021132659979962e-01,-7.527611725440486623e+00,1.496189739899282944e+00,6.049792968807364169e+00,-1.228343676547575036e+00,2.089633268142037981e+00,-4.186022840373673226e-01,-9.254732659523275728e+00,1.941258359753718077e+00,-2.395510619062899860e+00,1.764978997732402979e-02,2.982008965504379105e-02,1.171794303822749038e-02,-4.235359884574698697e+00,-4.843635891594329834e+00,7.375636630969876428e+00,7.739871889297811336e-02,-5.587281202547079301e-02,-3.267621246125784751e-02,-9.375714400675406068e+00,7.423030651560083015e-01,3.172654395152734175e-01,8.699406982699109392e-01,-2.020199598987434120e-01,2.244413733167377120e-02
-8.845283513496166705e+00,-1.529893836860892975e+00,1.381124276563512054e-01,2.035283464802339903e-01,-1.092497466199866957e-01,-3.717130378639821320e-02,-7.929960164132963563e+00,-4.151139429158114069e+00,-2.871677701777031189e-01,-4.002002902016669750e-01,-6.043545606193879705e-01,-6.516021132659981507e-01,-7.218611725440482019e+00,1.948189739899284012e+00,6.238792968807364225e+00,-1.304043676547574027e+00,2.004033268142038970e+00,-3.562022840373674781e-01,-9.184732659523275444e+00,1.705258359753716979e+00,-2.282510619062901203e+00,4.794978997732401993e-02,3.412008965504376157e-02,3.261794303822763280e-02,-4.252359884574701709e+00,-4.820635891594330147e+00,7.377636630969877096e+00,9.169871889297809275e-02,-4.307281202547130761e-02,-2.467621246125784040e-02,-9.372714400675405955e+00,2.483030651560085011e-01,3.482654395152732785e-01,7.884406982699112554e-01,-1.105199598987434972e-01,5.574413733167372237e-02
-8.883283513496166961e+00,-1.222893836860893035e+00,7.911242765635106977e-02,3.096283464802340735e-01,-1.129497466199867045e-01,-4.467130378639821986e-02,-7.595960164132961268e+00,-4.052139429158117423e+00,-2.861677701777036731e-01,-4.653002902016671882e-01,-6.065545606193880612e-01,-6.143021132659980399e-01,-7.227611725440482360e+00,1.210189739899284911e+00,6.411792968807364268e+00,-1.481343676547574928e+00,1.945433268142038985e+00,-3.678022840373675884e-01,-9.251732659523275615e+00,1.880258359753717912e+00,-2.057510619062901114e+00,1.085497899773239933e-01,2.832008965504373074e-02,5.691794303822739209e-02,-4.259359884574699606e+00,-4.681635891594330801e+00,7.447636630969877380e+00,9.829871889297780996e-02,-4.297281202547065249e-02,-2.477621246125761081e-02,-9.361714400675406722e+00,-1.806969348439917133e-01,8.292654395152734281e-01,4.853406982699111083e-01,-4.111995989874350776e-02,8.134413733167378258e-02
-9.009283513496164630e+00,-7.968938368608924350e-01,-5.887572343648894702e-03,3.981283464802340966e-01,-1.370497466199865066e-01,-6.207130378639819090e-02,-7.612960164132964280e+00,-4.140139429158118389e+00,-1.311677701777025085e-01,-4.949002902016669814e-01,-6.108545606193880317e-01,-5.895021132659981067e-01,-7.401611725440485401e+00,6.591897398992827561e-01,6.391792968807364694e+00,-1.623343676547575054e+00,1.839733268142037970e+00,-4.130022840373674953e-01,-9.301732659523274549e+00,2.188258359753718185e+00,-1.886510619062899963e+00,1.239497899773241013e-01,4.332008965504385856e-02,7.591794303822751999e-02,-4.270359884574702392e+00,-4.552635891594331241e+00,7.487636630969877416e+00,1.079987188929778935e-01,-4.137281202547082870e-02,-2.337621246125776153e-02,-9.366714400675407504e+00,-3.736969348439914129e-01,1.514265439515273037e+00,3.884069826991121133e-02,2.208004010125652963e-02,1.276441373316737904e-01
-8.989283513496165057e+00,-3.108938368608927250e-01,-9.388757234364897286e-02,4.234283464802339747e-01,-1.699497466199866025e-01,-8.127130378639824126e-02,-7.523960164132962092e+00,-4.413139429158115412e+00,1.718322298222965117e-01,-5.259002902016671754e-01,-6.135545606193880674e-01,-5.660021132659980303e-01,-7.749611725440484378e+00,1.306189739899284996e+00,5.844792968807364097e+00,-1.782943676547575018e+00,1.750233268142038945e+00,-4.089022840373672807e-01,-9.308732659523275998e+00,2.152258359753718153e+00,-1.778510619062900977e+00,1.420497899773240924e-01,5.462008965504371732e-02,9.691794303822742762e-02,-4.296359884574698640e+00,-4.460635891594330715e+00,7.545636630969876357e+00,1.065987188929780061e-01,-3.347281202547147672e-02,-3.297621246125759242e-02,-9.367714400675406949e+00,-3.306969348439912082e-01,2.133265439515274142e+00,-3.200593017300887855e-01,1.349800401012564988e-01,1.723441373316738079e-01
-8.905283513496165426e+00,4.610616313910753661e-02,-2.488757234364901913e-02,4.076283464802342160e-01,-1.982497466199865943e-01,-1.145713037863981959e-01,-7.747960164132962291e+00,-4.637139429158118276e+00,2.983222982229705167e-02,-6.197002902016670589e-01,-5.926545606193880378e-01,-5.752021132659981273e-01,-8.184611725440486651e+00,8.401897398992836941e-01,5.898792968807364367e+00,-1.863443676547575034e+00,1.661233268142038977e+00,-3.704022840373673020e-01,-9.357732659523275487e+00,2.295258359753718835e+00,-1.698510619062900906e+00,1.615497899773238877e-01,5.632008965504375908e-02,1.212179430382275963e-01,-4.248359884574696821e+00,-4.392635891594331099e+00,7.603636630969876187e+00,1.049987188929781962e-01,-2.547281202547146961e-02,-3.587621246125750202e-02,-9.366714400675407504e+00,-2.356969348439915124e-01,2.647265439515273044e+00,-5.780593017300887926e-01,2.175800401012565055e-01,2.073441373316738112e-01
-8.954283513496164915e+00,3.211061631391073923e-01,1.601124276563510029e-01,3.823283464802341158e-01,-1.971497466199864934e-01,-1.287713037863982002e-01,-7.633960164132962412e+00,-4.829139429158117558e+00,-2.151677701777038876e-01,-6.832002902016673929e-01,-5.867545606193880214e-01,-5.666021132659981863e-01,-8.049611725440485088e+00,1.451897398992834098e-01,5.899792968807363813e+00,-1.916743676547574937e+00,1.554533268142038960e+00,-3.591022840373673808e-01,-9.473732659523275146e+00,2.172258359753718171e+00,-1.721510619062901037e+00,1.435497899773240937e-01,8.012008965504380242e-02,1.465179430382272940e-01,-4.232359884574698583e+00,-4.406635891594329557e+00,7.623636630969875760e+00,9.529871889297814036e-02,-1.587281202547075054e-02,-4.347621246125755318e-02,-9.357714400675407163e+00,-3.116969348439915244e-01,3.159265439515273055e+00,-7.530593017300888370e-01,2.387800401012563911e-01,2.185441373316737990e-01
-9.130283513496166847e+00,5.071061631391073909e-01,4.361124276563512758e-01,3.415283464802341129e-01,-1.443497466199865908e-01,-1.108713037863982009e-01,-7.376960164132963627e+00,-4.855139429158114694e+00,-6.616777017770303360e-02,-7.109002902016672287e-01,-6.103545606193879758e-01,-5.446021132659981667e-01,-7.900611725440484179e+00,1.711897398992832109e-01,5.597792968807364211e+00,-2.011843676547575122e+00,1.452333268142038891e+00,-3.555022840373673887e-01,-9.380732659523275174e+00,2.107258359753717780e+00,-1.670510619062901103e+00,1.698497899773241115e-01,8.992008965504383333e-02,1.674179430382274070e-01,-4.219359884574699571e+00,-4.363635891594331184e+00,7.657636630969875569e+00,7.259871889297819791e-02,3.227187974529143865e-03,-5.417621246125747803e-02,-9.363714400675407390e+00,-6.226969348439914675e-01,3.143265439515273041e+00,-8.281593017300888926e-01,2.978800401012566268e-01,2.138441373316737060e-01
-9.338283513496165256e+00,8.041061631391070996e-01,6.521124276563510236e-01,2.547283464802341246e-01,-5.154974661998656948e-02,-7.717130378639819321e-02,-7.391960164132964195e+00,-5.021139429158118617e+00,1.248322298222959009e-01,-7.808002902016673019e-01,-6.170545606193880150e-01,-5.408021132659981411e-01,-8.194611725440484662e+00,1.701897398992855137e-01,5.226792968807363771e+00,-2.013443676547574945e+00,1.367333268142038927e+00,-3.063022840373674782e-01,-9.381732659523276396e+00,2.314258359753717187e+00,-1.666510619062901100e+00,1.746497899773241103e-01,9.622008965504380562e-02,1.916179430382274063e-01,-4.204359884574699890e+00,-4.328635891594331042e+00,7.677636630969876030e+00,5.799871889297802952e-02,1.122718797452914967e-02,-5.837621246125745955e-02,-9.358714400675406608e+00,-1.060696934843990968e+00,2.664265439515272949e+00,-7.424593017300888942e-01,3.484800401012564941e-01,2.326441373316738004e-01
-9.440283513496165568e+00,1.246106163139107048e+00,6.371124276563513433e-01,1.492283464802340032e-01,4.845025338001351933e-02,-4.317130378639821853e-02,-7.246960164132961069e+00,-5.496139429158112932e+00,1.138322298222966961e-01,-8.718002902016670497e-01,-6.123545606193879776e-01,-5.261021132659979838e-01,-8.600611725440487021e+00,5.618973989928476714e-02,4.947792968807363856e+00,-1.951943676547573947e+00,1.279333268142039071e+00,-2.068022840373676119e-01,-9.364732659523275160e+00,2.507258359753719024e+00,-1.806510619062899892e+00,1.726497899773243028e-01,1.292200896550436962e-01,2.026179430382276103e-01,-4.230359884574703244e+00,-4.406635891594329557e+00,7.621636630969876869e+00,3.659871889297817288e-02,1.592718797452885929e-02,-5.757621246125754766e-02,-9.342714400675406594e+00,-1.512696934843990926e+00,2.003265439515272917e+00,-5.750593017300889009e-01,3.328800401012564913e-01,2.468441373316737908e-01
-9.531283513496166648e+00,1.646106163139108070e+00,5.601124276563513860e-01,5.012834648023400952e-02,1.550502533800132976e-01,-1.687130378639822847e-02,-7.110960164132961836e+00,-5.911139429158112080e+00,4.083222982229627734e-02,-9.819002902016671364e-01,-6.055545606193880603e-01,-5.386021132659981614e-01,-9.150611725440484179e+00,2.218973989928230139e-02,4.818792968807364296e+00,-1.834143676547574042e+00,1.172333268142037976e+00,-8.370228403736756917e-02,-9.325732659523275458e+00,2.679258359753716956e+00,-1.954510619062900911e+00,1.614497899773242040e-01,1.326200896550437935e-01,2.124179430382273914e-01,-4.247359884574699151e+00,-4.459635891594331270e+00,7.579636630969877054e+00,2.839871889297818086e-02,2.712718797452851049e-02,-5.587621246125751284e-02,-9.342714400675406594e+00,-1.809696934843991079e+00,1.442265439515272973e+00,-4.605593017300889103e-01,2.211800401012566086e-01,2.389441373316736894e-01
-9.640283513496164858e+00,1.979106163139108032e+00,4.411124276563512248e-01,-5.397165351976584979e-02,2.268502533800134113e-01,7.328696213601770815e-03,-7.060960164132961125e+00,-6.290139429158116968e+00,-1.621677701777030911e-01,-1.022400290201666895e+00,-5.968545606193880193e-01,-5.424021132659981870e-01,-9.655611725440486737e+00,3.141897398992838930e-01,4.586792968807364979e+00,-1.758143676547573975e+00,1.037133268142039100e+00,3.309771596263245269e-02,-9.231732659523274265e+00,2.740258359753716899e+00,-2.092510619062900812e+00,1.268497899773239901e-01,1.385200896550438099e-01,2.090179430382272940e-01,-4.262359884574699720e+00,-4.503635891594329976e+00,7.523636630969876116e+00,1.509871889297808960e-02,3.192718797452887003e-02,-4.757621246125776082e-02,-9.335714400675406921e+00,-2.077696934843991983e+00,1.250265439515273025e+00,-4.589593017300888089e-01,1.295800401012565939e-01,2.248441373316736880e-01
-9.691283513496166790e+00,2.157106163139108190e+00,4.861124276563510982e-01,-1.850716535197657886e-01,2.831502533800133725e-01,2.652869621360176913e-02,-7.002960164132961296e+00,-6.408139429158111966e+00,-3.381677701777032752e-01,-1.098500290201666951e+00,-5.890545606193879902e-01,-5.480021132659980143e-01,-9.679611725440484093e+00,2.981897398992821024e-01,4.701792968807365192e+00,-1.709643676547575097e+00,9.360332681420384660e-01,1.485977159626324096e-01,-9.135732659523275956e+00,2.728258359753719109e+00,-2.202510619062901132e+00,1.053497899773239016e-01,1.619200896550437030e-01,2.007179430382274865e-01,-4.299359884574698754e+00,-4.559635891594330914e+00,7.447636630969877380e+00,9.871889297796698770e-05,2.072718797452921882e-02,-3.757621246125752990e-02,-9.342714400675406594e+00,-2.375696934843991137e+00,1.092265439515273995e+00,-5.645593017300889471e-01,1.092800401012564981e-01,1.899441373316738124e-01
-9.784283513496166762e+00,2.104106163139107810e+00,2.121124276563511046e-01,-3.063716535197659740e-01,3.513502533800135219e-01,1.932869621360178147e-02,-6.819960164132960578e+00,-6.115139429158112705e+00,-5.091677701777026499e-01,-1.189400290201666932e+00,-6.210545606193880186e-01,-5.363021132659981927e-01,-9.054611725440484093e+00,5.891897398992824719e-01,5.216792968807363984e+00,-1.528843676547575026e+00,8.277332681420386251e-01,2.933977159626324216e-01,-9.021732659523275188e+00,2.695258359753716970e+00,-2.287510619062900208e+00,8.574978997732429775e-02,1.808200896550437864e-01,1.924179430382272904e-01,-4.288359884574703074e+00,-4.565635891594331142e+00,7.433636630969876258e+00,-1.300128110702213936e-02,1.432718797452903030e-02,-3.107621246125757963e-02,-9.348714400675406822e+00,-2.245696934843990800e+00,1.065265439515272972e+00,-7.001593017300888899e-01,2.618004010125651870e-02,1.426441373316738037e-01
-9.986283513496164943e+00,1.732106163139107924e+00,-2.348875723436489871e-01,-3.792716535197659944e-01,3.322502533800132940e-01,0.000000000000000000e+00,-6.499960164132961182e+00,-5.324139429158115888e+00,-5.671677701777024794e-01,-1.271000290201667049e+00,-6.885545606193880230e-01,-4.909021132659980857e-01,-7.842611725440484349e+00,1.604189739899283040e+00,5.797792968807365277e+00,-1.346343676547574031e+00,6.278332681420391026e-01,5.047977159626326760e-01,-9.057732659523274776e+00,2.802258359753718953e+00,-2.391510619062901188e+00,6.164978997732407234e-02,1.906200896550437895e-01,1.779179430382273885e-01,-4.259359884574699606e+00,-4.605635891594330289e+00,7.433636630969876258e+00,-2.950128110702188167e-02,4.727187974529201142e-03,-1.687621246125781127e-02,-9.352714400675406381e+00,-1.840696934843990995e+00,1.246265439515273021e+00,-7.482593017300889215e-01,-6.751995989874348680e-02,8.884413733167373373e-02
-1.021228351349616936e+01,1.168106163139108089e+00,-5.178875723436489054e-01,-4.428716535197659843e-01,2.784502533800135016e-01,-2.127130378639824002e-02,-6.257960164132963854e+00,-4.299139429158117309e+00,-4.561677701777036020e-01,-1.351300290201667087e+00,-7.160545606193879919e-01,-4.254021132659981941e-01,-7.055611725440485316e+00,2.299189739899282880e+00,5.983792968807365220e+00,-1.242843676547574994e+00,4.519332681420387132e-01,7.216977159626325466e-01,-9.161732659523275757e+00,2.981258359753718779e+00,-2.439510619062900787e+00,2.754978997732404969e-02,1.985200896550438909e-01,1.568179430382276862e-01,-4.264359884574702164e+00,-4.594635891594331056e+00,7.433636630969876258e+00,-2.640128110702200104e-02,-1.672812025470981961e-03,-1.047621246125762969e-02,-9.351714400675406935e+00,-1.607696934843990899e+00,1.422265439515272956e+00,-6.605593017300888103e-01,-1.418199598987434917e-01,3.024413733167374829e-02
-1.018428351349617067e+01,7.811061631391074123e-01,-6.888875723436487242e-01,-5.020716535197659036e-01,2.018502533800135001e-01,-2.087130378639822856e-02,-6.011960164132961637e+00,-3.567139429158117991e+00,-5.251677701777026641e-01,-1.434800290201666995e+00,-7.211545606193880964e-01,-3.522021132659979847e-01,-6.080611725440483895e+00,2.364189739899285048e+00,6.105792968807365106e+00,-1.168343676547574983e+00,2.692332681420390728e-01,9.019977159626324514e-01,-9.141732659523274407e+00,3.218258359753717102e+00,-2.449510619062901018e+00,-1.095021002267593073e-02,2.036200896550436901e-01,1.262179430382275036e-01,-4.314359884574699322e+00,-4.584635891594331270e+00,7.406636630969877011e+00,-3.490128110702218206e-02,-3.272812025470805963e-03,3.823787538742351010e-03,-9.353714400675407603e+00,-1.523696934843991047e+00,1.669265439515273952e+00,-5.216593017300887869e-01,-2.235199598987434866e-01,-3.635586266832623731e-02
-1.009228351349617014e+01,5.371061631391076396e-01,-8.078875723436489409e-01,-5.673716535197659283e-01,1.351502533800134909e-01,-2.497130378639822110e-02,-5.721960164132961602e+00,-3.063139429158113103e+00,-7.001677701777033747e-01,-1.505500290201666980e+00,-7.153545606193880690e-01,-2.615021132659979819e-01,-5.005611725440488158e+00,2.401189739899284081e+00,6.224792968807364879e+00,-1.129443676547575048e+00,1.305332681420389995e-01,1.052797715962632941e+00,-9.168732659523275430e+00,3.194258359753717968e+00,-2.428510619062899778e+00,-5.635021002267581736e-02,2.037200896550437068e-01,1.052179430382275960e-01,-4.312359884574696878e+00,-4.540635891594330786e+00,7.444636630969877267e+00,-5.640128110702181258e-02,-3.272812025470805963e-03,1.552378753874262066e-02,-9.349714400675406267e+00,-1.319696934843991976e+00,1.761265439515272924e+00,-4.353593017300890211e-01,-3.080199598987434229e-01,-1.076558626683262049e-01
-1.024728351349616950e+01,5.031061631391078315e-01,-7.108875723436489658e-01,-5.947716535197659082e-01,9.635025338001335093e-02,-2.577130378639818850e-02,-5.734960164132964167e+00,-2.488139429158116922e+00,-7.851677701777024510e-01,-1.548600290201666896e+00,-6.891545606193880680e-01,-1.768021132659980121e-01,-4.280611725440486737e+00,2.446189739899284898e+00,6.125792968807364680e+00,-1.106643676547574007e+00,4.833268142038882331e-03,1.182897715962631935e+00,-9.238732659523275714e+00,3.103258359753719109e+00,-2.433510619062901004e+00,-1.054502100226760025e-01,2.049200896550437967e-01,6.961794303822754770e-02,-4.299359884574698754e+00,-4.538635891594330118e+00,7.487636630969877416e+00,-7.770128110702190227e-02,-1.607281202547116913e-02,1.612378753874211049e-02,-9.367714400675406949e+00,-8.636969348439915706e-01,1.687265439515273080e+00,-3.749593017300890119e-01,-4.006199598987434940e-01,-1.552558626683261944e-01
-1.043328351349616945e+01,5.961061631391078031e-01,-4.818875723436488734e-01,-5.914716535197659386e-01,9.665025338001331789e-02,-2.407130378639820920e-02,-5.996960164132961069e+00,-2.181139429158115206e+00,-9.321677701777026925e-01,-1.588200290201666975e+00,-6.661545606193880475e-01,-1.048021132659981980e-01,-3.733611725440483031e+00,2.562189739899285001e+00,6.067792968807364851e+00,-1.072543676547573988e+00,-8.516673185796097556e-02,1.282097715962633000e+00,-9.322732659523275345e+00,3.053258359753717954e+00,-2.394510619062900858e+00,-1.147502100226760052e-01,1.941200896550437094e-01,4.721794303822735017e-02,-4.308359884574699095e+00,-4.547635891594329571e+00,7.523636630969876116e+00,-8.100128110702220496e-02,-1.607281202547116913e-02,2.092378753874247002e-02,-9.379714400675407404e+00,-4.876969348439911811e-01,1.685265439515273966e+00,-3.132593017300889238e-01,-4.709199598987435231e-01,-1.917558626683261991e-01
-1.049328351349616995e+01,5.961061631391078031e-01,-4.298875723436488272e-01,-6.041716535197659832e-01,1.109502533800135055e-01,-3.347130378639823212e-02,-6.210960164132963257e+00,-2.030139429158111852e+00,-1.146167770177703105e+00,-1.590900290201666900e+00,-6.647545606193879797e-01,-1.000211326599819914e-02,-3.622611725440485042e+00,2.801189739899282216e+00,6.148792968807364367e+00,-1.044943676547573919e+00,-1.422667318579610984e-01,1.372397715962631937e+00,-9.410732659523276311e+00,2.978258359753719109e+00,-2.327510619062901132e+00,-1.189502100226760006e-01,1.710200896550438110e-01,2.491794303822736020e-02,-4.304359884574701312e+00,-4.480635891594330289e+00,7.554636630969876698e+00,-8.090128110702199393e-02,-3.272812025470805963e-03,1.762378753874216039e-02,-9.370714400675407063e+00,-3.646969348439915160e-01,1.663265439515273059e+00,-2.604593017300889102e-01,-4.814199598987434769e-01,-1.996558626683261894e-01
-1.056928351349617046e+01,4.581061631391079025e-01,-5.088875723436490084e-01,-6.258716535197659248e-01,1.272502533800135005e-01,-6.457130378639819313e-02,-6.334960164132962035e+00,-1.807139429158113098e+00,-1.221167770177703948e+00,-1.561300290201667051e+00,-6.783545606193880362e-01,1.153978867340020031e-01,-3.714611725440483792e+00,2.976189739899282927e+00,6.208792968807364865e+00,-1.067443676547574993e+00,-2.288667318579608867e-01,1.441297715962631898e+00,-9.407732659523276197e+00,3.023258359753719038e+00,-2.331510619062899803e+00,-1.159502100226759008e-01,1.738200896550436969e-01,-1.082056961772436942e-03,-4.304359884574701312e+00,-4.459635891594331270e+00,7.543636630969875689e+00,-9.550128110702216233e-02,-3.372812025471461084e-03,1.162378753874193996e-02,-9.372714400675405955e+00,-5.286969348439911620e-01,1.603265439515273005e+00,-1.818593017300889070e-01,-4.850199598987435246e-01,-1.758558626683263126e-01
-1.063328351349617051e+01,2.411061631391074045e-01,-6.368875723436486780e-01,-6.178716535197659177e-01,1.403502533800133900e-01,-7.387130378639822359e-02,-6.474960164132962603e+00,-1.705139429158115894e+00,-1.270167770177704103e+00,-1.569100290201667081e+00,-6.896545606193880129e-01,2.242978867340019999e-01,-3.913611725440481859e+00,3.259189739899284177e+00,6.361792968807365334e+00,-1.070543676547575096e+00,-2.910667318579616136e-01,1.504797715962632898e+00,-9.373732659523275501e+00,2.992258359753718011e+00,-2.350510619062899931e+00,-1.060502100226758948e-01,1.565200896550437981e-01,-1.878205696177248987e-02,-4.322359884574701994e+00,-4.484635891594329848e+00,7.527636630969875675e+00,-1.052012811070222043e-01,9.427187974528905556e-03,9.237875387420046991e-04,-9.368714400675406395e+00,-6.456969348439911549e-01,1.694265439515272975e+00,-8.125930173008888424e-02,-5.044199598987435529e-01,-1.284558626683262872e-01
-1.064028351349615953e+01,-6.189383686089255932e-02,-7.208875723436487526e-01,-5.907716535197659047e-01,1.278502533800134067e-01,-8.477130378639818886e-02,-6.661960164132963769e+00,-1.853139429158112028e+00,-1.415167770177703011e+00,-1.607600290201667059e+00,-6.796545606193880040e-01,3.311978867340020227e-01,-4.241611725440485259e+00,3.245189739899284831e+00,6.595792968807365320e+00,-1.089843676547574969e+00,-3.745667318579615213e-01,1.547797715962633047e+00,-9.285732659523276311e+00,2.878258359753716800e+00,-2.430510619062900002e+00,-1.030502100226757950e-01,1.482200896550439073e-01,-3.618205696177235337e-02,-4.308359884574699095e+00,-4.549635891594331127e+00,7.489636630969877196e+00,-1.049012811070220014e-01,1.902718797452873992e-02,-1.167621246125749926e-02,-9.370714400675407063e+00,-5.396969348439912828e-01,2.106265439515274007e+00,-4.355930173008881745e-02,-5.058199598987433987e-01,-6.335586266832621272e-02
-1.059528351349617026e+01,-4.178938368608923759e-01,-7.858875723436486993e-01,-5.544716535197659057e-01,1.066502533800132990e-01,-9.747130378639823345e-02,-6.841960164132962596e+00,-1.921139429158116974e+00,-1.649167770177702996e+00,-1.597500290201667061e+00,-6.832545606193880516e-01,4.306978867340018891e-01,-4.631611725440485827e+00,3.283189739899285087e+00,6.665792968807363827e+00,-1.093043676547575060e+00,-4.775667318579612797e-01,1.592397715962633020e+00,-9.198732659523276567e+00,2.827258359753717087e+00,-2.616510619062899945e+00,-9.045021002267583654e-02,1.240200896550438942e-01,-4.258205696177252975e-02,-4.331359884574702335e+00,-4.606635891594332399e+00,7.404636630969876343e+00,-1.066012811070221056e-01,1.902718797452873992e-02,-9.976212461257460973e-03,-9.365714400675406281e+00,-3.326969348439913765e-01,2.300265439515273957e+00,-4.195930173008877162e-02,-4.402199598987435181e-01,-2.685586266832623928e-02
-1.048328351349615950e+01,-7.898938368608923177e-01,-7.608875723436487881e-01,-4.992716535197659899e-01,8.275025338001351649e-02,-8.507130378639821133e-02,-7.104960164132961609e+00,-1.941139429158112995e+00,-1.747167770177703972e+00,-1.608000290201667015e+00,-6.864545606193880323e-01,5.271978867340016972e-01,-4.948611725440485998e+00,3.213189739899284803e+00,6.703792968807364083e+00,-1.081743676547574973e+00,-6.019667318579609017e-01,1.629897715962631999e+00,-9.137732659523276624e+00,2.708258359753716871e+00,-2.685510619062900783e+00,-6.865021002267601702e-02,1.087200896550438028e-01,-5.528205696177269229e-02,-4.312359884574696878e+00,-4.673635891594329905e+00,7.375636630969876428e+00,-1.049012811070220014e-01,2.382718797452909945e-02,-1.477621246125782051e-02,-9.373714400675407177e+00,-4.969693484399150679e-02,2.227265439515273115e+00,3.294069826991118805e-02,-3.841199598987434793e-01,1.404413733167375958e-02
-1.034028351349616948e+01,-1.152893836860892085e+00,-6.578875723436490297e-01,-4.426716535197658953e-01,5.345025338001341275e-02,-7.127130378639823238e-02,-7.255960164132961410e+00,-2.178139429158115092e+00,-1.970167770177702948e+00,-1.641400290201666889e+00,-6.700545606193880621e-01,6.135978867340019516e-01,-5.272611725440484065e+00,2.917189739899284984e+00,6.744792968807363565e+00,-1.088243676547574923e+00,-6.838667318579609855e-01,1.647097715962632103e+00,-9.207732659523275132e+00,2.582258359753717869e+00,-2.625510619062901174e+00,-5.025021002267582304e-02,1.060200896550437949e-01,-6.488205696177251625e-02,-4.303359884574697425e+00,-4.678635891594330687e+00,7.402636630969875675e+00,-1.065012811070217974e-01,2.222718797452926873e-02,-1.467621246125760948e-02,-9.375714400675406068e+00,3.503030651560087860e-01,2.018265439515273041e+00,2.200406982699112113e-01,-3.534199598987434743e-01,4.884413733167380922e-02
-1.016928351349615944e+01,-1.417893836860891987e+00,-5.428875723436488165e-01,-3.733716535197659780e-01,2.305025338001343016e-02,-5.107130378639823665e-02,-7.401960164132962205e+00,-2.457139429158119004e+00,-2.195167770177703037e+00,-1.692500290201667035e+00,-6.644545606193880127e-01,6.887978867340021072e-01,-5.705611725440483895e+00,2.407189739899283865e+00,6.782792968807364709e+00,-1.068943676547573940e+00,-7.735667318579615426e-01,1.648597715962631938e+00,-9.212732659523275913e+00,2.482258359753717780e+00,-2.582510619062901025e+00,-3.245021002267600707e-02,1.028200896550437032e-01,-6.328205696177269246e-02,-4.290359884574698413e+00,-4.703635891594331042e+00,7.382636630969876101e+00,-1.050012811070217961e-01,3.492718797452897678e-02,-1.307621246125778916e-02,-9.386714400675407077e+00,6.443030651560084365e-01,1.898265439515272934e+00,4.490406982699112759e-01,-3.017199598987435061e-01,7.384413733167372040e-02
-9.930283513496165781e+00,-1.498893836860891948e+00,-4.168875723436489267e-01,-2.927716535197659731e-01,1.915025338001341906e-02,-3.207130378639821977e-02,-7.473960164132961381e+00,-2.798139429158112979e+00,-2.402167770177702888e+00,-1.738700290201667054e+00,-6.542545606193880259e-01,7.559978867340018116e-01,-6.455611725440483895e+00,1.803189739899285104e+00,6.875792968807364680e+00,-9.821436765475746178e-01,-8.726667318579615085e-01,1.623897715962631993e+00,-9.198732659523276567e+00,2.464258359753717986e+00,-2.512510619062901185e+00,-2.765021002267609163e-02,9.802008965504382942e-02,-6.488205696177251625e-02,-4.327359884574696558e+00,-4.735635891594331071e+00,7.353636630969876187e+00,-1.032012811070219943e-01,3.652718797452880750e-02,-1.647621246125785879e-02,-9.389714400675407191e+00,7.273030651560086213e-01,1.715265439515273105e+00,5.591406982699109740e-01,-2.221199598987433910e-01,7.674413733167373408e-02
-9.662283513496166876e+00,-1.400893836860892971e+00,-2.798875723436489160e-01,-2.231716535197658946e-01,1.835025338001350023e-02,-2.407130378639820920e-02,-7.537960164132961438e+00,-3.458139429158115785e+00,-2.654167770177704000e+00,-1.727900290201666911e+00,-6.225545606193880754e-01,8.064978867340018009e-01,-7.084611725440488783e+00,1.447189739899283012e+00,7.017792968807364140e+00,-7.842436765475744309e-01,-1.026866731857960957e+00,1.595997715962631958e+00,-9.139732659523275515e+00,2.516258359753717144e+00,-2.411510619062899874e+00,-3.065021002267576122e-02,8.552008965504365179e-02,-5.818205696177258801e-02,-4.357359884574698583e+00,-4.693635891594331255e+00,7.342636630969876954e+00,-8.540128110702216446e-02,3.342718797452892687e-02,-1.187621246125747029e-02,-9.378714400675406182e+00,5.993030651560085076e-01,1.446265439515272977e+00,5.518406982699111119e-01,-1.154199598987434017e-01,9.574413733167375096e-02
-9.483283513496164829e+00,-1.141893836860893074e+00,-2.528875723436487810e-01,-1.454716535197659866e-01,2.735025338001340067e-02,-2.217130378639819988e-02,-7.752960164132961296e+00,-3.738139429158116922e+00,-2.843167770177704057e+00,-1.618000290201667024e+00,-6.005545606193880559e-01,8.503978867340020731e-01,-7.167611725440487191e+00,1.486189739899284046e+00,7.050792968807363614e+00,-5.444436765475746398e-01,-1.214766731857960913e+00,1.560397715962632992e+00,-9.121732659523274833e+00,2.456258359753717979e+00,-2.292510619062900989e+00,-3.885021002267575324e-02,8.712008965504369762e-02,-5.018205696177258091e-02,-4.359359884574701027e+00,-4.702635891594329820e+00,7.326636630969876940e+00,-8.210128110702186177e-02,3.182718797452910309e-02,-1.517621246125777992e-02,-9.374714400675406623e+00,3.313030651560087136e-01,1.323265439515272979e+00,4.507406982699109221e-01,-4.161995989874345270e-02,1.116441373316738039e-01
-9.421283513496165440e+00,-7.618938368608922929e-01,-2.528875723436487810e-01,-5.857165351976600931e-02,1.025025338001350934e-02,-1.897130378639821924e-02,-7.903960164132961097e+00,-3.473139429158116798e+00,-2.759167770177703094e+00,-1.480900290201667024e+00,-6.366545606193880769e-01,8.963978867340018919e-01,-7.110611725440485031e+00,1.689189739899283893e+00,7.064792968807364737e+00,-2.982436765475747209e-01,-1.369966731857962028e+00,1.507297715962631957e+00,-9.077732659523274350e+00,2.351258359753717997e+00,-2.248510619062900062e+00,-2.095021002267571930e-02,6.502008965504368909e-02,-4.018205696177234998e-02,-4.349359884574703017e+00,-4.733635891594330403e+00,7.344636630969875846e+00,-6.560128110702212467e-02,2.862718797452857081e-02,-1.737621246125753069e-02,-9.381714400675406296e+00,5.530306515600891260e-02,1.485265439515272901e+00,2.411406982699114132e-01,-2.491995989874351905e-02,1.244441373316737959e-01
-9.454283513496164915e+00,-3.478938368608925913e-01,-2.128875723436486900e-01,-3.716535197659798229e-04,-3.224974661998669667e-02,-2.257130378639821133e-02,-7.980960164132962831e+00,-3.430139429158117981e+00,-2.471167770177704170e+00,-1.354600290201666946e+00,-6.597545606193879753e-01,9.330978867340020688e-01,-7.611611725440486254e+00,2.287189739899282870e+00,7.504792968807364240e+00,-8.104367654757460571e-02,-1.513966731857961934e+00,1.468797715962631978e+00,-9.126732659523275615e+00,2.227258359753716999e+00,-2.211510619062901029e+00,-1.550210022676079980e-03,6.482008965504371112e-02,-2.738205696177243090e-02,-4.287359884574698299e+00,-4.692635891594330033e+00,7.400636630969876784e+00,-6.060128110702178716e-02,3.502718797452875066e-02,-2.367621246125750992e-02,-9.368714400675406395e+00,-8.169693484399154215e-02,1.995265439515272909e+00,-5.005930173008876771e-02,-2.019959898743484139e-03,1.341441373316737129e-01
-9.478283513496165824e+00,8.610616313910757214e-02,-1.548875723436488883e-01,3.742834648023408289e-02,-8.124974661998662917e-02,-2.777130378639819028e-02,-8.037960164132961438e+00,-3.625139429158117821e+00,-2.280167770177703002e+00,-1.259100290201667027e+00,-6.631545606193880449e-01,9.516978867340017967e-01,-8.129611725440486936e+00,2.727189739899284149e+00,8.037792968807362826e+00,7.005632345242585046e-02,-1.700966731857961101e+00,1.424097715962632016e+00,-9.214732659523274805e+00,2.348258359753717883e+00,-2.170510619062901103e+00,1.794978997732421880e-02,6.962008965504384861e-02,-1.128205696177264974e-02,-4.383359884574701937e+00,-4.640635891594330431e+00,7.409636630969877125e+00,-5.720128110702216162e-02,3.342718797452892687e-02,-3.307621246125780345e-02,-9.366714400675407504e+00,-1.236969348439913990e-01,2.589265439515273215e+00,-3.381593017300887904e-01,9.748004010125654872e-02,1.596441373316737078e-01
-9.464283513496166478e+00,5.371061631391076396e-01,-1.258875723436490013e-01,3.412834648023400225e-02,-1.127497466199865045e-01,-4.077130378639821223e-02,-8.092960164132961154e+00,-3.837139429158114012e+00,-2.209167770177704160e+00,-1.183100290201666960e+00,-6.341545606193880191e-01,9.681978867340019779e-01,-8.311611725440485543e+00,2.725189739899284813e+00,8.073792968807364190e+00,3.083563234524255847e-01,-1.942866731857961105e+00,1.451997715962632052e+00,-9.169732659523276652e+00,2.477258359753716999e+00,-2.096510619062900815e+00,2.204978997732398929e-02,6.272008965504372036e-02,-3.282056961772639170e-03,-4.293359884574699414e+00,-4.600635891594331284e+00,7.440636630969875931e+00,-4.890128110702197245e-02,3.982718797452911019e-02,-3.657621246125764003e-02,-9.372714400675405955e+00,-8.069693484399120820e-02,3.197265439515274199e+00,-5.912593017300888931e-01,2.104800401012563993e-01,1.979441373316737085e-01
-9.395283513496165639e+00,8.681061631391071565e-01,5.411242765635115859e-02,7.228346480234071336e-03,-1.132497466199866992e-01,-5.657130378639824153e-02,-8.039960164132963882e+00,-3.950139429158114002e+00,-2.042167770177703900e+00,-1.061600290201667018e+00,-6.107545606193880428e-01,9.964978867340017477e-01,-8.174611725440485088e+00,2.808189739899284110e+00,8.294792968807364275e+00,6.514563234524253232e-01,-2.267566731857960871e+00,1.531397715962633077e+00,-9.086732659523274691e+00,2.482258359753717780e+00,-2.085510619062899806e+00,4.194978997732423665e-02,6.942008965504364859e-02,1.451794303822761915e-02,-4.363359884574698810e+00,-4.595635891594331390e+00,7.397636630969876670e+00,-5.380128110702209199e-02,4.622718797452928657e-02,-3.957621246125774678e-02,-9.368714400675406395e+00,-4.869693484399117978e-02,3.767265439515273151e+00,-7.937593017300889064e-01,2.748800401012563843e-01,2.232441373316738087e-01
-9.318283513496165682e+00,1.076106163139106897e+00,4.231124276563508757e-01,-3.207165351976604128e-02,-7.264974661998668815e-02,-6.407130378639819268e-02,-7.945960164132962689e+00,-3.552139429158116979e+00,-2.142167770177703989e+00,-9.080002902016670596e-01,-5.559545606193879719e-01,1.039197886734001930e+00,-7.698611725440485998e+00,3.018189739899284962e+00,8.112792968807365668e+00,1.083356323452425052e+00,-2.580066731857960871e+00,1.675397715962632983e+00,-9.034732659523275089e+00,2.619258359753719123e+00,-2.067510619062900901e+00,3.504978997732433044e-02,8.012008965504380242e-02,2.241794303822742043e-02,-4.353359884574700800e+00,-4.504635891594331198e+00,7.458636630969876613e+00,-5.520128110702193780e-02,5.102718797452875793e-02,-4.587621246125773294e-02,-9.377714400675406736e+00,-1.966969348439918108e-01,4.092265439515273329e+00,-9.145593017300888139e-01,3.254800401012564182e-01,2.645441373316738121e-01
-9.299283513496165554e+00,1.309106163139108103e+00,6.201124276563509952e-01,-8.517165351976596632e-02,1.455025338001347986e-02,-6.927130378639823061e-02,-8.043960164132961665e+00,-2.639139429158114059e+00,-2.195167770177703037e+00,-7.417002902016673893e-01,-5.109545606193880429e-01,1.111997886734001906e+00,-6.315611725440483326e+00,3.374189739899283058e+00,7.054792968807364950e+00,1.387856323452425045e+00,-2.885266731857961009e+00,1.802897715962632041e+00,-9.022732659523274634e+00,2.550258359753717841e+00,-2.129510619062899845e+00,1.874978997732413069e-02,9.432008965504379283e-02,2.231794303822765002e-02,-4.239359884574695592e+00,-4.624635891594330417e+00,7.440636630969875931e+00,-7.300128110702219786e-02,3.492718797452897678e-02,-5.187621246125750929e-02,-9.361714400675406722e+00,-6.826969348439915208e-01,3.927265439515272849e+00,-9.220593017300888761e-01,3.429800401012564892e-01,2.979441373316737973e-01
-9.333283513496166250e+00,1.514106163139107952e+00,5.551124276563514925e-01,-1.841716535197658877e-01,1.143502533800133947e-01,-5.877130378639822128e-02,-8.190960164132963683e+00,-1.603139429158112028e+00,-2.044167770177702792e+00,-6.277002902016670660e-01,-5.004545606193879781e-01,1.206497886734001934e+00,-4.168611725440484861e+00,3.541189739899284206e+00,5.801792968807364836e+00,1.323456323452425032e+00,-2.928366731857960925e+00,1.814497715962632984e+00,-9.129732659523275728e+00,2.607258359753717780e+00,-2.271510619062901970e+00,1.204978997732420072e-02,1.100200896550437984e-01,2.541794303822753065e-02,-4.475359884574700686e+00,-4.620635891594330857e+00,7.366636630969876087e+00,-7.970128110702212609e-02,3.492718797452897678e-02,-4.687621246125762281e-02,-9.352714400675406381e+00,-1.363696934843992015e+00,3.441265439515273972e+00,-7.686593017300888953e-01,3.312800401012563900e-01,3.293441373316737808e-01
-9.455283513496166137e+00,1.593106163139107911e+00,3.441124276563511941e-01,-3.055716535197658956e-01,1.907502533800133904e-01,-4.397130378639824144e-02,-8.414960164132963882e+00,-1.268139429158118947e+00,-1.850167770177703952e+00,-5.780002902016669886e-01,-4.838545606193879745e-01,1.265397886734002109e+00,-3.075611725440487998e+00,3.594189739899285030e+00,5.040792968807363827e+00,9.752563234524256330e-01,-2.664366731857961135e+00,1.674197715962632005e+00,-8.884732659523276510e+00,2.679258359753716956e+00,-2.283510619062900204e+00,-7.750210022675840804e-03,1.098200896550439037e-01,2.701794303822735097e-02,-4.237359884574701141e+00,-4.622635891594332413e+00,7.368636630969876755e+00,-7.790128110702188025e-02,3.332718797452915993e-02,-5.467621246125765194e-02,-9.351714400675406935e+00,-1.862696934843991015e+00,2.720265439515272998e+00,-5.874593017300888675e-01,3.203800401012564802e-01,3.340441373316737073e-01
-9.564283513496166123e+00,1.610106163139106927e+00,2.811124276563510271e-01,-4.337716535197659873e-01,2.322502533800135105e-01,-2.187130378639822945e-02,-8.574960164132964024e+00,-1.321139429158115997e+00,-1.522167770177702995e+00,-5.605002902016673616e-01,-4.586545606193879743e-01,1.316397886734002043e+00,-3.527611725440487067e+00,3.861189739899284046e+00,4.907792968807364709e+00,6.158563234524256913e-01,-2.354366731857961081e+00,1.522197715962632980e+00,-8.793732659523275430e+00,2.469258359753717880e+00,-2.510510619062900961e+00,-2.395021002267582952e-02,1.130200896550437040e-01,2.861794303822761884e-02,-4.369359884574699038e+00,-4.782635891594329891e+00,7.252636630969877096e+00,-7.970128110702212609e-02,1.582718797452908888e-02,-4.217621246125746737e-02,-9.334714400675407475e+00,-2.193696934843991198e+00,1.931265439515273963e+00,-4.819593017300888849e-01,2.902800401012565201e-01,3.196441373316736834e-01
-9.562283513496165455e+00,1.526106163139107963e+00,3.111124276563512758e-01,-5.318716535197659523e-01,2.427502533800134088e-01,-2.037130378639823158e-02,-8.621960164132961069e+00,-1.424139429158117087e+00,-1.400167770177703108e+00,-6.014002902016670760e-01,-4.227545606193879868e-01,1.351897886734001908e+00,-4.187611725440483212e+00,3.975189739899284813e+00,5.299792968807364169e+00,4.193563234524254058e-01,-2.154666731857961981e+00,1.461997715962632949e+00,-8.823732659523276567e+00,2.702258359753717087e+00,-2.582510619062901025e+00,-3.195021002267584009e-02,1.353200896550436905e-01,2.851794303822741128e-02,-4.352359884574703131e+00,-4.731635891594332399e+00,7.243636630969876755e+00,-7.980128110702189304e-02,-1.772812025470748903e-03,-3.447621246125764927e-02,-9.336714400675406367e+00,-2.337696934843990881e+00,1.286265439515273945e+00,-4.698593017300888852e-01,2.145800401012563918e-01,2.626441373316737993e-01
-9.575283513496167132e+00,1.267106163139106956e+00,1.781124276563512965e-01,-5.779716535197659821e-01,2.110502533800134028e-01,-2.247130378639821888e-02,-8.739960164132963172e+00,-1.581139429158114007e+00,-1.302167770177703909e+00,-7.282002902016673218e-01,-4.062545606193880277e-01,1.375397886734001984e+00,-4.564611725440485657e+00,4.390189739899284405e+00,5.791792968807365050e+00,3.309563234524253161e-01,-2.034266731857961030e+00,1.485197715962631948e+00,-8.887732659523276624e+00,2.680258359753719066e+00,-2.688510619062900897e+00,-7.155021002267591967e-02,1.379200896550437094e-01,2.351794303822752133e-02,-4.369359884574699038e+00,-4.760635891594331426e+00,7.239636630969877196e+00,-7.830128110702183619e-02,-8.172812025470932440e-03,-3.117621246125779066e-02,-9.342714400675406594e+00,-2.198696934843991979e+00,8.832654395152732540e-01,-5.506593017300889237e-01,8.538004010125654908e-02,1.901441373316737904e-01
-9.672283513496164886e+00,7.631061631391076183e-01,9.111242765635108043e-02,-6.179716535197659066e-01,1.589502533800133122e-01,-2.657130378639821142e-02,-9.241960164132962063e+00,-1.775139429158115956e+00,-1.233167770177703071e+00,-8.616002902016672849e-01,-3.958545606193881183e-01,1.401897886734001952e+00,-4.645611725440488726e+00,4.822189739899283012e+00,5.962792968807364424e+00,2.393563234524256067e-01,-1.949866731857961000e+00,1.552997715962632030e+00,-8.992732659523275274e+00,2.630258359753717912e+00,-2.782510619062901203e+00,-8.605021002267587704e-02,1.301200896550437913e-01,1.881794303822736936e-02,-4.311359884574699208e+00,-4.765635891594330431e+00,7.286636630969876016e+00,-7.680128110702177935e-02,-1.297281202547129024e-02,-2.347621246125752847e-02,-9.355714400675406495e+00,-1.935696934843990968e+00,7.052654395152733180e-01,-6.303593017300888057e-01,-3.419959898743440974e-03,1.158441373316737993e-01
-9.719283513496165483e+00,2.571061631391073909e-01,4.111242765635125807e-02,-6.402716535197658931e-01,1.427502533800132922e-01,-1.417130378639818930e-02,-9.657960164132962433e+00,-1.886139429158113945e+00,-1.122167770177703972e+00,-9.817002902016671584e-01,-4.002545606193880223e-01,1.433997886734001970e+00,-4.436611725440486431e+00,4.858189739899284376e+00,6.038792968807364936e+00,1.092563234524250998e-01,-1.803666731857962002e+00,1.638497715962633050e+00,-9.074732659523274236e+00,2.758258359753718025e+00,-2.791510619062901100e+00,-8.765021002267570083e-02,1.301200896550437913e-01,5.917943038227679864e-03,-4.323359884574699663e+00,-4.825635891594330928e+00,7.283636630969875903e+00,-7.880128110702200317e-02,-1.927281202547082017e-02,-5.976212461257457420e-03,-9.356714400675405940e+00,-1.710696934843991990e+00,7.682654395152732629e-01,-6.784593017300888373e-01,-5.591995989874343209e-02,3.654413733167378303e-02
-9.760283513496165853e+00,4.910616313910765030e-02,-1.098875723436490009e-01,-6.880716535197659578e-01,1.059502533800134039e-01,9.286962136018095393e-04,-9.944960164132961467e+00,-1.957139429158119004e+00,-1.042167770177703900e+00,-1.100500290201666953e+00,-4.094545606193880083e-01,1.459297886734002070e+00,-4.540611725440484747e+00,4.855189739899284262e+00,6.437792968807364069e+00,-1.114367654757498008e-02,-1.618166731857960894e+00,1.728897715962633086e+00,-9.152732659523275416e+00,2.834258359753718981e+00,-2.812510619062900119e+00,-1.047502100226758021e-01,1.292200896550436962e-01,-1.982056961772559866e-03,-4.312359884574696878e+00,-4.805635891594331355e+00,7.315636630969875931e+00,-9.380128110702212751e-02,-3.207281202547118681e-02,1.012378753874276956e-02,-9.355714400675406495e+00,-1.611696934843990903e+00,1.028265439515273050e+00,-7.130593017300888015e-01,-1.262199598987434890e-01,-5.855586266832624176e-02
-9.826283513496164801e+00,-1.089383686089239953e-02,-1.898875723436491136e-01,-7.311716535197659850e-01,9.225025338001335840e-02,2.252869621360175864e-02,-1.007196016413296036e+01,-2.304139429158113206e+00,-1.142167770177703989e+00,-1.220500290201667060e+00,-4.233545606193879762e-01,1.470797886734001914e+00,-5.535611725440482189e+00,5.125189739899283836e+00,7.213792968807363870e+00,-1.331436765475743911e-01,-1.460466731857960943e+00,1.804997715962632920e+00,-9.296732659523275544e+00,2.779258359753718821e+00,-2.858510619062900826e+00,-1.181502100226757002e-01,1.320200896550438874e-01,-1.668205696177249911e-02,-4.285359884574702960e+00,-4.696635891594331369e+00,7.400636630969876784e+00,-1.072012811070219979e-01,-2.887281202547065107e-02,2.472378753874248866e-02,-9.362714400675406168e+00,-1.305696934843991075e+00,1.353265439515273005e+00,-7.173593017300887720e-01,-2.149199598987434900e-01,-1.361558626683261886e-01
-1.001728351349617085e+01,-3.089383686089242076e-02,-1.448875723436487128e-01,-7.609716535197659226e-01,1.350502533800133076e-01,3.402869621360177232e-02,-1.022196016413296071e+01,-2.947139429158113000e+00,-1.434167770177702916e+00,-1.319900290201666992e+00,-4.375545606193880221e-01,1.486597886734001950e+00,-6.938611725440487987e+00,5.321189739899285343e+00,8.104792968807362996e+00,-2.893436765475744799e-01,-1.389566731857960979e+00,1.820697715962632968e+00,-9.335732659523275245e+00,2.794258359753718057e+00,-2.630510619062901956e+00,-9.225021002267608239e-02,1.428200896550438082e-01,-4.278205696177250772e-02,-4.293359884574699414e+00,-4.672635891594329571e+00,7.420636630969876357e+00,-1.257012811070218894e-01,-3.047281202547135956e-02,4.282378753874205302e-02,-9.366714400675407504e+00,-7.736969348439912686e-01,1.685265439515273966e+00,-6.435593017300889063e-01,-3.091199598987435238e-01,-1.869558626683263114e-01
-1.017228351349615956e+01,3.910616313910741937e-02,-1.858875723436491101e-01,-7.809716535197659404e-01,1.993502533800133036e-01,2.862869621360175990e-02,-1.058996016413295926e+01,-3.809139429158114876e+00,-1.942167770177702035e+00,-1.365000290201666910e+00,-4.416545606193880147e-01,1.484897886734001915e+00,-8.050611725440486310e+00,4.463189739899284803e+00,8.243792968807365895e+00,-4.714436765475746860e-01,-1.453066731857961980e+00,1.809297715962632891e+00,-9.251732659523275615e+00,2.923258359753717173e+00,-2.469510619062900147e+00,-8.385021002267567525e-02,1.525200896550437946e-01,-5.098205696177249280e-02,-4.341359884574700345e+00,-4.591635891594330943e+00,7.400636630969876784e+00,-1.372012811070217886e-01,-1.617281202547093955e-02,4.462378753874229886e-02,-9.373714400675407177e+00,-4.946969348439914094e-01,2.044265439515272842e+00,-5.555593017300888281e-01,-3.537199598987434968e-01,-2.136558626683262019e-01
-1.016728351349616943e+01,1.911061631391076099e-01,-4.108875723436486993e-01,-7.976716535197659885e-01,2.848502533800135184e-01,1.552869621360180967e-02,-1.102296016413296087e+01,-4.507139429158115718e+00,-2.463167770177702831e+00,-1.365000290201666910e+00,-4.495545606193879773e-01,1.475297886734002084e+00,-8.338611725440486566e+00,3.057189739899281999e+00,7.522792968807364922e+00,-5.555436765475745275e-01,-1.590966731857961891e+00,1.773197715962631982e+00,-9.231732659523274265e+00,2.945258359753716970e+00,-2.370510619062899949e+00,-1.082502100226760966e-01,1.414200896550437125e-01,-6.698205696177250701e-02,-4.399359884574700175e+00,-4.572635891594330815e+00,7.397636630969876670e+00,-1.453012811070220067e-01,-2.577281202547077044e-02,4.482378753874272093e-02,-9.380714400675406850e+00,-5.076969348439912544e-01,2.184265439515272966e+00,-4.651593017300887922e-01,-3.513199598987434835e-01,-1.915558626683261934e-01
-1.011928351349616939e+01,2.931061631391079225e-01,-7.628875723436490119e-01,-7.828716535197659532e-01,3.491502533800134866e-01,2.228696213601776954e-03,-1.121796016413295938e+01,-5.250139429158117821e+00,-2.895167770177704103e+00,-1.306700290201666892e+00,-4.713545606193880744e-01,1.468097886734001989e+00,-8.367611725440486481e+00,2.673189739899282102e+00,6.989792968807363671e+00,-4.815436765475746839e-01,-1.608366731857961085e+00,1.715397715962633018e+00,-9.286732659523275757e+00,2.983258359753718114e+00,-2.357510619062900048e+00,-1.502502100226759119e-01,1.353200896550436905e-01,-7.808205696177239474e-02,-4.372359884574699151e+00,-4.574635891594330595e+00,7.400636630969876784e+00,-1.531012811070220081e-01,-1.457281202547111923e-02,3.052378753874230091e-02,-9.374714400675406623e+00,-5.886969348439912153e-01,2.128265439515272917e+00,-3.703593017300887968e-01,-3.347199598987434799e-01,-1.330558626683263079e-01
-1.012828351349616973e+01,2.361061631391075111e-01,-1.066887572343649060e+00,-7.287716535197659162e-01,3.714502533800134731e-01,-1.127130378639822940e-02,-1.115496016413296054e+01,-5.578139429158113671e+00,-3.036167770177704117e+00,-1.162200290201667041e+00,-4.835545606193881185e-01,1.463797886734002018e+00,-9.077611725440483781e+00,3.017189739899282852e+00,6.808792968807365398e+00,-4.432436765475746832e-01,-1.527966731857961058e+00,1.576597715962632096e+00,-9.294732659523276652e+00,2.891258359753717144e+00,-2.389510619062900076e+00,-1.718502100226758089e-01,1.238200896550436941e-01,-9.098205696177252833e-02,-4.410359884574702960e+00,-4.590635891594330609e+00,7.393636630969877110e+00,-1.580012811070221901e-01,-1.772812025470748903e-03,2.152378753874195985e-02,-9.375714400675406068e+00,-4.946969348439914094e-01,2.017265439515273151e+00,-2.726593017300888988e-01,-2.993199598987434928e-01,-3.805586266832621661e-02
-1.020328351349617080e+01,6.010616313910732700e-02,-1.302887572343649047e+00,-6.859716535197659670e-01,3.502502533800134210e-01,-3.657130378639821683e-02,-1.111996016413296040e+01,-5.824139429158115888e+00,-3.116167770177704188e+00,-1.038500290201666898e+00,-4.888545606193879789e-01,1.417897886734001967e+00,-9.536611725440486964e+00,3.221189739899283921e+00,6.018792968807363586e+00,-4.871436765475745112e-01,-1.438366731857960934e+00,1.409897715962632914e+00,-9.209732659523275800e+00,2.758258359753718025e+00,-2.488510619062899831e+00,-1.940502100226760007e-01,1.037200896550436041e-01,-9.548205696177269886e-02,-4.415359884574698413e+00,-4.705635891594329934e+00,7.324636630969876272e+00,-1.607012811070220870e-01,-2.728120254706922765e-04,8.237875387422377571e-04,-9.381714400675406296e+00,-2.656969348439913170e-01,2.015265439515272927e+00,-2.097593017300888873e-01,-2.755199598987433940e-01,3.954413733167377876e-02
-1.021528351349616948e+01,-2.398938368608924954e-01,-1.459887572343649076e+00,-6.292716535197658834e-01,2.995502533800133982e-01,-5.587130378639820760e-02,-1.092996016413295912e+01,-6.297139429158114865e+00,-3.154167770177704000e+00,-9.390002902016671982e-01,-4.680545606193879937e-01,1.366897886734002032e+00,-9.685611725440484321e+00,3.124189739899283058e+00,5.595792968807365320e+00,-4.922436765475746157e-01,-1.313966731857961978e+00,1.283197715962631991e+00,-9.059732659523275444e+00,2.558258359753719180e+00,-2.600510619062899931e+00,-1.895502100226758024e-01,8.602008965504381877e-02,-9.218205696177239616e-02,-4.402359884574700288e+00,-4.824635891594330595e+00,7.232636630969875746e+00,-1.604012811070218980e-01,-1.872812025471404023e-03,-1.337621246125753061e-02,-9.385714400675407632e+00,-4.696934843991584785e-03,1.971265439515273998e+00,-1.542593017300888103e-01,-2.272199598987434122e-01,9.484413733167373906e-02
-1.017128351349617077e+01,-6.618938368608926481e-01,-1.486887572343648989e+00,-5.615716535197659010e-01,2.371502533800133872e-01,-7.387130378639822359e-02,-1.057896016413296003e+01,-6.780139429158115405e+00,-3.283167770177704003e+00,-8.408002902016673552e-01,-4.376545606193880111e-01,1.296997886734001959e+00,-1.052961172544049084e+01,2.762189739899283847e+00,4.981792968807365440e+00,-5.618436765475744998e-01,-1.165766731857960981e+00,1.126397715962633050e+00,-8.903732659523274862e+00,2.476258359753717997e+00,-2.650510619062901085e+00,-1.843502100226759033e-01,7.522008965504367595e-02,-9.198205696177241819e-02,-4.430359884574698981e+00,-4.881635891594330090e+00,7.176636630969876585e+00,-1.406012811070219137e-01,-6.672812025470875597e-03,-2.027621246125744028e-02,-9.386714400675407077e+00,8.730306515600894102e-02,1.741265439515272906e+00,5.640698269911093021e-03,-1.873199598987435044e-01,1.232441373316737060e-01
-1.006628351349617034e+01,-1.133893836860893067e+00,-1.391887572343649015e+00,-4.939716535197659075e-01,1.717502533800135123e-01,-7.777130378639823816e-02,-1.027896016413295932e+01,-7.138139429158115945e+00,-3.363167770177704075e+00,-7.490002902016672515e-01,-3.942545606193880170e-01,1.217197886734002088e+00,-1.098761172544048037e+01,2.952189739899286014e+00,4.803792968807363728e+00,-5.492436765475745553e-01,-1.054366731857961925e+00,9.848977159626324251e-01,-8.856732659523274265e+00,2.356258359753718779e+00,-2.687510619062900119e+00,-1.716502100226758032e-01,5.272008965504371147e-02,-8.218205696177260933e-02,-4.407359884574702846e+00,-4.891635891594329877e+00,7.176636630969876585e+00,-1.222012811070220945e-01,-2.097281202547129908e-02,-3.647621246125742900e-02,-9.383714400675406964e+00,2.243030651560085076e-01,1.537265439515272947e+00,2.679406982699111262e-01,-2.001199598987433992e-01,1.325441373316738058e-01
-9.854283513496167046e+00,-1.513893836860892961e+00,-1.383887572343649008e+00,-4.073716535197658972e-01,1.167502533800132969e-01,-6.717130378639823984e-02,-9.912960164132961438e+00,-7.740139429158116258e+00,-3.392167770177703989e+00,-6.586002902016669935e-01,-3.284545606193879919e-01,1.116897886734002032e+00,-1.174161172544049059e+01,2.677189739899282994e+00,4.609792968807364666e+00,-5.560436765475746945e-01,-9.432667318579612825e-01,8.274977159626324408e-01,-8.858732659523276709e+00,2.260258359753719137e+00,-2.682510619062901114e+00,-1.567502100226758899e-01,3.572008965504380740e-02,-6.738205696177246296e-02,-4.393359884574699947e+00,-4.918635891594330900e+00,7.149636630969877338e+00,-1.058012811070220965e-01,-2.257281202547111940e-02,-3.847621246125765282e-02,-9.395714400675407418e+00,5.293030651560082234e-01,1.443265439515273973e+00,5.093406982699111296e-01,-2.248199598987435099e-01,1.387441373316737891e-01
-9.485283513496165497e+00,-1.617893836860893053e+00,-1.367887572343648994e+00,-3.161716535197657829e-01,4.995025338001334719e-02,-4.907130378639822793e-02,-9.706960164132961921e+00,-8.225139429158115689e+00,-3.519167770177701993e+00,-5.765002902016673758e-01,-2.496545606193880940e-01,1.017597886734002088e+00,-1.238461172544048949e+01,2.229189739899283040e+00,4.252792968807363572e+00,-5.369436765475747997e-01,-8.432667318579616378e-01,6.812977159626325552e-01,-8.887732659523276624e+00,2.161258359753718050e+00,-2.650510619062901085e+00,-1.309502100226760113e-01,2.752008965504381885e-02,-5.608205696177259725e-02,-4.357359884574698583e+00,-4.985635891594331071e+00,7.167636630969876244e+00,-9.080128110702201383e-02,-3.857281202547113708e-02,-4.837621246125767271e-02,-9.392714400675407305e+00,5.253030651560086639e-01,1.352265439515272893e+00,6.827406982699111282e-01,-1.301199598987435035e-01,1.336441373316737957e-01
-9.008283513496166961e+00,-1.498893836860891948e+00,-1.248887572343649000e+00,-2.056716535197659901e-01,-1.149746619986568913e-03,-3.357130378639822110e-02,-9.481960164132964053e+00,-8.841139429158115348e+00,-3.595167770177702948e+00,-5.005002902016673083e-01,-1.899545606193880076e-01,9.077978867340019686e-01,-1.290461172544049084e+01,1.866189739899283051e+00,3.993792968807365007e+00,-4.809436765475746944e-01,-7.415667318579615142e-01,5.264977159626327285e-01,-8.947732659523275345e+00,2.073258359753717972e+00,-2.572510619062899906e+00,-1.069502100226760039e-01,2.562008965504380953e-02,-3.358205696177263277e-02,-4.335359884574700118e+00,-4.945635891594331035e+00,7.205636630969875611e+00,-7.940128110702193709e-02,-4.487281202547067221e-02,-4.877621246125762866e-02,-9.388714400675405969e+00,2.733030651560088842e-01,1.216265439515272995e+00,7.356406982699112973e-01,3.278004010125656897e-02,1.270441373316736899e-01
-8.727283513496164602e+00,-1.259893836860892957e+00,-9.348875723436487206e-01,-8.727165351976595709e-02,-3.614974661998648919e-02,-3.217130378639820876e-02,-9.229960164132961609e+00,-9.422139429158114865e+00,-3.570167770177703037e+00,-4.211002902016672267e-01,-1.318545606193879116e-01,7.771978867340016972e-01,-1.349061172544048048e+01,1.417189739899284984e+00,3.779792968807365039e+00,-4.442436765475745730e-01,-6.266667318579610679e-01,3.675977159626326873e-01,-9.058732659523275998e+00,2.045258359753718835e+00,-2.452510619062901132e+00,-7.245021002267604260e-02,2.122008965504385003e-02,-1.568205696177260924e-02,-4.307359884574701425e+00,-4.879635891594331198e+00,7.281636630969877011e+00,-6.800128110702186035e-02,-4.967281202547101787e-02,-4.427621246125745813e-02,-9.383714400675406964e+00,-6.869693484399164163e-02,1.236265439515273012e+00,6.376406982699109882e-01,9.628004010125656986e-02,1.301441373316737093e-01
-8.636283513496167075e+00,-1.028893836860893085e+00,-5.638875723436487242e-01,9.283464802340990474e-04,-9.164974661998659400e-02,-3.907130378639823293e-02,-9.067960164132962575e+00,-9.807139429158116428e+00,-3.439167770177704142e+00,-3.272002902016670767e-01,-7.245456061938804204e-02,6.403978867340021086e-01,-1.392261172544048975e+01,1.067189739899284007e+00,3.878792968807364794e+00,-3.172436765475747933e-01,-4.947667318579612172e-01,2.205977159626323902e-01,-9.116732659523275828e+00,2.079258359753718199e+00,-2.323510619062901128e+00,-2.855021002267577046e-02,2.292008965504365933e-02,1.171794303822749038e-02,-4.301359884574701198e+00,-4.855635891594330289e+00,7.322636630969877380e+00,-4.510128110702193993e-02,-4.167281202547101771e-02,-4.937621246125756258e-02,-9.379714400675407404e+00,-3.786969348439913063e-01,1.478265439515273005e+00,4.130406982699112994e-01,7.668004010125650804e-02,1.527441373316738016e-01
-8.626283513496165511e+00,-6.958938368608924563e-01,-2.178875723436491108e-01,5.312834648023412321e-02,-1.207497466199864977e-01,-4.867130378639822341e-02,-8.805960164132962120e+00,-1.016013942915811086e+01,-3.219167770177703947e+00,-2.769002902016671208e-01,-2.665456061938797916e-02,5.002978867340017732e-01,-1.411761172544049003e+01,8.201897398992841204e-01,4.108792968807365220e+00,-1.773436765475744081e-01,-3.727667318579612754e-01,9.559771596263244575e-02,-9.200732659523275458e+00,2.183258359753719180e+00,-2.271510619062901970e+00,-1.115021002267591044e-02,3.682008965504369319e-02,3.901794303822737203e-02,-4.269359884574697617e+00,-4.869635891594331412e+00,7.346636630969877402e+00,-4.360128110702188309e-02,-4.007281202547118698e-02,-4.767621246125752776e-02,-9.377714400675406736e+00,-5.076969348439912544e-01,1.997265439515272911e+00,1.833406982699110899e-01,7.628004010125655210e-02,1.845441373316737133e-01
-8.768283513496164971e+00,-2.508938368608926162e-01,-1.638875723436488130e-01,6.262834648023396511e-02,-1.091497466199867067e-01,-4.847130378639818993e-02,-8.473960164132961381e+00,-1.025713942915811927e+01,-2.947167770177702817e+00,-2.543002902016672784e-01,5.345439380612049263e-03,3.611978867340018273e-01,-1.371061172544049001e+01,6.151897398992822730e-01,4.063792968807365291e+00,-1.943676547574213053e-03,-3.091667318579611745e-01,-5.502284037367299874e-03,-9.251732659523275615e+00,2.183258359753719180e+00,-2.225510619062899931e+00,9.849789977323997192e-03,3.362008965504381663e-02,6.651794303822766707e-02,-4.265359884574699834e+00,-4.871635891594330303e+00,7.386636630969875661e+00,-4.540128110702212894e-02,-1.607281202547116913e-02,-4.137621246125756241e-02,-9.379714400675407404e+00,-4.286969348439915173e-01,2.816265439515273972e+00,-5.935930173008884675e-02,1.453800401012564913e-01,2.243441373316737986e-01
-8.897283513496166307e+00,2.141061631391071862e-01,-2.428875723436489942e-01,3.292834648023412747e-02,-5.804974661998651975e-02,-3.997130378639823789e-02,-8.036960164132963769e+00,-9.910139429158114410e+00,-2.713167770177702831e+00,-1.962002902016672934e-01,3.974543938061204235e-02,2.415978867340017877e-01,-1.297661172544047936e+01,3.741897398992826140e-01,4.162792968807363714e+00,1.638563234524257062e-01,-2.539667318579609812e-01,-9.100228403736743132e-02,-9.355732659523276595e+00,2.158258359753717937e+00,-2.206510619062899803e+00,1.794978997732421880e-02,3.842008965504373208e-02,9.241794303822770118e-02,-4.227359884574703131e+00,-4.858635891594330403e+00,7.411636630969876016e+00,-5.180128110702186817e-02,-4.972812025471284869e-03,-4.607621246125769704e-02,-9.380714400675406850e+00,-3.946969348439913206e-01,3.626265439515273137e+00,-3.188593017300889176e-01,2.491800401012566057e-01,2.577441373316737838e-01
-9.066283513496166790e+00,5.561061631391077675e-01,-2.788875723436490262e-01,-3.117165351976591836e-02,2.545025338001339135e-02,-5.467130378639822874e-02,-7.430960164132962120e+00,-9.475139429158115689e+00,-2.452167770177704043e+00,-1.222002902016670056e-01,7.224543938061200876e-02,1.410978867340018095e-01,-1.209961172544048935e+01,6.061897398992854846e-01,4.090792968807365426e+00,3.134563234524251896e-01,-2.364667318579609934e-01,-1.557022840373671890e-01,-9.389732659523275515e+00,2.209258359753718981e+00,-2.174510619062900219e+00,1.594978997732399151e-02,5.082008965504369868e-02,1.213179430382274049e-01,-4.236359884574696366e+00,-4.860635891594331071e+00,7.407636630969875569e+00,-5.370128110702188096e-02,4.627187974528546022e-03,-3.957621246125774678e-02,-9.382714400675407518e+00,-5.026969348439913610e-01,4.192265439515273862e+00,-5.584593017300889528e-01,3.501800401012565844e-01,2.817441373316738051e-01
-9.328283513496165469e+00,8.441061631391071352e-01,-4.468875723436486758e-01,-1.223716535197658939e-01,1.086502533800133008e-01,-5.857130378639824331e-02,-6.815960164132963683e+00,-8.984139429158116030e+00,-2.051167770177702021e+00,2.629970979833284872e-02,9.704543938061194197e-02,6.539788673400193098e-02,-1.099961172544048083e+01,9.041897398992837509e-01,4.329792968807365305e+00,3.841563234524256742e-01,-2.358667318579615035e-01,-2.119022840373671890e-01,-9.311732659523276112e+00,2.150258359753717041e+00,-2.153510619062901199e+00,7.049789977324305568e-03,6.772008965504383582e-02,1.566179430382272919e-01,-4.204359884574699890e+00,-4.856635891594332399e+00,7.436636630969876371e+00,-5.890128110702220338e-02,3.022718797452927930e-02,-2.377621246125772095e-02,-9.379714400675407404e+00,-8.096969348439913006e-01,4.212265439515273435e+00,-7.155593017300889702e-01,4.254800401012565070e-01,2.975441373316736748e-01
-9.524283513496165199e+00,1.296106163139107093e+00,-6.238875723436487775e-01,-2.091716535197659099e-01,1.569502533800133104e-01,-5.987130378639821116e-02,-6.368960164132960955e+00,-8.562139429158115433e+00,-1.813167770177702920e+00,1.824997097983329930e-01,1.343454393806121083e-01,3.409788673400183240e-02,-1.054861172544048031e+01,5.721897398992830119e-01,4.424792968807364169e+00,3.953563234524252734e-01,-2.654667318579608803e-01,-2.473022840373672870e-01,-9.259732659523276510e+00,2.259258359753717027e+00,-2.239510619062901053e+00,1.314978997732429988e-02,9.112008965504370117e-02,1.725179430382275114e-01,-4.252359884574701709e+00,-4.818635891594331255e+00,7.404636630969876343e+00,-7.230128110702205291e-02,3.502718797452875066e-02,-1.687621246125781127e-02,-9.367714400675406949e+00,-1.270696934843990933e+00,3.617265439515274128e+00,-7.064593017300888622e-01,4.660800401012564764e-01,2.990441373316737872e-01
-9.604283513496167046e+00,1.652106163139108075e+00,-6.778875723436490475e-01,-2.879716535197657801e-01,2.086502533800133896e-01,-6.727130378639822883e-02,-6.379960164132963740e+00,-8.131139429158114496e+00,-1.570167770177703037e+00,3.093997097983329780e-01,1.689454393806119892e-01,-5.702113265998010050e-03,-1.008461172544049056e+01,4.691897398992849744e-01,4.525792968807365035e+00,3.999563234524253219e-01,-3.600667318579616194e-01,-2.903022840373675195e-01,-9.231732659523274265e+00,2.451258359753718086e+00,-2.283510619062900204e+00,1.624978997732418051e-02,1.068200896550437068e-01,1.934179430382277076e-01,-4.278359884574697958e+00,-4.744635891594331412e+00,7.384636630969876769e+00,-7.890128110702221420e-02,4.942718797452894108e-02,-1.807621246125767911e-02,-9.363714400675407390e+00,-1.612696934843991015e+00,2.697265439515274199e+00,-6.221593017300888206e-01,4.914800401012566211e-01,2.988441373316738092e-01
-9.592283513496166591e+00,1.685106163139107105e+00,-5.998875723436487561e-01,-3.808716535197659847e-01,2.560502533800133040e-01,-6.517130378639823807e-02,-6.355960164132962831e+00,-8.076139429158114780e+00,-1.164167770177704009e+00,4.215997097983326114e-01,1.814454393806120003e-01,-3.130211326599807720e-02,-1.047861172544049069e+01,4.691897398992849744e-01,4.638792968807364581e+00,3.562563234524259159e-01,-4.291667318579612811e-01,-3.459022840373676133e-01,-9.120732659523275387e+00,2.646258359753717926e+00,-2.363510619062899831e+00,1.384978997732400074e-02,1.236200896550437023e-01,2.092179430382272998e-01,-4.310359884574702427e+00,-4.792635891594330566e+00,7.315636630969875931e+00,-9.360128110702214954e-02,5.412718797452865244e-02,-1.327621246125776019e-02,-9.362714400675406168e+00,-1.770696934843990933e+00,1.636265439515272924e+00,-5.419593017300887716e-01,4.979800401012565159e-01,2.734441373316737200e-01
-9.460283513496165142e+00,1.540106163139107975e+00,-5.208875723436490190e-01,-4.866716535197658788e-01,3.143502533800133225e-01,-5.217130378639823346e-02,-6.507960164132963854e+00,-8.213139429158115234e+00,-7.661677701777040994e-01,4.574997097983328764e-01,1.696454393806119121e-01,-6.240211326599819780e-02,-1.035561172544048958e+01,8.718973989928358037e-02,4.496792968807365121e+00,2.158563234524253083e-01,-5.300667318579614928e-01,-3.643022840373673077e-01,-8.951732659523276681e+00,2.676258359753716842e+00,-2.467510619062900812e+00,-1.555021002267586994e-02,1.235200896550436994e-01,2.158179430382274055e-01,-4.314359884574699322e+00,-4.852635891594330175e+00,7.257636630969876101e+00,-1.052012811070222043e-01,5.412718797452865244e-02,-8.176212461257659214e-03,-9.360714400675407276e+00,-1.885696934843990924e+00,9.972654395152733553e-01,-5.177593017300887723e-01,4.070800401012564795e-01,2.244441373316737875e-01
-9.409283513496166762e+00,1.401106163139107963e+00,-6.268875723436488911e-01,-6.225716535197659551e-01,3.707502533800132727e-01,-3.297130378639823167e-02,-7.124960164132961182e+00,-7.536139429158115632e+00,-1.641677701777037868e-01,4.515997097983329156e-01,1.011454393806119068e-01,-1.237021132659981010e-01,-7.356611725440483696e+00,1.133189739899282955e+00,5.018792968807363586e+00,1.905563234524257077e-01,-6.020667318579615568e-01,-1.794022840373674932e-01,-8.948732659523276567e+00,2.665258359753718054e+00,-2.669510619062901213e+00,-3.695021002267572657e-02,1.375200896550436980e-01,2.156179430382275108e-01,-4.313359884574701653e+00,-4.878635891594329976e+00,7.234636630969876414e+00,-1.054012811070221961e-01,5.092718797452899793e-02,5.923787538742786296e-03,-9.354714400675407049e+00,-1.944696934843991976e+00,7.142654395152734370e-01,-5.991593017300889112e-01,2.475800401012565877e-01,1.405441373316738130e-01
-9.477283513496164602e+00,1.231106163139108034e+00,-8.628875723436486567e-01,-7.838716535197659541e-01,3.977502533800135187e-01,0.000000000000000000e+00,-7.575960164132961694e+00,-3.784139429158117185e+00,8.318322298222966538e-01,4.543997097983329958e-01,-3.815456061938803795e-02,-1.071021132659981945e-01,-4.511611725440488385e+00,1.130189739899283063e+00,6.792792968807363607e+00,2.218563234524255912e-01,-5.054667318579610935e-01,8.097715962632534570e-03,-9.020732659523275743e+00,2.753258359753716800e+00,-2.770510619062899860e+00,-8.105021002267598362e-02,1.547200896550438021e-01,2.139179430382273928e-01,-4.329359884574699890e+00,-5.003635891594330865e+00,7.172636630969877025e+00,-1.124012811070218970e-01,3.502718797452875066e-02,2.352378753874262082e-02,-9.368714400675406395e+00,-1.782696934843990944e+00,7.542654395152732505e-01,-6.787593017300888043e-01,6.868004010125650094e-02,5.684413733167371224e-02
-9.499283513496166620e+00,9.621061631391074620e-01,-1.017887572343648905e+00,-9.423716535197659283e-01,4.140502533800133889e-01,2.632869621360179116e-02,-8.116960164132962063e+00,-7.191394291581119091e-01,1.319832229822295977e+00,1.406997097983327116e-01,-9.355456061938793866e-02,-4.740211326599808039e-02,-4.262611725440486055e+00,1.471897398992823014e-01,8.334792968807363422e+00,1.978563234524254866e-01,-5.236667318579613095e-01,7.989771596263262055e-02,-9.038732659523276425e+00,2.853258359753719109e+00,-2.773510619062899973e+00,-9.385021002267590617e-02,1.613200896550437136e-01,2.074179430382274980e-01,-4.385359884574697276e+00,-4.889635891594330985e+00,7.192636630969876599e+00,-1.128012811070217974e-01,3.982718797452911019e-02,3.952378753874263850e-02,-9.367714400675406949e+00,-1.422696934843991068e+00,1.237265439515274013e+00,-7.266593017300888580e-01,-6.941995989874349959e-02,-3.485586266832624291e-02
-9.611283513496164943e+00,7.141061631391072417e-01,-1.142887572343648905e+00,-1.000471653519765969e+00,4.928502533800134255e-01,4.602869621360178298e-02,-1.062096016413295985e+01,-1.631394291581144962e-01,6.538322298222958295e-01,-2.109002902016672010e-01,-7.295456061938798697e-02,-7.080211326599816779e-02,-4.241611725440485259e+00,6.021897398992841488e-01,9.799792968807363280e+00,2.396563234524257957e-01,-6.019667318579609017e-01,8.399771596263239104e-02,-9.090732659523276027e+00,3.083258359753716871e+00,-2.803510619062899778e+00,-1.118502100226757001e-01,1.675200896550436969e-01,1.879179430382275917e-01,-4.387359884574699720e+00,-4.906635891594329557e+00,7.194636630969877267e+00,-1.079012811070221012e-01,2.542718797452891977e-02,4.392378753874214697e-02,-9.368714400675406395e+00,-1.269696934843991043e+00,1.792265439515273062e+00,-7.490593017300888334e-01,-1.688199598987434047e-01,-1.044558626683261965e-01
-1.012128351349617006e+01,4.351061631391073270e-01,-1.333887572343648964e+00,-9.733716535197659558e-01,5.294502533800133914e-01,4.812869621360176681e-02,-1.441296016413295966e+01,-6.351394291581158313e-01,-7.971677701777029057e-01,-4.193002902016674249e-01,-1.074545606193880037e-01,-1.538021132659981027e-01,-4.433611725440485429e+00,3.178189739899285104e+00,1.049379296880736945e+01,2.234563234524253872e-01,-5.364667318579616762e-01,3.679771596263269745e-02,-9.270732659523275743e+00,3.163258359753716942e+00,-2.925510619062900997e+00,-1.361502100226759104e-01,1.469200896550438007e-01,1.785179430382272947e-01,-4.433359884574699095e+00,-4.816635891594330587e+00,7.230636630969876855e+00,-1.210012811070217964e-01,2.542718797452891977e-02,4.582378753874216670e-02,-9.371714400675406509e+00,-1.233696934843991011e+00,2.379265439515272806e+00,-7.396593017300887585e-01,-2.681199598987434873e-01,-1.803558626683262889e-01
-1.090228351349617064e+01,-9.189383686089236392e-02,-1.587887572343648968e+00,-8.974716535197659883e-01,5.074502533800133719e-01,5.442869621360180155e-02,-1.683596016413295970e+01,-1.090139429158113904e+00,-2.472167770177704060e+00,-4.701002902016671037e-01,-8.555456061938793155e-02,-2.462021132659981959e-01,-3.282611725440482076e+00,6.677189739899283438e+00,1.065179296880736004e+01,1.526563234524251911e-01,-3.373667318579611774e-01,-2.260228403736741151e-02,-9.535732659523276311e+00,3.241258359753719009e+00,-3.107510619062900048e+00,-1.554502100226758110e-01,1.312200896550436979e-01,1.528179430382277104e-01,-4.383359884574701937e+00,-5.007635891594330424e+00,7.272636630969876670e+00,-1.376012811070221886e-01,3.982718797452911019e-02,5.282378753874272803e-02,-9.377714400675406736e+00,-8.876969348439911478e-01,2.776265439515273048e+00,-7.167593017300888381e-01,-3.261199598987433723e-01,-2.150558626683261865e-01
-1.164528351349616919e+01,-7.908938368608926517e-01,-1.874887572343648889e+00,-7.888716535197659585e-01,4.306502533800133925e-01,5.512869621360177996e-02,-1.431896016413296024e+01,6.388605708418850782e-01,-2.881167770177702980e+00,-2.722002902016674164e-01,-6.825456061938806052e-02,-2.390021132659981007e-01,-1.082611725440485895e+00,7.803189739899284660e+00,9.591792968807364872e+00,8.985632345242500207e-02,-1.662667318579610920e-01,-8.240228403736749030e-02,-9.892732659523275629e+00,3.195258359753716970e+00,-3.164510619062899988e+00,-1.905502100226756923e-01,1.223200896550438038e-01,1.337179430382273992e-01,-4.362359884574701141e+00,-4.959635891594330381e+00,7.306636630969877366e+00,-1.580012811070221901e-01,5.892718797452901197e-02,8.052378753874211981e-02,-9.388714400675405969e+00,-4.196969348439911762e-01,2.796265439515273066e+00,-6.549593017300887610e-01,-2.872199598987434932e-01,-2.120558626683262116e-01
-1.196528351349616948e+01,-1.311893836860893003e+00,-2.072887572343649065e+00,-6.896716535197658926e-01,3.543502533800134136e-01,5.292869621360180021e-02,-9.427960164132962007e+00,1.295860570841881998e+00,-2.393167770177702991e+00,-9.600029020166722660e-02,-1.705456061938792969e-02,-1.994021132659979934e-01,-2.201611725440486111e+00,5.863189739899283381e+00,8.766792968807365583e+00,-4.724367654757478246e-02,-2.646673185796100114e-02,-1.795022840373672046e-01,-9.808732659523275998e+00,3.380258359753717912e+00,-3.325510619062900020e+00,-2.049502100226759105e-01,9.562008965504364966e-02,1.065179430382277026e-01,-4.450359884574702107e+00,-5.162635891594330673e+00,7.188636630969877039e+00,-1.649012811070220963e-01,8.292718797452902635e-02,9.642378753874236708e-02,-9.388714400675405969e+00,-2.396969348439909886e-01,2.694265439515274085e+00,-5.450593017300888743e-01,-2.604199598987433917e-01,-2.075558626683262076e-01
-1.174028351349616983e+01,-1.327893836860893018e+00,-2.155887572343648806e+00,-5.858716535197658892e-01,2.529502533800134234e-01,5.032869621360180901e-02,-8.474960164132962603e+00,-1.848139429158117020e+00,-2.643167770177702991e+00,-7.920029020166730049e-02,4.354543938061206099e-02,-2.294021132659979922e-01,-4.992611725440482928e+00,3.742189739899285161e+00,8.006792968807364019e+00,-1.426436765475745105e-01,7.033268142039084125e-03,-2.999022840373672949e-01,-9.397732659523274634e+00,3.325258359753718196e+00,-3.123510619062900062e+00,-2.486502100226757050e-01,5.922008965504366174e-02,6.811794303822749086e-02,-4.315359884574696991e+00,-5.033635891594330225e+00,7.152636630969875675e+00,-1.716012811070219968e-01,9.892718797452904056e-02,9.812378753874195780e-02,-9.387714400675406523e+00,-3.256969348439913148e-01,2.498265439515273023e+00,-4.079593017300888746e-01,-3.092199598987435127e-01,-1.949558626683262907e-01
-1.107228351349617057e+01,-9.988938368608923923e-01,-2.194887572343648952e+00,-4.768716535197659034e-01,1.962502533800135063e-01,2.322869621360179951e-02,-9.651960164132962205e+00,-4.417139429158112307e+00,-2.458167770177702049e+00,-4.330029020166704240e-02,4.934543938061208834e-02,-2.559021132659979880e-01,-5.722611725440486907e+00,3.658189739899285087e+00,7.376792968807364126e+00,-1.960436765475744025e-01,-6.856673185796147152e-02,-3.441022840373673120e-01,-9.082732659523275132e+00,3.404258359753718821e+00,-2.953510619062900133e+00,-2.493502100226759055e-01,3.942008965504383705e-02,3.451794303822763865e-02,-4.582359884574700004e+00,-5.026635891594331440e+00,7.033636630969875903e+00,-1.639012811070222064e-01,1.005271879745289060e-01,1.171237875387420996e-01,-9.381714400675406296e+00,-3.036969348439915173e-01,2.364265439515274014e+00,-2.477593017300888101e-01,-4.015199598987435059e-01,-1.884558626683263127e-01
-1.035828351349615950e+01,-6.688938368608923213e-01,-2.156887572343649140e+00,-3.424716535197657730e-01,1.628502533800134100e-01,4.328696213601768150e-03,-9.450960164132961694e+00,-5.444139429158113330e+00,-1.545167770177704014e+00,3.879970979833303329e-02,6.145439380611961155e-03,-2.041021132659980863e-01,-5.553611725440482871e+00,3.008189739899282955e+00,7.365792968807364893e+00,-2.538436765475747259e-01,-3.296673185796095140e-02,-2.863022840373675160e-01,-8.969732659523275586e+00,3.343258359753717102e+00,-2.668510619062899991e+00,-2.561502100226760170e-01,2.152008965504382046e-02,5.417943038227512886e-03,-4.528359884574697958e+00,-4.762635891594330317e+00,7.107636630969875746e+00,-1.571012811070220117e-01,9.892718797452904056e-02,1.073237875387426932e-01,-9.382714400675407518e+00,-9.669693484399122241e-02,2.500265439515274135e+00,-1.063593017300887983e-01,-4.416199598987434749e-01,-1.616558626683262945e-01
-9.902283513496165313e+00,-4.278938368608927179e-01,-2.039887572343649147e+00,-2.300716535197659951e-01,1.389502533800132944e-01,-2.557130378639821053e-02,-8.336960164132964479e+00,-5.159139429158116741e+00,-5.011677701777035310e-01,1.788997097983328899e-01,-1.735456061938811870e-02,-1.089021132659982044e-01,-5.249611725440487930e+00,1.657189739899284087e+00,7.676792968807364836e+00,-2.471436765475746866e-01,-1.176673185796150989e-02,-2.148022840373675912e-01,-8.906732659523274975e+00,3.213258359753718096e+00,-2.497510619062901061e+00,-2.456502100226760910e-01,6.320089655043714671e-03,-2.018205696177232875e-02,-4.618359884574701368e+00,-4.727635891594330175e+00,7.100636630969876073e+00,-1.601012811070222086e-01,9.092718797452903345e-02,9.632378753874260013e-02,-9.389714400675407191e+00,2.543030651560088118e-01,2.685265439515272856e+00,-6.725930173008887181e-02,-4.154199598987434738e-01,-1.204558626683262940e-01
-9.768283513496164971e+00,-3.568938368608924883e-01,-1.895887572343649019e+00,-1.604716535197658889e-01,1.065502533800132962e-01,-5.247130378639818654e-02,-7.763960164132964081e+00,-4.493139429158112819e+00,3.528322298222973941e-01,2.717997097983326782e-01,-4.955456061938812162e-02,-1.920211326599808102e-02,-4.786611725440486964e+00,9.241897398992833246e-01,7.911792968807364268e+00,-1.664436765475744984e-01,-4.716673185796160794e-02,-1.520022840373674022e-01,-8.860732659523275601e+00,2.966258359753718210e+00,-2.513510619062901075e+00,-2.194502100226758123e-01,-1.097991034495615983e-02,-2.818205696177233932e-02,-4.535359884574702960e+00,-4.848635891594330616e+00,7.075636630969875718e+00,-1.464012811070221076e-01,9.252718797452885724e-02,7.362378753874221360e-02,-9.393714400675406750e+00,6.513030651560089979e-01,2.559265439515272966e+00,-6.155930173008883344e-02,-3.260199598987433833e-01,-7.785586266832622560e-02
-9.792283513496165881e+00,-4.718938368608927014e-01,-1.834887572343649076e+00,-1.371716535197660125e-01,4.355025338001339286e-02,-7.057130378639819845e-02,-7.894960164132964309e+00,-3.435139429158112989e+00,8.808322298222961422e-01,2.695997097983329205e-01,-6.085456061938798733e-02,2.509788673400192849e-02,-4.785611725440482189e+00,8.571897398992831540e-01,8.053792968807364616e+00,-7.764367654757453607e-02,-8.586673185796112051e-02,-7.480228403736743914e-02,-8.875732659523276169e+00,2.653258359753718043e+00,-2.497510619062901061e+00,-2.044502100226756880e-01,-1.537991034495633964e-02,-3.618205696177235337e-02,-4.464359884574697901e+00,-4.863635891594331184e+00,7.134636630969876769e+00,-1.263012811070219066e-01,7.972718797452937878e-02,5.422378753874212975e-02,-9.389714400675407191e+00,9.973030651560090831e-01,2.000265439515274135e+00,2.884069826991119898e-02,-2.501199598987435269e-01,-4.155586266832622666e-02
-9.875283513496166066e+00,-5.958938368608923675e-01,-1.839887572343648969e+00,-1.079716535197658978e-01,-5.854974661998668672e-02,-5.467130378639822874e-02,-8.382960164132963854e+00,-3.405139429158111852e+00,6.448322298222972648e-01,1.461997097983326888e-01,-6.505456061938796886e-02,3.939788673400190788e-02,-4.848611725440484577e+00,1.274189739899284968e+00,8.009792968807364133e+00,1.595632345242581004e-02,-1.029667318579611940e-01,-1.160228403736729072e-02,-9.011732659523275402e+00,2.431258359753718068e+00,-2.623510619062900062e+00,-1.653502100226758031e-01,-3.587991034495630061e-02,-1.818205696177254901e-02,-4.471359884574702903e+00,-4.979635891594330843e+00,7.134636630969876769e+00,-1.081012811070221069e-01,8.452718797452885013e-02,4.412378753874258291e-02,-9.395714400675407418e+00,1.273303065156009106e+00,1.522265439515273044e+00,1.645406982699111065e-01,-2.873199598987434822e-01,-5.155862668326238740e-03
-9.917283513496165881e+00,-6.798938368608924421e-01,-1.801887572343648936e+00,-4.877165351976597840e-02,-1.713497466199866981e-01,-2.767130378639820129e-02,-9.286960164132963769e+00,-2.833139429158115785e+00,1.548322298222971072e-01,1.019970979833262001e-02,-3.225456061938802854e-02,3.919788673400192991e-02,-4.651611725440488954e+00,2.249189739899283058e+00,8.126792968807365014e+00,8.375632345242500776e-02,-1.008667318579617028e-01,3.079771596263248049e-02,-9.210732659523275245e+00,2.297258359753718171e+00,-2.756510619062900957e+00,-1.331502100226757968e-01,-4.087991034495618708e-02,-4.820569617725035103e-04,-4.406359884574698071e+00,-5.127635891594331419e+00,7.120636630969877423e+00,-1.066012811070221056e-01,9.572718797452939299e-02,4.592378753874192671e-02,-9.396714400675406864e+00,1.381303065156008980e+00,1.308265439515273076e+00,2.502406982699110216e-01,-3.152199598987435181e-01,2.014413733167375042e-02
-9.853283513496165824e+00,-7.878938368608925380e-01,-1.599887572343648978e+00,-1.627165351976600852e-02,-2.496497466199865956e-01,1.072869621360177973e-02,-1.002796016413295987e+01,-2.201139429158117888e+00,-5.631677701777029199e-01,-1.421002902016673120e-01,7.245439380612062052e-03,3.229788673400180166e-02,-4.474611725440482246e+00,2.768189739899284962e+00,8.234792968807365554e+00,1.177563234524257041e-01,-7.946673185796093719e-02,6.229771596263278255e-02,-9.360732659523275601e+00,2.235258359753717894e+00,-2.839510619062901142e+00,-1.120502100226757058e-01,-3.607991034495627858e-02,1.721794303822754904e-02,-4.366359884574698924e+00,-5.253635891594330865e+00,7.143636630969877110e+00,-1.117012811070221961e-01,1.021271879745287020e-01,5.402378753874260281e-02,-9.390714400675406637e+00,1.090303065156009055e+00,1.130265439515272918e+00,3.061406982699113044e-01,-2.165199598987435081e-01,5.644413733167374936e-02
-9.730283513496164716e+00,-8.158938368608925629e-01,-1.250887572343649001e+00,-3.157165351976586737e-02,-3.424497466199866169e-01,5.172869621360177278e-02,-1.005196016413296078e+01,-1.955139429158115894e+00,-9.991677701777028631e-01,-2.116002902016674014e-01,3.574543938061203185e-02,1.229788673400200941e-02,-4.362611725440486588e+00,3.045189739899285986e+00,8.281792968807366151e+00,1.370563234524251051e-01,-5.156673185796112335e-02,5.419771596263255747e-02,-9.447732659523275345e+00,2.208258359753716871e+00,-2.878510619062900844e+00,-1.142502100226758938e-01,-2.707991034495615956e-02,4.131794303822732689e-02,-4.296359884574698640e+00,-5.310635891594330360e+00,7.156636630969877011e+00,-1.124012811070218970e-01,1.181271879745287023e-01,7.802378753874261719e-02,-9.376714400675407290e+00,6.523030651560084436e-01,9.322654395152734086e-01,3.404406982699113016e-01,-8.351995989874350101e-02,9.894413733167373159e-02
-9.557283513496166449e+00,-7.278938368608924847e-01,-6.998875723436488450e-01,-3.707165351976592776e-02,-4.001497466199865904e-01,9.162869621360175687e-02,-9.839960164132961040e+00,-1.932139429158113098e+00,-1.164167770177704009e+00,-2.047002902016669956e-01,7.884543938061194801e-02,-1.630211326599817143e-02,-4.268611725440486282e+00,3.173189739899282102e+00,8.249792968807366123e+00,1.546563234524258867e-01,-3.976673185796109067e-02,2.579771596263258013e-02,-9.486732659523276823e+00,2.288258359753716942e+00,-2.753510619062900844e+00,-1.179502100226756944e-01,-2.267991034495620006e-02,6.551794303822733312e-02,-4.318359884574697105e+00,-5.309635891594330914e+00,7.185636630969876926e+00,-1.213012811070219993e-01,1.565271879745288863e-01,1.080237875387420055e-01,-9.377714400675406736e+00,2.753030651560087194e-01,8.872654395152732576e-01,3.073406982699111722e-01,-1.941995989874345865e-02,1.418441373316738086e-01
-9.263283513496165966e+00,-6.098938368608926019e-01,-6.488757234364905813e-02,-3.867165351976598053e-02,-4.048497466199865724e-01,9.952869621360177499e-02,-9.675960164132963115e+00,-2.140139429158117945e+00,-1.217167770177703057e+00,-1.735002902016674065e-01,1.087454393806119995e-01,-4.140211326599808200e-02,-4.315611725440483326e+00,3.028189739899282973e+00,8.216792968807364872e+00,1.691563234524257886e-01,-2.666673185796141973e-02,4.797715962632675968e-03,-9.496732659523274833e+00,2.416258359753717055e+00,-2.602510619062901043e+00,-1.554502100226758110e-01,-9.979910344956266499e-03,7.841794303822746670e-02,-4.368359884574701368e+00,-5.230635891594330289e+00,7.214636630969876840e+00,-1.448012811070218120e-01,1.789271879745291116e-01,1.294237875387427017e-01,-9.369714400675407617e+00,-1.376969348439915919e-01,1.114265439515272904e+00,1.832406982699111009e-01,-5.631995989874349906e-02,1.798441373316737868e-01
-8.922283513496164886e+00,-4.828938368608923781e-01,3.371124276563510769e-01,-1.917165351976591117e-02,-3.404497466199866151e-01,8.942869621360177712e-02,-9.604960164132961609e+00,-2.612139429158113035e+00,-1.153167770177703000e+00,-7.780029020166701059e-02,1.247454393806119999e-01,-5.300211326599812978e-02,-4.365611725440487589e+00,2.714189739899282028e+00,8.166792968807364161e+00,1.949563234524251953e-01,-6.766731857961615602e-03,-1.110228403736756957e-02,-9.486732659523276823e+00,2.457258359753717869e+00,-2.427510619062899888e+00,-2.038502100226758096e-01,2.052008965504370855e-02,9.731794303822738357e-02,-4.334359884574701560e+00,-5.148635891594330438e+00,7.264636630969875775e+00,-1.703012811070218901e-01,1.948271879745293866e-01,1.696237875387422989e-01,-9.356714400675405940e+00,-5.606969348439911904e-01,1.654265439515272940e+00,1.594069826991106886e-02,-6.291995989874343831e-02,2.230441373316736919e-01
-8.819283513496166904e+00,-2.978938368608923248e-01,5.331124276563512510e-01,7.228346480234071336e-03,-2.392497466199864919e-01,5.482869621360175749e-02,-9.464960164132961040e+00,-2.841139429158111795e+00,-9.411677701777030336e-01,1.009970979833286001e-02,1.343454393806121083e-01,-6.920211326599812196e-02,-4.453611725440489444e+00,2.396189739899285076e+00,8.090792968807363650e+00,2.335563234524258014e-01,-8.066731857961251251e-03,-1.930228403736755985e-02,-9.534732659523275089e+00,2.549258359753717951e+00,-2.237510619062900830e+00,-2.229502100226757044e-01,3.522008965504386246e-02,1.103179430382272980e-01,-4.343359884574702789e+00,-5.026635891594331440e+00,7.322636630969877380e+00,-1.938012811070221886e-01,2.188271879745294080e-01,1.909237875387423955e-01,-9.353714400675407603e+00,-9.416969348439914178e-01,2.386265439515272924e+00,-2.119593017300888949e-01,-7.519959898743434380e-03,2.596441373316737966e-01
-9.018283513496164971e+00,-4.289383686089243142e-02,3.331124276563510733e-01,-2.667165351976596988e-02,-1.291497466199867106e-01,4.512869621360177108e-02,-9.326960164132962916e+00,-2.821139429158116219e+00,-8.881677701777039857e-01,8.459970979833286719e-02,1.650454393806120024e-01,-5.910211326599811715e-02,-4.546611725440484975e+00,2.439189739899283893e+00,8.031792968807366151e+00,2.576563234524256174e-01,-6.466731857961426598e-03,-2.610228403736725156e-02,-9.533732659523275643e+00,2.703258359753717865e+00,-2.023510619062899973e+00,-2.579502100226758188e-01,6.942008965504364859e-02,1.244179430382272994e-01,-4.427359884574698867e+00,-4.901635891594331440e+00,7.373636630969875760e+00,-2.234012811070220927e-01,2.475271879745291059e-01,1.994237875387420977e-01,-9.339714400675406480e+00,-1.058696934843990967e+00,3.179265439515273961e+00,-4.817593017300890179e-01,7.128004010125654766e-02,2.725441373316737081e-01
-9.315283513496165568e+00,3.651061631391078754e-01,-4.688757234364882009e-02,-1.117716535197658956e-01,-7.704974661998664764e-02,4.722869621360176184e-02,-9.185960164132961125e+00,-2.702139429158116002e+00,-9.441677701777031473e-01,1.363997097983329077e-01,1.833454393806120131e-01,-6.020211326599800294e-02,-4.544611725440483418e+00,2.579189739899284017e+00,8.002792968807362683e+00,2.915563234524257141e-01,-9.266731857961119090e-03,-2.610228403736725156e-02,-9.620732659523275387e+00,2.695258359753716970e+00,-1.864510619062901053e+00,-2.958502100226759191e-01,1.007200896550437957e-01,1.419179430382274121e-01,-4.451359884574699777e+00,-4.817635891594330033e+00,7.416636630969876798e+00,-2.648012811070218908e-01,2.682271879745288246e-01,2.151237875387420062e-01,-9.342714400675406594e+00,-8.936969348439913752e-01,3.775265439515273158e+00,-7.035593017300889596e-01,1.845800401012565872e-01,2.771441373316738122e-01
-9.586283513496166364e+00,8.231061631391072275e-01,-1.908875723436488925e-01,-2.017716535197660033e-01,-4.704974661998662100e-02,3.322869621360179798e-02,-9.138960164132964081e+00,-2.550139429158114979e+00,-1.013167770177703986e+00,1.493997097983328082e-01,1.943454393806119118e-01,-6.490211326599815145e-02,-4.644611725440483951e+00,2.749189739899283058e+00,7.984792968807364666e+00,3.044563234524257922e-01,-1.086673185796093941e-02,-1.830228403736721896e-02,-9.750732659523276169e+00,2.605258359753718000e+00,-1.747510619062901061e+00,-3.204502100226758188e-01,1.243200896550438056e-01,1.611179430382274902e-01,-4.439359884574699322e+00,-4.782635891594329891e+00,7.503636630969877430e+00,-2.913012811070219144e-01,3.098271879745286839e-01,2.192237875387421930e-01,-9.349714400675406267e+00,-7.296969348439912295e-01,3.853265439515273005e+00,-8.119593017300889004e-01,3.193800401012564238e-01,2.628441373316737772e-01
-9.797283513496164886e+00,1.223106163139108027e+00,-5.288757234364904747e-02,-2.869716535197658902e-01,-8.649746619986631302e-03,1.612869621360180084e-02,-9.222960164132963712e+00,-2.421139429158117196e+00,-1.191167770177703034e+00,1.299997097983328076e-01,2.059454393806119110e-01,-7.950211326599809780e-02,-4.609611725440487362e+00,2.975189739899284813e+00,8.015792968807364360e+00,3.108563234524250873e-01,-7.566731857961528362e-03,-1.370228403736727975e-02,-9.889732659523275515e+00,2.590258359753719208e+00,-1.721510619062901037e+00,-3.289502100226759929e-01,1.366200896550437971e-01,1.820179430382276031e-01,-4.414359884574700743e+00,-4.782635891594329891e+00,7.552636630969876030e+00,-3.340012811070218746e-01,3.496271879745291855e-01,2.266237875387427103e-01,-9.346714400675406154e+00,-7.546969348439911407e-01,3.317265439515273862e+00,-7.770593017300888583e-01,4.194800401012565017e-01,2.309441373316737101e-01
-9.946283513496165796e+00,1.584106163139106904e+00,1.041124276563509948e-01,-3.704716535197659089e-01,3.675025338001348257e-02,8.728696213601783160e-03,-9.254960164132963740e+00,-2.380139429158112829e+00,-1.364167770177703076e+00,9.469970979833286506e-02,2.033454393806120031e-01,-9.560211326599810100e-02,-4.618611725440487703e+00,3.155189739899284973e+00,7.990792968807364893e+00,2.915563234524257141e-01,-7.666731857961295304e-03,-8.702284037367391534e-03,-9.930732659523275885e+00,2.657258359753717158e+00,-1.761510619062899963e+00,-3.243502100226761109e-01,1.602200896550438902e-01,1.963179430382276103e-01,-4.443359884574697105e+00,-4.774635891594330772e+00,7.539636630969876130e+00,-3.652012811070219911e-01,3.959271879745286937e-01,2.227237875387420019e-01,-9.333714400675406253e+00,-9.986969348439913574e-01,2.466265439515272995e+00,-6.334593017300889084e-01,4.868800401012565726e-01,1.737441373316737092e-01
-1.002428351349617053e+01,1.737106163139108039e+00,2.091124276563509909e-01,-4.600716535197659773e-01,1.132502533800135019e-01,-1.571303786398192898e-03,-9.370960164132963399e+00,-2.199139429158115888e+00,-1.413167770177703009e+00,5.399970979833267765e-02,2.025454393806118969e-01,-1.090021132659981934e-01,-4.574611725440483667e+00,3.249189739899283058e+00,7.959792968807364311e+00,2.609563234524249764e-01,-1.296673185796137946e-02,-2.302284037367208214e-03,-9.816732659523275117e+00,2.911258359753718050e+00,-1.885510619062900961e+00,-3.165502100226760263e-01,1.758200896550436987e-01,2.058179430382275910e-01,-4.486359884574696366e+00,-4.749635891594330417e+00,7.438636630969877039e+00,-3.962012811070220741e-01,4.278271879745290107e-01,2.157237875387423010e-01,-9.327714400675406026e+00,-1.324696934843990981e+00,1.598265439515272890e+00,-4.945593017300888850e-01,4.801800401012564778e-01,1.212441373316737042e-01
-9.913283513496166321e+00,1.705106163139108011e+00,1.671124276563510924e-01,-5.321716535197659192e-01,2.085502533800134006e-01,2.728696213601777831e-03,-9.654960164132962319e+00,-2.249139429158113046e+00,-1.692167770177702035e+00,-3.800290201667166912e-03,2.067454393806121005e-01,-1.268021132659979955e-01,-4.572611725440488328e+00,3.446189739899284898e+00,7.959792968807364311e+00,2.464563234524251023e-01,-1.616673185796102877e-02,-3.502284037367520142e-03,-9.602732659523276482e+00,3.132258359753719024e+00,-2.005510619062901956e+00,-3.346502100226759757e-01,2.009200896550437931e-01,2.104179430382276117e-01,-4.629359884574697048e+00,-4.887635891594330317e+00,7.239636630969877196e+00,-4.306012811070218937e-01,4.517271879745293206e-01,2.196237875387420935e-01,-9.325714400675407134e+00,-1.470696934843991110e+00,1.202265439515272982e+00,-4.579593017300889191e-01,3.549800401012564999e-01,5.964413733167373000e-02
-9.761283513496167075e+00,1.597106163139107027e+00,-3.288757234364902970e-02,-6.170716535197658947e-01,3.079502533800134167e-01,5.228696213601780052e-03,-9.475960164132963826e+00,-2.554139429158113206e+00,-1.986167770177702963e+00,-2.010029020166737013e-02,1.974454393806119867e-01,-1.365021132659980097e-01,-4.591611725440486680e+00,3.550189739899284991e+00,7.923792968807364723e+00,2.126563234524256885e-01,-1.486673185796139052e-02,-8.202284037367224556e-03,-9.346732659523276254e+00,3.290258359753718054e+00,-2.196510619062900016e+00,-3.624502100226760781e-01,2.229200896550438127e-01,2.037179430382277112e-01,-4.777359884574700288e+00,-4.875635891594329863e+00,7.087636630969876173e+00,-4.700012811070219954e-01,4.724271879745289837e-01,2.224237875387427010e-01,-9.316714400675406793e+00,-1.567696934843991086e+00,1.153265439515273050e+00,-5.138593017300887578e-01,2.338800401012564867e-01,1.214413733167373985e-02
-9.736283513496164943e+00,1.245106163139108046e+00,-2.778875723436486922e-01,-7.053716535197659399e-01,3.668502533800133136e-01,2.782869621360178902e-02,-9.323960164132962802e+00,-2.399139429158112069e+00,-1.799167770177704018e+00,-7.300290201667002619e-03,1.572454393806120010e-01,-1.346021132659979969e-01,-4.472611725440486907e+00,3.516189739899286071e+00,8.011792968807363025e+00,1.723563234524254917e-01,-5.667318579609670337e-04,-1.280228403736760959e-02,-9.155732659523275530e+00,3.543258359753718167e+00,-2.201510619062900798e+00,-3.969502100226761088e-01,2.274200896550437889e-01,1.988179430382275015e-01,-4.867359884574696594e+00,-4.875635891594329863e+00,6.935636630969876926e+00,-4.981012811070217872e-01,4.756271879745285758e-01,2.313237875387423870e-01,-9.311714400675406011e+00,-1.637696934843990926e+00,1.377265439515273027e+00,-6.130593017300889347e-01,1.491800401012564892e-01,-3.185586266832624025e-02
-9.659283513496166762e+00,6.541061631391076325e-01,-6.058875723436489835e-01,-7.460716535197658983e-01,4.260502533800135105e-01,3.952869621360177721e-02,-9.339960164132961040e+00,-2.395139429158113842e+00,-1.794167770177703014e+00,-8.830029020166740850e-02,1.202454393806121069e-01,-1.337021132659980960e-01,-4.585611725440485564e+00,3.247189739899284167e+00,7.979792968807363884e+00,1.353563234524254866e-01,5.733268142038561166e-03,-1.302284037367317914e-03,-8.947732659523275345e+00,3.695258359753716970e+00,-2.261510619062899963e+00,-4.522502100226760136e-01,2.337200896550437890e-01,1.843179430382275996e-01,-4.955359884574697560e+00,-4.828635891594331042e+00,6.818636630969876045e+00,-5.158012811070218362e-01,4.708271879745292154e-01,2.206237875387425107e-01,-9.306714400675407006e+00,-1.537696934843991947e+00,1.856265439515272897e+00,-6.719593017300888871e-01,7.008004010125656880e-02,-6.985586266832621849e-02
-9.542283513496165881e+00,2.371061631391077895e-01,-1.003887572343648893e+00,-7.406716535197659379e-01,5.071502533800134049e-01,3.122869621360179967e-02,-9.034960164132961324e+00,-2.771139429158119061e+00,-2.226167770177703176e+00,-1.519002902016670931e-01,9.414543938061203932e-02,-1.203021132659980036e-01,-4.662611725440484634e+00,3.486189739899284046e+00,7.813792968807365291e+00,9.985632345242567709e-02,2.333268142038491966e-03,3.897715962632553044e-03,-8.719732659523275586e+00,3.668258359753718167e+00,-2.383510619062899849e+00,-4.932502100226758834e-01,2.301200896550437136e-01,1.503179430382272919e-01,-4.974359884574703017e+00,-4.893635891594331433e+00,6.720636630969877068e+00,-5.320012811070218284e-01,4.532271879745293219e-01,2.147237875387419948e-01,-9.306714400675407006e+00,-1.429696934843990963e+00,2.330265439515274206e+00,-7.048593017300888164e-01,2.780040101256541895e-03,-8.705586266832626707e-02
-9.644283513496166194e+00,5.210616313910731989e-02,-1.509887572343648898e+00,-7.496716535197659459e-01,5.698502533800133829e-01,3.202869621360177055e-02,-9.151960164132962205e+00,-2.703139429158114115e+00,-2.202167770177704043e+00,-9.820029020166698430e-02,4.524543938061186682e-02,-1.223021132659980054e-01,-4.627611725440488044e+00,3.544189739899283875e+00,7.824792968807365412e+00,5.955632345242545256e-02,-6.166731857961237594e-03,-6.902284037367589775e-03,-8.640732659523276737e+00,3.536258359753718050e+00,-2.532510619062901203e+00,-5.173502100226758937e-01,2.208200896550437942e-01,1.278179430382274107e-01,-5.013359884574697389e+00,-4.950635891594330928e+00,6.640636630969876997e+00,-5.298012811070220707e-01,4.372271879745293077e-01,1.955237875387423052e-01,-9.319714400675406907e+00,-1.341696934843991107e+00,2.473265439515274000e+00,-7.217593017300889535e-01,-6.311995989874352730e-02,-1.141558626683261968e-01
-9.864283513496165057e+00,-1.008938368608923025e-01,-2.113887572343648991e+00,-7.857716535197659669e-01,5.956502533800134280e-01,1.192869621360176033e-02,-9.168960164132961665e+00,-2.603139429158111806e+00,-2.302167770177704131e+00,-9.840029020166740636e-02,2.604543938061198993e-02,-1.191021132659982051e-01,-4.657611725440482076e+00,3.614189739899285048e+00,7.772792968807364922e+00,1.605632345242558046e-02,-1.956673185796109146e-02,-1.300228403736758062e-02,-8.666732659523276538e+00,3.471258359753717215e+00,-2.702510619062901132e+00,-5.082502100226757857e-01,1.947200896550438098e-01,1.088179430382276991e-01,-5.083359884574697674e+00,-4.986635891594331405e+00,6.572636630969877380e+00,-5.357012811070220870e-01,4.260271879745288204e-01,1.778237875387427003e-01,-9.308714400675405898e+00,-1.016696934843990929e+00,2.315265439515273194e+00,-6.868593017300888004e-01,-1.409199598987435076e-01,-1.393558626683261970e-01
-1.014228351349617085e+01,-2.468938368608926126e-01,-2.668887572343649150e+00,-8.065716535197658965e-01,5.686502533800135151e-01,5.128696213601791065e-03,-9.172960164132963001e+00,-2.793139429158117082e+00,-2.414167770177703787e+00,-1.212002902016671019e-01,1.354543938061202914e-02,-1.114021132659980956e-01,-4.657611725440482076e+00,3.791189739899284206e+00,7.806792968807363842e+00,-3.714367654757477766e-02,-2.646673185796100114e-02,-3.170228403736752298e-02,-8.690732659523275672e+00,3.458258359753716871e+00,-2.751510619062900176e+00,-4.996502100226757892e-01,1.745200896550437863e-01,8.321794303822738215e-02,-5.064359884574699322e+00,-5.143635891594331433e+00,6.485636630969875860e+00,-5.407012811070219804e-01,4.100271879745288062e-01,1.768237875387423941e-01,-9.310714400675406566e+00,-4.486969348439914795e-01,2.086265439515273101e+00,-6.247593017300887563e-01,-2.110199598987433922e-01,-1.772558626683261862e-01
-1.036128351349615961e+01,-3.278938368608925735e-01,-3.083887572343649186e+00,-7.802716535197659065e-01,4.746502533800133761e-01,-1.337130378639823057e-02,-9.281960164132961211e+00,-2.824139429158115888e+00,-2.133167770177703204e+00,-1.245002902016670021e-01,-1.355456061938808965e-02,-1.064021132659979940e-01,-4.608611725440482587e+00,3.473189739899282813e+00,7.943792968807364296e+00,-8.714367654757460002e-02,-2.356673185796153910e-02,-4.710228403736760328e-02,-8.754732659523275728e+00,3.503258359753716800e+00,-2.829510619062900911e+00,-4.843502100226759755e-01,1.655200896550436951e-01,6.401794303822727628e-02,-5.116359884574698924e+00,-5.211635891594331049e+00,6.443636630969876045e+00,-5.290012811070221588e-01,4.036271879745286228e-01,1.670237875387421134e-01,-9.327714400675406026e+00,6.730306515600847916e-02,1.748265439515273023e+00,-5.397593017300887919e-01,-2.327199598987435003e-01,-2.167558626683261935e-01
-1.036028351349617083e+01,-4.368938368608926148e-01,-3.135887572343648788e+00,-7.068716535197658857e-01,3.398502533800134007e-01,-2.437130378639823861e-02,-9.383960164132961523e+00,-2.891139429158116059e+00,-1.788167770177703009e+00,-1.538002902016671058e-01,-4.985456061938808858e-02,-8.760211326599809389e-02,-4.637611725440486055e+00,3.288189739899284092e+00,7.961792968807364979e+00,-1.290436765475745928e-01,-2.226673185796101961e-02,-4.850228403736744909e-02,-8.822732659523275345e+00,3.486258359753717784e+00,-2.861510619062900940e+00,-4.839502100226757975e-01,1.485200896550437910e-01,4.961794303822752994e-02,-5.131359884574698604e+00,-5.264635891594330985e+00,6.367636630969877309e+00,-5.140012811070220344e-01,3.812271879745293135e-01,1.584237875387425887e-01,-9.324714400675407688e+00,3.573030651560085147e-01,1.417265439515273062e+00,-4.542593017300888825e-01,-3.024199598987434845e-01,-2.201558626683262077e-01
-1.024028351349616983e+01,-5.908938368608924740e-01,-2.935887572343649055e+00,-5.938716535197658963e-01,1.858502533800135137e-01,-4.487130378639819783e-02,-9.212960164132962149e+00,-3.002139429158113160e+00,-1.380167770177703090e+00,-1.852002902016672004e-01,-7.825456061938806940e-02,-5.790211326599802727e-02,-4.646611725440486396e+00,3.061189739899283779e+00,7.934792968807363955e+00,-1.564436765475747115e-01,-2.076673185796095930e-02,-4.030228403736745707e-02,-8.935732659523274890e+00,3.396258359753717926e+00,-2.868510619062901057e+00,-4.859502100226757992e-01,9.902008965504371929e-02,3.221794303822766992e-02,-5.161359884574700629e+00,-5.317635891594330921e+00,6.344636630969875846e+00,-4.878012811070218113e-01,3.829271879745287932e-01,1.562237875387423869e-01,-9.326714400675406580e+00,5.423030651560090121e-01,1.388265439515272925e+00,-3.624593017300887787e-01,-4.164199598987434747e-01,-1.835558626683261862e-01
-1.019028351349616912e+01,-6.548938368608925309e-01,-2.497887572343648888e+00,-4.776716535197659264e-01,5.635025338001332235e-02,-5.417130378639822830e-02,-9.194960164132961467e+00,-3.142139429158114172e+00,-1.142167770177703989e+00,-2.160002902016673054e-01,-7.615456061938807863e-02,-3.760211326599804949e-02,-4.579611725440486225e+00,2.707189739899285019e+00,8.015792968807364360e+00,-1.773436765475744081e-01,-9.466731857961541152e-03,-2.570228403736729908e-02,-8.996732659523274833e+00,3.192258359753716856e+00,-2.764510619062900076e+00,-4.623502100226760114e-01,6.482008965504371112e-02,2.461794303822761876e-02,-5.156359884574698071e+00,-5.376635891594331085e+00,6.340636630969876286e+00,-4.517012811070220124e-01,3.781271879745293774e-01,1.476237875387421128e-01,-9.318714400675407461e+00,5.933030651560082802e-01,1.595265439515272998e+00,-3.041593017300888158e-01,-4.574199598987435111e-01,-1.138558626683262992e-01
-1.012528351349616962e+01,-7.358938368608924918e-01,-2.167887572343648817e+00,-3.926716535197659064e-01,-4.004974661998649682e-02,-6.927130378639823061e-02,-9.239960164132963172e+00,-3.092139429158117014e+00,-1.144167770177701993e+00,-2.567002902016671251e-01,-8.175456061938812802e-02,-3.500211326599810685e-02,-4.560611725440487874e+00,2.627189739899283172e+00,8.040792968807362939e+00,-1.740436765475746050e-01,-1.276673185796095913e-02,-1.000228403736747040e-02,-8.954732659523276794e+00,3.070258359753716970e+00,-2.686510619062901117e+00,-4.265502100226759019e-01,4.272008965504370259e-02,2.311794303822755844e-02,-5.113359884574698810e+00,-5.378635891594330865e+00,6.322636630969877380e+00,-4.286012811070221140e-01,3.925271879745286796e-01,1.404237875387419898e-01,-9.317714400675406239e+00,4.923030651560083015e-01,1.842265439515273995e+00,-3.027593017300889144e-01,-4.351199598987435246e-01,-2.495586266832621955e-02
-9.894283513496166194e+00,-8.138938368608923390e-01,-1.778887572343649026e+00,-3.400716535197659263e-01,-1.951497466199864916e-01,-7.747130378639821568e-02,-9.248960164132963513e+00,-2.809139429158114876e+00,-1.193167770177703924e+00,-2.405002902016671051e-01,-8.365456061938791876e-02,-3.630211326599819266e-02,-4.519611725440483951e+00,2.718189739899283808e+00,8.056792968807364730e+00,-1.563436765475745005e-01,-1.086673185796093941e-02,-2.002284037367462865e-03,-8.851732659523275260e+00,2.984258359753717116e+00,-2.623510619062900062e+00,-4.102502100226756987e-01,1.742008965504382098e-02,3.631794303822744041e-02,-5.160359884574702960e+00,-5.362635891594330850e+00,6.262636630969876883e+00,-4.007012811070219116e-01,3.782271879745290888e-01,1.349237875387422902e-01,-9.317714400675406239e+00,4.663030651560085005e-01,2.020265439515272821e+00,-3.122593017300888119e-01,-3.929199598987435094e-01,3.834413733167373745e-02
-9.668283513496167103e+00,-9.848938368608926019e-01,-1.376887572343648891e+00,-3.326716535197660196e-01,-2.841497466199865984e-01,-9.897130378639823478e-02,-9.286960164132963769e+00,-2.658139429158111966e+00,-1.293167770177702902e+00,-2.257002902016674029e-01,-7.275456061938800900e-02,-3.610211326599799264e-02,-4.500611725440485600e+00,2.837189739899284024e+00,8.056792968807364730e+00,-1.579436765475747961e-01,-4.566731857961414676e-03,-3.802284037367265057e-03,-8.786732659523275757e+00,2.860258359753717894e+00,-2.552510619062899888e+00,-3.820502100226756959e-01,3.720089655043778976e-03,4.461794303822764346e-02,-5.169359884574703301e+00,-5.388635891594330651e+00,6.208636630969876613e+00,-3.744012811070219215e-01,3.798271879745290236e-01,1.297237875387420025e-01,-9.314714400675406125e+00,5.643030651560083655e-01,1.766265439515273039e+00,-2.172593017300888107e-01,-3.231199598987434252e-01,8.254413733167376144e-02
-9.505283513496166847e+00,-1.179893836860891998e+00,-1.257887572343648896e+00,-2.791716535197659166e-01,-3.300497466199864838e-01,-1.073713037863981978e-01,-9.244960164132962177e+00,-2.535139429158113966e+00,-1.344167770177703947e+00,-2.239002902016671015e-01,-6.155456061938813228e-02,-3.440211326599817987e-02,-4.461611725440484122e+00,2.870189739899284831e+00,8.072792968807362968e+00,-1.418436765475745986e-01,-1.256673185796142005e-02,-1.020228403736745011e-02,-8.793732659523275430e+00,2.733258359753718114e+00,-2.490510619062900943e+00,-3.462502100226760859e-01,-2.479910344956203893e-03,6.731794303822757897e-02,-5.220359884574698128e+00,-5.396635891594330658e+00,6.208636630969876613e+00,-3.368012811070220103e-01,3.847271879745290946e-01,1.301237875387419862e-01,-9.322714400675407020e+00,6.763030651560084650e-01,1.301265439515272959e+00,2.404069826991106149e-02,-2.774199598987435178e-01,1.092441373316736936e-01
-9.378283513496166179e+00,-1.313893836860891895e+00,-1.108887572343649097e+00,-2.003716535197659077e-01,-3.688497466199865960e-01,-9.357130378639821888e-02,-9.250960164132962404e+00,-2.560139429158112989e+00,-1.315167770177704032e+00,-2.174002902016672067e-01,-4.725456061938793084e-02,-4.080211326599814115e-02,-4.418611725440484861e+00,2.685189739899283001e+00,8.096792968807363877e+00,-1.257436765475747897e-01,-1.066673185796141073e-02,-1.500228403736736035e-02,-8.843732659523276141e+00,2.612258359753716785e+00,-2.423510619062901217e+00,-3.175502100226759161e-01,-1.097991034495615983e-02,9.141794303822736723e-02,-5.191359884574701766e+00,-5.430635891594329578e+00,6.259636630969876769e+00,-3.058012811070219272e-01,3.879271879745286866e-01,1.294237875387427017e-01,-9.317714400675406239e+00,8.093030651560084721e-01,9.922654395152734619e-01,2.890406982699111893e-01,-2.757199598987434275e-01,1.421441373316736922e-01
-9.208283513496166250e+00,-1.338893836860892916e+00,-9.448875723436489515e-01,-1.563716535197658963e-01,-3.928497466199866173e-01,-6.707130378639819535e-02,-9.237960164132964280e+00,-2.639139429158114059e+00,-1.142167770177703989e+00,-1.963002902016670881e-01,-3.325456061938791841e-02,-4.700211326599811751e-02,-4.393611725440486282e+00,2.513189739899285957e+00,8.117792968807364673e+00,-9.034367654757469168e-02,-5.666731857961515573e-03,-2.820228403736723885e-02,-9.015732659523276737e+00,2.505258359753717912e+00,-2.372510619062901061e+00,-2.881502100226759899e-01,-9.079910344956143575e-03,1.303179430382273019e-01,-5.168359884574699414e+00,-5.450635891594330928e+00,6.326636630969876940e+00,-2.830012811070222178e-01,3.991271879745292850e-01,1.334237875387422889e-01,-9.318714400675407461e+00,6.113030651560089623e-01,9.522654395152734264e-01,4.277406982699111793e-01,-2.193199598987433940e-01,1.705441373316737008e-01
-9.033283513496165540e+00,-1.299893836860892993e+00,-7.008875723436487348e-01,-1.154716535197660016e-01,-4.055497466199866063e-01,-4.827130378639821195e-02,-9.244960164132962177e+00,-2.677139429158116979e+00,-9.481677701777027067e-01,-1.605002902016670063e-01,-1.625456061938801086e-02,-5.450211326599818662e-02,-4.368611725440487703e+00,2.411189739899285200e+00,8.128792968807363906e+00,-6.454367654757442452e-02,-1.026673185796144958e-02,-3.450228403736720767e-02,-9.232732659523275487e+00,2.513258359753718807e+00,-2.308510619062901004e+00,-2.595502100226760867e-01,-6.479910344956207879e-03,1.689179430382274916e-01,-5.181359884574696650e+00,-5.443635891594330367e+00,6.391636630969876443e+00,-2.703012811070220067e-01,4.231271879745293063e-01,1.490237875387422917e-01,-9.308714400675405898e+00,1.013030651560083012e-01,1.065265439515272972e+00,4.036406982699110024e-01,-9.781995989874348041e-02,2.021441373316738011e-01
-8.974283513496166265e+00,-1.175893836860891994e+00,-4.528875723436490142e-01,-8.577165351976590024e-02,-4.284497466199865823e-01,-2.977130378639819899e-02,-9.296960164132961779e+00,-2.722139429158112023e+00,-7.701677701777036589e-01,-1.621002902016673020e-01,3.045439380612080960e-03,-6.270211326599817170e-02,-4.332611725440486339e+00,2.224189739899284035e+00,8.164792968807365270e+00,-2.264367654757482029e-02,-1.667318579610110874e-04,-2.850228403736743132e-02,-9.467732659523274918e+00,2.444258359753717968e+00,-2.248510619062900062e+00,-2.489502100226758941e-01,4.020089655043745935e-03,2.091179430382275051e-01,-5.201359884574699777e+00,-5.467635891594330388e+00,6.450636630969875718e+00,-2.677012811070217935e-01,4.471271879745293276e-01,1.727237875387422072e-01,-9.292714400675407660e+00,-3.836969348439910887e-01,1.256265439515273030e+00,2.465406982699112071e-01,7.480040101256579810e-03,2.226441373316737915e-01
-8.945283513496164574e+00,-9.058938368608924208e-01,-1.028875723436488976e-01,-3.387165351976584304e-02,-4.807497466199865954e-01,-3.037130378639824047e-02,-9.356960164132964053e+00,-2.755139429158112829e+00,-7.851677701777024510e-01,-1.426002902016670071e-01,2.184543938061200841e-02,-7.370211326599807045e-02,-4.305611725440485316e+00,2.140189739899283961e+00,8.178792968807364616e+00,1.445632345242576014e-02,-1.466731857961534047e-03,-2.230228403736722945e-02,-9.672732659523276766e+00,2.392258359753717922e+00,-2.137510619062901185e+00,-2.483502100226759879e-01,2.692008965504366982e-02,2.572179430382273146e-01,-5.196359884574697219e+00,-5.479635891594330843e+00,6.514636630969875775e+00,-2.880012811070221113e-01,4.839271879745288274e-01,1.956237875387420999e-01,-9.294714400675406551e+00,-7.236969348439914462e-01,1.496265439515273021e+00,2.364069826991110901e-02,6.328004010125654055e-02,2.482441373316736921e-01
-8.903283513496166535e+00,-6.398938368608924065e-01,3.711124276563512736e-01,-8.671653519765953888e-03,-5.329497466199866196e-01,-4.647130378639823672e-02,-9.352960164132962717e+00,-2.735139429158116808e+00,-8.921677701777035452e-01,-1.229002902016672061e-01,3.274543938061191817e-02,-8.290211326599816744e-02,-4.351611725440484690e+00,2.308189739899284110e+00,8.142792968807363252e+00,6.115632345242528328e-02,-1.266731857961111984e-03,-1.810228403736724098e-02,-9.844732659523275586e+00,2.277258359753718153e+00,-2.020510619062899860e+00,-2.554502100226759276e-01,5.032008965504374681e-02,3.055179430382274908e-01,-5.118359884574701368e+00,-5.481635891594330623e+00,6.609636630969876414e+00,-3.034012811070220805e-01,5.222271879745292722e-01,2.169237875387421965e-01,-9.288714400675406324e+00,-7.276969348439914498e-01,1.937265439515273080e+00,-1.757593017300889127e-01,9.828004010125657164e-02,2.466441373316738128e-01
-8.976283513496166933e+00,-3.528938368608924847e-01,8.141124276563509454e-01,-8.871653519765931861e-03,-5.564497466199865849e-01,-6.097130378639820103e-02,-9.266960164132964195e+00,-2.648139429158113956e+00,-1.106167770177703957e+00,-1.098002902016669974e-01,5.814543938061200734e-02,-9.880211326599819266e-02,-4.415611725440484747e+00,2.475189739899284813e+00,8.108792968807364332e+00,9.665632345242514134e-02,2.233268142038725024e-03,-1.360228403736751975e-02,-9.942732659523276340e+00,2.223258359753717883e+00,-1.877510619062900954e+00,-2.743502100226757889e-01,8.122008965504368128e-02,3.520179430382274766e-01,-5.003359884574699379e+00,-5.538635891594331007e+00,6.687636630969875817e+00,-3.157012811070218916e-01,5.670271879745287791e-01,2.473237875387424012e-01,-9.284714400675406765e+00,-5.386969348439913929e-01,2.565265439515273194e+00,-3.066593017300888735e-01,1.530800401012565037e-01,2.389441373316736894e-01
-9.135283513496165853e+00,-1.298938368608925920e-01,1.234112427656351096e+00,-8.467165351976602139e-02,-5.208497466199866199e-01,-4.507130378639823132e-02,-9.384960164132962745e+00,-2.679139429158113206e+00,-1.304167770177703023e+00,-8.050029020166737936e-02,6.884543938061193913e-02,-1.127021132659979941e-01,-4.425611725440482758e+00,2.479189739899283040e+00,8.101792968807362882e+00,1.256563234524251116e-01,-5.666731857961515573e-03,-1.060228403736740085e-02,-9.958732659523274577e+00,2.303258359753717954e+00,-1.806510619062899892e+00,-2.706502100226759744e-01,1.008200896550437015e-01,3.968179430382274830e-01,-4.993359884574701368e+00,-5.463635891594330829e+00,6.714636630969876840e+00,-3.441012811070218724e-01,6.213271879745292381e-01,2.642237875387420942e-01,-9.287714400675406878e+00,-4.166969348439915066e-01,3.304265439515273961e+00,-4.047593017300887830e-01,2.156800401012564927e-01,2.054441373316737984e-01
-9.251283513496165511e+00,6.710616313910744424e-02,1.414112427656351034e+00,-2.040716535197659998e-01,-3.747497466199866123e-01,-1.207130378639820027e-02,-9.290960164132961552e+00,-2.663139429158114968e+00,-1.462167770177704051e+00,-4.960029020166700775e-02,8.114543938061191675e-02,-1.187021132659979994e-01,-4.416611725440482417e+00,2.697189739899283012e+00,8.108792968807364332e+00,1.449563234524254007e-01,-6.667318579616221541e-04,-2.040228403736720972e-02,-9.954732659523276794e+00,2.644258359753716814e+00,-1.781510619062901091e+00,-2.771502100226759246e-01,1.264200896550438102e-01,4.437179430382274248e-01,-5.233359884574696252e+00,-5.382635891594330424e+00,6.694636630969877267e+00,-3.662012811070218810e-01,6.676271879745288018e-01,2.891237875387426826e-01,-9.291714400675406438e+00,-3.356969348439914902e-01,3.831265439515273208e+00,-4.737593017300890108e-01,3.569800401012565017e-01,1.657441373316738131e-01
-9.334283513496165696e+00,4.261061631391078741e-01,1.555112427656351048e+00,-3.119716535197659124e-01,-1.609497466199865112e-01,2.342869621360177054e-02,-9.118960164132960955e+00,-2.807139429158112875e+00,-1.494167770177704080e+00,-1.000290201667030981e-03,9.144543938061189259e-02,-1.167021132659979976e-01,-4.413611725440482303e+00,2.809189739899284888e+00,8.090792968807363650e+00,1.529563234524254078e-01,-8.766731857961396202e-03,-3.320228403736757983e-02,-1.001273265952328018e+01,2.965258359753719208e+00,-1.759510619062901071e+00,-2.926502100226758274e-01,1.525200896550437946e-01,4.789179430382274893e-01,-5.275359884574697844e+00,-5.310635891594330360e+00,6.644636630969876556e+00,-4.027012811070220799e-01,7.251271879745289084e-01,3.101237875387425902e-01,-9.282714400675406097e+00,-4.746969348439912806e-01,3.813265439515272970e+00,-4.885593017300888796e-01,5.005800401012564516e-01,1.545441373316736866e-01
