-7.226617177897098898e+00,-3.414760669031782214e-01,4.664718609864436871e+00,8.426774044863380442e-02,9.080271066249782086e-01,-1.250167721123147946e-01,-9.664894084471406188e+00,1.041535865944650946e-01,-7.350319643479643617e-01,-1.298825061983532037e-01,1.472676632514808015e-01,-2.040583402952260081e-02,-3.903659689888733908e+00,-3.743655763658993996e-01,8.936722693058190004e+00,6.211335004557534158e-03,2.333847640763358176e-03,1.807949139821106097e-02,-9.756831317209183396e+00,-4.854365058826960733e-02,-1.473979887859184990e+00,-1.488953259584236133e-01,-2.065753069516944873e-01,-1.023420165743559040e-01,-9.756831317209183396e+00,-4.854365058826960733e-02,-1.473979887859184990e+00,-1.488953259584236133e-01,-2.065753069516944873e-01,-1.023420165743559040e-01,-7.717241670361646655e+00,-1.977599382400512917e+00,-2.582918303470089216e-01,3.799058901006074906e-01,-8.753530959774109554e-01,1.287058611225035121e-01
-7.238826206438276678e+00,-3.538505958772136251e-01,4.578925122129308356e+00,9.492156747311272791e-02,8.910650240063987537e-01,-1.186505566045761989e-01,-9.653707548337022715e+00,9.765922278165817261e-02,-8.163304657114004437e-01,-1.241791195949091958e-01,1.525396537867730884e-01,-4.731321958358913893e-02,-3.894613301424385998e+00,-2.843831134831301122e-01,8.971086863792681498e+00,1.155204886961127934e-02,7.903090708198079700e-05,1.815851218998432159e-02,-9.733558038979840177e+00,-1.192460074767128994e-02,-1.480787901739206047e+00,-1.574397683219904975e-01,-2.086366233951713056e-01,-7.526798647874054227e-02,-9.733558038979840177e+00,-1.192460074767128994e-02,-1.480787901739206047e+00,-1.574397683219904975e-01,-2.086366233951713056e-01,-7.526798647874054227e-02,-7.517810418116638971e+00,-1.981655491644970013e+00,-4.088894074824926950e-01,3.797214222056572996e-01,-8.595280155671111144e-01,1.379651065239234087e-01
-7.299199272572239217e+00,-3.058475573939000158e-01,4.613901623321010170e+00,1.140309662832182935e-01,8.771377619487992217e-01,-1.248863468295433043e-01,-9.658409294811079349e+00,9.194774894903118279e-02,-8.651567551260169742e-01,-1.146350135093033018e-01,1.604473682562022052e-01,-7.031111852578242338e-02,-3.870653141998960933e+00,-2.219988022676185890e-01,8.972441673278808594e+00,3.521620372469295903e-03,-1.028500720605865894e-03,1.713001236613255138e-02,-9.840292067754836225e+00,9.878433657131986678e-02,-1.390800130715202032e+00,-1.760688254727013902e-01,-2.097294297864726043e-01,-4.821760416854912329e-02,-9.840292067754836225e+00,9.878433657131986678e-02,-1.390800130715202032e+00,-1.760688254727013902e-01,-2.097294297864726043e-01,-4.821760416854912329e-02,-7.373318424300543406e+00,-2.010121166492448985e+00,-4.923965238069060169e-01,3.845455224124578186e-01,-8.063275985347266861e-01,1.438452714507663932e-01
-7.348188199170585300e+00,-3.051850795745850164e-01,4.674599632935503735e+00,1.248270129289301006e-01,9.011802824468476691e-01,-1.418296077462601890e-01,-9.625144421176965892e+00,9.116256926397073301e-02,-9.025619396186281840e-01,-1.074520063981209972e-01,1.685610537559202038e-01,-9.324056964139237902e-02,-3.893255366646688032e+00,-2.549959609654092740e-01,8.948933000510860936e+00,4.232939137446303270e-03,-9.296112994272862431e-03,1.297638270883791009e-02,-9.813917592379556964e+00,5.594812615042792786e-02,-1.363252759910523970e+00,-1.974054225104789062e-01,-2.169070090170203968e-01,-2.079600324282325149e-02,-9.813917592379556964e+00,5.594812615042792786e-02,-1.363252759910523970e+00,-1.974054225104789062e-01,-2.169070090170203968e-01,-2.079600324282325149e-02,-7.306154944962916176e+00,-2.065029180692250055e+00,-4.233029998212377021e-01,3.676244022445551152e-01,-7.270879468477811081e-01,1.417090242999655136e-01
-7.360896759013670909e+00,-3.172252947475076024e-01,4.627274799945107375e+00,1.302408857458960956e-01,8.762323219029646282e-01,-1.410101476238437013e-01,-9.705870243810837295e+00,6.339973737035066448e-02,-8.812957646385315424e-01,-1.022493102617802047e-01,1.759687416976498109e-01,-1.167382226595955058e-01,-3.905914303589061998e+00,-2.563554644584655762e-01,8.971532320954896278e+00,1.591352969274528132e-04,-1.064169448241925053e-02,1.590286509064619061e-02,-9.646442291984421047e+00,-1.112495775231295003e-01,-1.334307321465082019e+00,-1.989750714864843006e-01,-2.171577884488025134e-01,6.974682019579023576e-03,-9.646442291984421047e+00,-1.112495775231295003e-01,-1.334307321465082019e+00,-1.989750714864843006e-01,-2.171577884488025134e-01,6.974682019579023576e-03,-7.279662771708404811e+00,-2.136295557022095171e+00,-2.362160633064908921e-01,3.645878964305472869e-01,-6.763442894830132834e-01,1.390413385107769906e-01
-7.565747703336412222e+00,-3.053522830818534151e-01,4.662726427308729882e+00,1.408492144572996985e-01,8.874698871078090523e-01,-1.525842094125346993e-01,-9.784628837591307970e+00,1.580994584320421104e-03,-7.966432201456530304e-01,-8.528286824872922944e-02,1.840134134546154987e-01,-1.422326171302051023e-01,-3.941627062502361944e+00,-3.621295385074139173e-01,8.937183811184814530e+00,6.170153482666899773e-03,-1.170983722042892930e-02,1.293714068395110037e-02,-9.591041159327716059e+00,-1.626742409386525978e-01,-1.326628950452982014e+00,-1.893384566643349920e-01,-2.179260786480197998e-01,3.618427584967905813e-02,-9.591041159327716059e+00,-1.626742409386525978e-01,-1.326628950452982014e+00,-1.893384566643349920e-01,-2.179260786480197998e-01,3.618427584967905813e-02,-7.302052240861174326e+00,-2.138320506526889098e+00,3.031617077717143130e-02,3.743731528959245991e-01,-6.386055554071736751e-01,1.342322675714598956e-01
-7.652849775218646400e+00,-3.292593171270357111e-01,4.554893980680416732e+00,1.546877335527226116e-01,8.718321138188634967e-01,-1.537983877170046032e-01,-9.709639644366404809e+00,3.266038979789868263e-02,-7.788967215943132238e-01,-6.550367782899930991e-02,1.924886923622435020e-01,-1.715005586061384979e-01,-3.872484328452929780e+00,-2.604615775369795161e-01,8.959321246750754142e+00,9.493568860772559972e-03,-1.791898899436432033e-02,1.590245494824753941e-02,-9.578561394384319527e+00,-2.080696555959891947e-01,-1.281233500805623926e+00,-1.772173678438540012e-01,-2.175302445522284966e-01,6.825125638607276723e-02,-9.578561394384319527e+00,-2.080696555959891947e-01,-1.281233500805623926e+00,-1.772173678438540012e-01,-2.175302445522284966e-01,6.825125638607276723e-02,-7.316281175790393831e+00,-2.154573147205053996e+00,2.441480606794357022e-01,3.896851548346914051e-01,-6.038693615466520503e-01,1.310339684488600887e-01
-7.726273611403506436e+00,-3.295998871326447088e-01,4.529283977687290630e+00,1.664685998476813922e-01,8.452741226486384374e-01,-1.601335592954233056e-01,-9.608810707257312345e+00,1.033668441825024015e-01,-8.692645941320156222e-01,-6.530986368011515442e-02,2.036003540587703053e-01,-1.969835192907272992e-01,-3.799240116089109165e+00,-3.033599070689644850e-01,8.960233688354492188e+00,1.269799702229999945e-02,-2.227140091840297889e-02,1.910688397147932913e-02,-9.529465046610063439e+00,-1.908014193434698913e-01,-1.207995448072207045e+00,-1.572013339090939099e-01,-2.125143889510859030e-01,9.776129522374568670e-02,-9.529465046610063439e+00,-1.908014193434698913e-01,-1.207995448072207045e+00,-1.572013339090939099e-01,-2.125143889510859030e-01,9.776129522374568670e-02,-7.346759755856796303e+00,-2.195235450513168818e+00,2.340377325729046942e-01,4.021412465765241140e-01,-5.930120668775047399e-01,1.230204905523011039e-01
-7.775434667957617840e+00,-2.934886108824985018e-01,4.492835270371309697e+00,1.771635195536236940e-01,8.238399762068547849e-01,-1.612754159679825883e-01,-9.617052384419009670e+00,5.850552566467769749e-02,-9.562965953771236371e-01,-6.956852918335308666e-02,2.129218443594891874e-01,-2.152101786867265110e-01,-3.843519003534744183e+00,-2.699227342227050741e-01,8.948479927150906121e+00,1.487474495046575002e-02,-2.757353186559662050e-02,1.922666095197201122e-02,-9.600067811078190516e+00,4.300718981137475333e-02,-1.175890821603037040e+00,-1.409019879687765930e-01,-2.075455520250555908e-01,1.190529508850952933e-01,-9.600067811078190516e+00,4.300718981137475333e-02,-1.175890821603037040e+00,-1.409019879687765930e-01,-2.075455520250555908e-01,1.190529508850952933e-01,-7.417904569354143440e+00,-2.244140391036701931e+00,1.709802116091083957e-01,4.163940354779269160e-01,-5.773707120164963680e-01,1.176798649301041000e-01
-7.860364415681302397e+00,-2.809421414718972221e-01,4.540466431632750322e+00,1.888967390980013095e-01,8.330199272947215183e-01,-1.612903177738189975e-01,-9.593289442195425565e+00,-7.417876639104326042e-02,-1.005917847164154111e+00,-5.930483185015184705e-02,2.187615437367562976e-01,-2.288045624539715994e-01,-3.868843598549534857e+00,-1.862726976846766913e-01,8.924514974648570131e+00,7.753678402088313992e-03,-3.805811677904039764e-02,1.716940631562250894e-02,-9.791921566409397926e+00,3.110145667130855829e-01,-1.171910762786865012e+00,-1.489595224625258896e-01,-2.104713279822106875e-01,1.343306942708084040e-01,-9.791921566409397926e+00,3.110145667130855829e-01,-1.171910762786865012e+00,-1.489595224625258896e-01,-2.104713279822106875e-01,1.343306942708084040e-01,-7.546027141415761363e+00,-2.240016389735466795e+00,1.058256208593349040e-01,4.208502471446990967e-01,-5.398272845533587105e-01,1.123397014920703985e-01
-7.933780719363500822e+00,-2.566992469509625785e-01,4.541153907775878906e+00,1.953808054770498071e-01,8.700140820242964201e-01,-1.697151838924355893e-01,-9.504660879071902713e+00,-1.701052421383281998e-01,-1.008308389207305034e+00,-4.571065567667469132e-02,2.271661840910401131e-01,-2.369192337792981051e-01,-3.881501088263846988e+00,-2.418825120862888867e-01,8.911857705682031394e+00,2.334531211626448936e-03,-5.079533055121440710e-02,1.297636240821832022e-02,-9.995193936064250551e+00,2.507986944422498921e-01,-1.180136530202777090e+00,-1.599197182069969914e-01,-2.226379947957171923e-01,1.525345718134261119e-01,-9.995193936064250551e+00,2.507986944422498921e-01,-1.180136530202777090e+00,-1.599197182069969914e-01,-2.226379947957171923e-01,1.525345718134261119e-01,-7.714821185831313599e+00,-2.278657923461258061e+00,1.117150071590212040e-01,4.201431583613634002e-01,-4.965270110591339936e-01,1.084132459499567019e-01
-8.103287707518846972e+00,-2.322875202869341127e-01,4.517086228014609794e+00,1.965240181583335077e-01,8.589578024727364536e-01,-1.719414474761823131e-01,-9.639131666007944688e+00,-2.743579946485993903e-01,-9.317703366996719083e-01,-3.210650172676286773e-02,2.353512630330056032e-01,-2.403332591056824008e-01,-3.917212459352307885e+00,-3.381699270423482173e-01,8.934910273530579872e+00,3.164659667763471042e-03,-6.258309904605618978e-02,1.590286509064619061e-02,-1.003422581601749997e+01,-7.185539664073867239e-02,-1.208792295419923946e+00,-1.422078899899014981e-01,-2.354317856867914893e-01,1.735472983035664940e-01,-1.003422581601749997e+01,-7.185539664073867239e-02,-1.208792295419923946e+00,-1.422078899899014981e-01,-2.354317856867914893e-01,1.735472983035664940e-01,-7.938568788617316407e+00,-2.317387590759909965e+00,2.804889929673027860e-01,4.146344068107761238e-01,-4.828192111137153963e-01,1.107340594376897969e-01
-8.226055338635422487e+00,-2.078727571302295130e-01,4.540807003799122832e+00,1.849565175454921107e-01,8.514200700776002328e-01,-1.761836840752540878e-01,-9.900295113009354608e+00,-3.556181764827008873e-01,-8.724284480878996551e-01,-1.145315342280509019e-02,2.342049835426006921e-01,-2.443252376341175924e-01,-3.906825209493964834e+00,-3.418073058128356934e-01,8.971072975230953261e+00,1.451494370686227074e-02,-6.404894568063257410e-02,2.116335388647293952e-02,-9.948260230036558127e+00,-1.870942407931905083e-01,-1.294758241541619004e+00,-1.029459585316948034e-01,-2.457416763293608919e-01,1.985074510321943875e-01,-9.948260230036558127e+00,-1.870942407931905083e-01,-1.294758241541619004e+00,-1.029459585316948034e-01,-2.457416763293608919e-01,1.985074510321943875e-01,-8.164543258782220647e+00,-2.311236599625935195e+00,5.123296916812876134e-01,4.012953220813815225e-01,-4.733577727867153140e-01,1.098342505743176017e-01
-8.396243173151761496e+00,-2.436230782565823039e-01,4.372700143467673328e+00,1.795253880511749056e-01,8.249929140612881628e-01,-1.699273797670186048e-01,-9.895236795709749344e+00,-1.927645043234602895e-01,-9.530521749839977463e-01,-1.426247295328271015e-03,2.316472967770797087e-01,-2.533683546616797844e-01,-3.812348164969988851e+00,-2.712916153110014883e-01,8.960688498700537963e+00,2.009583783177762081e-02,-6.408886611461639404e-02,2.547637189257588933e-02,-9.830180007761729399e+00,-2.201488791072965957e-03,-1.330606937408447044e+00,-7.570478733036317687e-02,-2.582322869230045947e-01,2.180135758005060931e-01,-9.830180007761729399e+00,-2.201488791072965957e-03,-1.330606937408447044e+00,-7.570478733036317687e-02,-2.582322869230045947e-01,2.180135758005060931e-01,-8.280653231918742918e+00,-2.321528410279885879e+00,7.972014037775165818e-01,3.806411110414946730e-01,-4.827753386568598981e-01,1.165862898316682994e-01
-8.591187344674002802e+00,-2.200863662986524971e-01,4.322126895048150175e+00,1.826069319136054969e-01,7.982926165937049845e-01,-1.656247076816723118e-01,-9.738231964414120867e+00,-5.372132857513404330e-02,-1.060428097525536018e+00,-2.073049209911803983e-02,2.369167186313151097e-01,-2.589905072824397192e-01,-3.785207550427709844e+00,-2.098070235223694902e-01,8.995487955763019627e+00,1.926658145556960078e-02,-6.306064151190284017e-02,2.255086516266509994e-02,-9.831450853479623220e+00,2.910181104152617104e-01,-1.248380435868158944e+00,-7.878287366023445371e-02,-2.627643644809722900e-01,2.289987453095007897e-01,-9.831450853479623220e+00,2.910181104152617104e-01,-1.248380435868158944e+00,-7.878287366023445371e-02,-2.627643644809722900e-01,2.289987453095007897e-01,-8.311113058696694367e+00,-2.264529534382388132e+00,1.029228502338016993e+00,3.651400125612678238e-01,-4.961792826423629954e-01,1.301179545174729058e-01
-8.762421806322754136e+00,-2.558211073494898180e-01,4.309391282026798109e+00,1.868635314432924022e-01,7.694872585374995522e-01,-1.687205918071273958e-01,-9.755376220130896670e+00,-2.157396447768394898e-01,-1.012361381448491970e+00,-4.401006907678575025e-02,2.418294620547483120e-01,-2.580637194642517174e-01,-3.866552871004838021e+00,-2.897836382548991119e-01,8.973354267329359146e+00,2.231132660177476829e-02,-6.096427850673215298e-02,2.551577095546999144e-02,-9.941812032501600171e+00,4.892961079502448074e-01,-1.167424900666343079e+00,-1.005808883608265009e-01,-2.764327784216573103e-01,2.375431938382250030e-01,-9.941812032501600171e+00,4.892961079502448074e-01,-1.167424900666343079e+00,-1.005808883608265009e-01,-2.764327784216573103e-01,2.375431938382250030e-01,-8.366102186769618143e+00,-2.223877111501094017e+00,1.184004093122805967e+00,3.581922129168487179e-01,-4.755719949261382196e-01,1.422200554939629935e-01
-8.837090714919035861e+00,-2.563554644584655762e-01,4.261096172435309803e+00,1.974514791950834902e-01,7.322267878073883685e-01,-1.645571172649409886e-01,-9.804163510654134939e+00,-4.411182327990462726e-01,-9.334616246082449997e-01,-4.315087340411639938e-02,2.445350273322033918e-01,-2.578514556944583869e-01,-3.904995585501033872e+00,-4.104737280792301046e-01,8.972441673278808594e+00,3.271200929352489212e-02,-6.499678959158597391e-02,3.077599993000625089e-02,-1.006786673995572912e+01,3.398196079119222834e-01,-1.098169388950511971e+00,-1.082317334143430981e-01,-2.988847758424508227e-01,2.482460571354740131e-01,-1.006786673995572912e+01,3.398196079119222834e-01,-1.098169388950511971e+00,-1.082317334143430981e-01,-2.988847758424508227e-01,2.482460571354740131e-01,-8.398573063870060196e+00,-2.162845281735987779e+00,1.255227657183080048e+00,3.546250760555266779e-01,-4.328393047810700223e-01,1.552234439115154074e-01
-8.778013207396053730e+00,-3.766480838785523089e-01,4.284442335412982139e+00,1.933971079790280934e-01,6.864211599123642982e-01,-1.655473254518025905e-01,-9.732543659564186100e+00,-4.842197022989772059e-01,-1.002650796901733088e+00,-3.182965552685364241e-02,2.511585542628664847e-01,-2.570669390428054757e-01,-3.953367334997964999e+00,-3.680535353495105744e-01,8.984190862726933346e+00,4.339343811639503889e-02,-7.132552951169941757e-02,3.200437071200514655e-02,-1.013238991327602001e+01,1.126274716985884994e-01,-1.090691587050073963e+00,-8.486682743989870659e-02,-3.159087182128840210e-01,2.614331723297053101e-01,-1.013238991327602001e+01,1.126274716985884994e-01,-1.090691587050073963e+00,-8.486682743989870659e-02,-3.159087182128840210e-01,2.614331723297053101e-01,-8.483913792409278898e+00,-2.099788996579551092e+00,1.320299259134043002e+00,3.560357869876630277e-01,-3.982731402606832782e-01,1.635928354911375115e-01
-8.729018293868437084e+00,-4.505866005013657860e-01,4.284798622131347656e+00,1.933347582817077914e-01,6.573390304996499234e-01,-1.802949925533242903e-01,-9.720352479267656776e+00,-4.402790979443607089e-01,-1.091343752158584923e+00,-2.022288742590136121e-02,2.584206681570759834e-01,-2.507295107962044245e-01,-3.861226324507852858e+00,-2.957428691826239908e-01,8.984648704528808594e+00,4.482188161118334790e-02,-7.362155013772297973e-02,2.896096702023390895e-02,-1.011969348899657994e+01,8.170771634676367301e-02,-1.123324860808669889e+00,-5.068752602223426662e-02,-3.247596058580610734e-01,2.738800935725707042e-01,-1.011969348899657994e+01,8.170771634676367301e-02,-1.123324860808669889e+00,-5.068752602223426662e-02,-3.247596058580610734e-01,2.738800935725707042e-01,-8.628356003843682842e+00,-2.026561825708438125e+00,1.403718601645725039e+00,3.651072323955494858e-01,-3.765743921206792244e-01,1.715963867201049098e-01
-8.668154993400335684e+00,-4.877569391043417024e-01,4.284798622131347656e+00,1.870202300658742878e-01,6.400721348166816815e-01,-1.868315162548501995e-01,-9.760226035963384561e+00,-4.443491632122397172e-01,-1.122267053814806070e+00,-1.032547460115361936e-02,2.590614708013422862e-01,-2.432529272865154024e-01,-3.775303915236491115e+00,-2.459859701948730049e-01,9.019892326406749206e+00,4.691809596239397695e-02,-7.061837142663184019e-02,2.678410335206761125e-02,-1.011594813583785957e+01,1.962809157731223997e-01,-1.110633082538136973e+00,-2.370090535656524042e-02,-3.369208708983383871e-01,2.870669355316777249e-01,-1.011594813583785957e+01,1.962809157731223997e-01,-1.110633082538136973e+00,-2.370090535656524042e-02,-3.369208708983383871e-01,2.870669355316777249e-01,-8.762622963997625192e+00,-1.957347373808584035e+00,1.454832808213299966e+00,3.765036550947049032e-01,-3.468576287550311221e-01,1.806929612420671016e-01
-8.655230562436386776e+00,-5.364007901080389829e-01,4.381007783470607819e+00,1.848212860121276058e-01,6.177224758323475173e-01,-1.890304456286739931e-01,-9.793586144249559311e+00,-5.379273677888554150e-01,-1.152376064232417008e+00,-6.480260917376125425e-03,2.579933847837185268e-01,-2.337828580684924995e-01,-3.866059542404129967e+00,-2.324015789680896893e-01,9.009524628705012361e+00,4.494286845746318926e-02,-7.049775868654251099e-02,2.567587858172052165e-02,-1.018568121855891917e+01,3.591995497052479225e-01,-1.041140550750375038e+00,-1.314592967918585924e-02,-3.576268856792771955e-01,2.951997100803342988e-01,-1.018568121855891917e+01,3.591995497052479225e-01,-1.041140550750375038e+00,-1.314592967918585924e-02,-3.576268856792771955e-01,2.951997100803342988e-01,-8.904949340952157399e+00,-1.922595694180458059e+00,1.383740118983703971e+00,3.854130925052727252e-01,-3.165483184605151212e-01,1.805292914024969886e-01
-8.799362317879749540e+00,-5.250995855910071120e-01,4.502719187699888437e+00,1.921555869742899991e-01,6.458012021265454594e-01,-1.985327504304391921e-01,-9.907508242104341889e+00,-7.136994971366021900e-01,-1.149130247702111030e+00,3.629077712147112198e-03,2.589185889660128859e-01,-2.210372838830728104e-01,-3.916732556931007192e+00,-2.554335023194964083e-01,8.985570674545632741e+00,4.589001990852833307e-02,-6.844213292006492977e-02,2.357992396179225958e-02,-1.022581366938512026e+01,4.643531730023051085e-01,-1.021431371312158110e+00,-1.678248497390584862e-02,-3.717773778634174131e-01,2.962261171091020162e-01,-1.022581366938512026e+01,4.643531730023051085e-01,-1.021431371312158110e+00,-1.678248497390584862e-02,-3.717773778634174131e-01,2.962261171091020162e-01,-9.075990707029321314e+00,-1.953184485435486062e+00,1.255636062280905962e+00,3.909296606622401082e-01,-3.095620376198939261e-01,1.728888817515825127e-01
-8.885709945056680326e+00,-5.850413488270637119e-01,4.324162767254771111e+00,1.954230618060328883e-01,6.462294459342956543e-01,-2.039362606460758121e-01,-9.888852725441616087e+00,-7.666474216971955746e-01,-1.134469650552264008e+00,2.733867765674668007e-02,2.601298254938901877e-01,-2.091453115084326020e-01,-3.895086669104056210e+00,-2.915902365860645884e-01,8.984648704528808594e+00,4.901339619794881086e-02,-6.836146116256713867e-02,2.658229268530403963e-02,-1.030375132216470035e+01,4.882961213588715155e-01,-1.058287504234499021e+00,-2.857281711177601935e-02,-3.770766911281419054e-01,2.987526830531850863e-01,-1.030375132216470035e+01,4.882961213588715155e-01,-1.058287504234499021e+00,-2.857281711177601935e-02,-3.770766911281419054e-01,2.987526830531850863e-01,-9.179817230959031349e+00,-1.953184485435486062e+00,1.113033275664065957e+00,3.976895434698933807e-01,-3.228929396842725730e-01,1.597077870751978101e-01
-8.983186068073395703e+00,-6.460782367100913470e-01,4.213199518243288644e+00,1.912624437859805904e-01,6.051955477158594832e-01,-2.029640763002331927e-01,-9.766742806390077192e+00,-5.941582019481954635e-01,-1.193044340795123892e+00,4.322410010599562341e-02,2.610544847966034254e-01,-1.990343731320592113e-01,-3.835437357883483056e+00,-2.694879705730122144e-01,9.008138625364210839e+00,5.016247449939639780e-02,-6.527843629236533551e-02,2.362066996510341077e-02,-1.032323998280712019e+01,4.554347216045446234e-01,-1.082466872465011054e+00,-4.389522798692205297e-02,-3.824373939599419736e-01,2.972741652149923919e-01,-1.032323998280712019e+01,4.554347216045446234e-01,-1.082466872465011054e+00,-4.389522798692205297e-02,-3.824373939599419736e-01,2.972741652149923919e-01,-9.253059939539845402e+00,-1.955193790708356971e+00,1.088165131845624023e+00,4.064103425899419086e-01,-3.389810162096830171e-01,1.506221088403534025e-01
-9.068799428083050174e+00,-6.349709037627470076e-01,4.139424925909830577e+00,1.796277640365961936e-01,5.951047075704017919e-01,-2.071556058863193994e-01,-9.804943258167609699e+00,-4.524973199528645185e-01,-1.256539131590183045e+00,3.980966414181062729e-02,2.632624129090649912e-01,-1.888523085328203122e-01,-3.727434440594727949e+00,-2.568195119879698174e-01,9.056036631917274704e+00,4.917540249262045138e-02,-5.899175448166978086e-02,1.733398994624721010e-02,-1.029061107054405966e+01,3.408884592220773890e-01,-9.385918007636155913e-01,-3.691522607673292794e-02,-3.938776013778528817e-01,3.001897291791055244e-01,-1.029061107054405966e+01,3.408884592220773890e-01,-9.385918007636155913e-01,-3.691522607673292794e-02,-3.938776013778528817e-01,3.001897291791055244e-01,-9.326295456446256793e+00,-1.965391874313354048e+00,1.236802280521356101e+00,4.160224472943911955e-01,-3.270711575147361994e-01,1.440383543030455959e-01
-9.190330749802789967e+00,-5.987160186000829443e-01,4.066171875166046945e+00,1.752407933976307952e-01,5.939063260351065132e-01,-2.145847636443707074e-01,-9.903419915798439277e+00,-4.906869792764271265e-01,-1.246805313636996981e+00,3.026911093869150832e-02,2.633345340666132794e-01,-1.782436792934727898e-01,-3.734999683866667919e+00,-2.211300813536110910e-01,9.057892799377441406e+00,4.913479834794998169e-02,-4.641924566855949730e-02,1.914517930509163079e-02,-1.024577832865865012e+01,2.272673807432689930e-01,-8.585118461430309988e-01,-6.540268999197207736e-03,-4.135119769105711773e-01,3.109103146571898235e-01,-1.024577832865865012e+01,2.272673807432689930e-01,-8.585118461430309988e-01,-6.540268999197207736e-03,-4.135119769105711773e-01,3.109103146571898235e-01,-9.405551166212136494e+00,-1.959372562746847901e+00,1.340470377201308905e+00,4.249325021986953832e-01,-3.118991553783416748e-01,1.360354323724081993e-01
-9.288334266529810535e+00,-5.500830340666145180e-01,4.004965669638304249e+00,1.657105453039698917e-01,5.749587848237143195e-01,-2.083872404051523020e-01,-9.909200577764586626e+00,-5.891662034353067900e-01,-1.243502083987962914e+00,2.357157314062485048e-02,2.602747920173453244e-01,-1.654989317652663938e-01,-3.794174004992764804e+00,-2.432167226543074934e-01,9.022667752738128044e+00,4.297038938714734663e-02,-3.360153428248820184e-02,1.922666095197201122e-02,-1.017231093463809977e+01,2.856644845915279896e-01,-8.627315009793927736e-01,2.618192644867067126e-02,-4.215689069389748078e-01,3.194155790564102149e-01,-1.017231093463809977e+01,2.856644845915279896e-01,-8.627315009793927736e-01,2.618192644867067126e-02,-4.215689069389748078e-01,3.194155790564102149e-01,-9.509398813438121323e+00,-1.930776144868584066e+00,1.468732462500647040e+00,4.299221262679122080e-01,-3.155859883662924803e-01,1.255295164368120109e-01
-9.361962249071158482e+00,-4.772046057748484116e-01,3.967963972251618010e+00,1.581997946581971126e-01,5.357441705131849030e-01,-1.998738285071595955e-01,-9.806685613230808229e+00,-6.063369744201226874e-01,-1.309397146159176017e+00,1.446566359555808041e-02,2.559300933359405228e-01,-1.501204423125712950e-01,-3.808244186856474034e+00,-1.502141968804449057e-01,9.009529375505032078e+00,4.169851053874276681e-02,-3.208517913143420219e-02,1.922666095197201122e-02,-1.018541311451770071e+01,4.445710377375509115e-01,-8.749378386264601293e-01,4.062844378070047668e-02,-4.161698296389598206e-01,3.236681939460672175e-01,-1.018541311451770071e+01,4.445710377375509115e-01,-8.749378386264601293e-01,4.062844378070047668e-02,-4.161698296389598206e-01,3.236681939460672175e-01,-9.564586573010794623e+00,-1.942983020197134092e+00,1.564381660693803022e+00,4.336529807922996915e-01,-3.380161500935179864e-01,1.162676293224606944e-01
-9.531357357020750598e+00,-4.400289876389623100e-01,3.955386256463667927e+00,1.601893614215184058e-01,5.751082778709365462e-01,-2.050023549698264114e-01,-9.747196673065268158e+00,-5.965034210253170599e-01,-1.372088365971043000e+00,-1.628129081708794973e-03,2.537213993846080817e-01,-1.345244215344338912e-01,-3.820449962790516185e+00,-1.464888453483582098e-01,9.009063720703125000e+00,4.063049327588318799e-02,-2.896262307383256143e-02,1.819938976323843063e-02,-1.030392978683351046e+01,5.744089526636930731e-01,-8.789330124855041504e-01,3.554066254948568676e-02,-4.018768130306152875e-01,3.304651301722312251e-01,-1.030392978683351046e+01,5.744089526636930731e-01,-8.789330124855041504e-01,3.554066254948568676e-02,-4.018768130306152875e-01,3.304651301722312251e-01,-9.515952372026028172e+00,-1.939161282591616908e+00,1.643805284135108069e+00,4.391840321173499095e-01,-3.571119452218671775e-01,1.103698022175280957e-01
-9.497927395464074607e+00,-4.394665062427520752e-01,3.726850086880083790e+00,1.454996914148299902e-01,5.578543613696395065e-01,-2.061359861527821968e-01,-9.782155723981960094e+00,-6.453296984395673341e-01,-1.391644001007080078e+00,-1.110644034680820062e-02,2.501648104746281853e-01,-1.226302588819176004e-01,-3.797436813940711975e+00,-1.464888453483582098e-01,9.009063720703125000e+00,3.853508737319732286e-02,-2.883999049663544048e-02,1.815851218998432159e-02,-1.041756338678309035e+01,6.432128095312520388e-01,-8.543010547663694165e-01,2.270480498130832830e-02,-3.991565760875899205e-01,3.382911534471425008e-01,-1.041756338678309035e+01,6.432128095312520388e-01,-8.543010547663694165e-01,2.270480498130832830e-02,-3.991565760875899205e-01,3.382911534471425008e-01,-9.410093733859431708e+00,-1.855714311142607098e+00,1.692633913662801914e+00,4.393758191641872757e-01,-3.555675762060980793e-01,1.130318574251674979e-01
-9.485342872260275726e+00,-4.274497357500234851e-01,3.615106966711258973e+00,1.326504767677260110e-01,4.818674151546195050e-01,-2.093069410466756874e-01,-9.837504479192919149e+00,-6.770952215758703208e-01,-1.351827730841961950e+00,-1.331547725825540929e-02,2.477375482038784993e-01,-1.125192257398772988e-01,-3.819979662048698987e+00,-1.582275148212687887e-01,9.020802031951205890e+00,3.331765311398351276e-02,-2.575859065555845956e-02,1.815851218998432159e-02,-1.049879796262039022e+01,5.524678215483671551e-01,-8.176803828903301818e-01,7.382689655223871258e-03,-3.955267074775891123e-01,3.493598167995765058e-01,-1.049879796262039022e+01,5.524678215483671551e-01,-8.176803828903301818e-01,7.382689655223871258e-03,-3.955267074775891123e-01,3.493598167995765058e-01,-9.338663101196289062e+00,-1.784478263640705942e+00,1.733451247215270996e+00,4.345780759000577032e-01,-3.343986503034925839e-01,1.176714347495401991e-01
-9.449097508337811036e+00,-4.633140002982196193e-01,3.673482939400634972e+00,1.261407220303333021e-01,4.543764987945433931e-01,-2.135633722533339107e-01,-9.909080078518528012e+00,-6.949892169028867306e-01,-1.294817554375494950e+00,-1.139772385699727025e-02,2.508689943893182006e-01,-1.053218610101254032e-01,-3.809180151435151984e+00,-2.056446629011965122e-01,8.997797254256976629e+00,3.516657733959577259e-02,-2.255455644639859855e-02,2.329349740896253032e-02,-1.061308192462206001e+01,4.348307388563947828e-01,-6.743430172483120266e-01,7.164369501878217229e-03,-3.902052092472845235e-01,3.679228587826799957e-01,-1.061308192462206001e+01,4.348307388563947828e-01,-6.743430172483120266e-01,7.164369501878217229e-03,-3.902052092472845235e-01,3.679228587826799957e-01,-9.342669251296824129e+00,-1.727442080746016906e+00,1.725439025256265024e+00,4.271003926256531913e-01,-3.145447093027892160e-01,1.187396728805935053e-01
-9.352396033201726411e+00,-4.398477434783957252e-01,3.686445116127070154e+00,1.123723481181839040e-01,4.287275618480290151e-01,-2.146810393021870988e-01,-9.944183603377314995e+00,-6.284289433970489114e-01,-1.304520342668284094e+00,-1.053519414194976044e-02,2.511610161166452082e-01,-1.036103367805480957e-01,-3.750024582750053792e+00,-2.075258493423461914e-01,9.020330066749272291e+00,4.038383464218787966e-02,-2.243110351264477123e-02,3.068819255851823122e-02,-1.054214290686283917e+01,2.632983081592117913e-01,-6.760388658068696710e-01,1.607759378760332050e-02,-3.866510578358228201e-01,3.943126706460837183e-01,-1.054214290686283917e+01,2.632983081592117913e-01,-6.760388658068696710e-01,1.607759378760332050e-02,-3.866510578358228201e-01,3.943126706460837183e-01,-9.345062432750578907e+00,-1.686820314776513063e+00,1.694630437961188951e+00,4.203247838122871061e-01,-3.236315573255221234e-01,1.203331695168570054e-01
-9.350871086120605469e+00,-4.634969516697939884e-01,3.698651058030284045e+00,1.026935342889535030e-01,4.199166285019745870e-01,-2.231083671864788065e-01,-9.850714895704497209e+00,-4.461671693533795779e-01,-1.364716425133678968e+00,-2.624837886131976133e-02,2.513655838687726130e-01,-1.046051973018258946e-01,-3.782879501607892880e+00,-1.371125962023055922e-01,9.021270751953125000e+00,4.469705630476687730e-02,-1.626994260943806850e-02,3.713744706117236283e-02,-1.047795203741237913e+01,6.399785237963520612e-02,-7.326520125005090422e-01,4.579856363002964004e-02,-3.935011259369428083e-01,4.274591301835697910e-01,-1.047795203741237913e+01,6.399785237963520612e-02,-7.326520125005090422e-01,4.579856363002964004e-02,-3.935011259369428083e-01,4.274591301835697910e-01,-9.245205924740737657e+00,-1.627786044807145949e+00,1.761670599990170061e+00,4.157193429786203986e-01,-3.242610001913430184e-01,1.235548838377990982e-01
-9.290802740797440507e+00,-4.638813138008118231e-01,3.626761132496259865e+00,9.518382208140271916e-02,4.145261101604926779e-01,-2.263964860506129939e-01,-9.709080657900393874e+00,-3.645440306780082795e-01,-1.426588100873140919e+00,-5.309718571060693254e-02,2.557112689621238166e-01,-1.042545362582252971e-01,-3.713882033787076153e+00,-1.812233782721004993e-01,9.021270751953125000e+00,4.280849908518138264e-02,-1.396850769322688021e-02,3.738517314195632935e-02,-1.048215906862960978e+01,-8.207025058392037470e-03,-7.036164972150991126e-01,8.962706577164419874e-02,-4.023777868158073812e-01,4.648608859996580245e-01,-1.048215906862960978e+01,-8.207025058392037470e-03,-7.036164972150991126e-01,8.962706577164419874e-02,-4.023777868158073812e-01,4.648608859996580245e-01,-9.196381274456252086e+00,-1.572961135699207924e+00,1.843317866325377974e+00,4.036209430532216036e-01,-2.941989686723495145e-01,1.222939040307746972e-01
-9.253793277437724285e+00,-5.119358556611197653e-01,3.625598669052124023e+00,8.139964287716244806e-02,3.734448353449503211e-01,-2.232937581009334926e-01,-9.672261551188459094e+00,-5.611155582621691895e-01,-1.452680945396422896e+00,-6.025841028884799250e-02,2.604069922395449987e-01,-1.015477319851539051e-01,-3.746257034559099086e+00,-2.183174948874218035e-01,9.021270751953125000e+00,4.375276898729667241e-02,-1.285906693327330992e-02,4.046573684275669297e-02,-1.056001341243750069e+01,3.702844553681310796e-02,-6.836146116256713867e-01,1.233470792108883052e-01,-4.112902206311407904e-01,5.090550652855445612e-01,-1.056001341243750069e+01,3.702844553681310796e-02,-6.836146116256713867e-01,1.233470792108883052e-01,-4.112902206311407904e-01,5.090550652855445612e-01,-9.149552935570131496e+00,-1.493510878194421077e+00,1.835318143932612056e+00,3.904352937154513814e-01,-2.615575867533516119e-01,1.258482679764744983e-01
-9.181138772352944954e+00,-5.127109289169311523e-01,3.625598669052124023e+00,6.436229445985257314e-02,3.412518390128573831e-01,-2.242939496248612941e-01,-9.710568267730451453e+00,-8.023191198636041577e-01,-1.452680945396422896e+00,-3.202693002955919743e-02,2.618436346727424091e-01,-9.891423461795417760e-02,-3.841532754568544039e+00,-2.197332531213760098e-01,8.962608306646529854e+00,4.892701950827185731e-02,-1.897732621392066860e-02,3.853643341082912954e-02,-1.065346419109300058e+01,1.677080271365020969e-01,-7.000255176670662216e-01,1.381941564110261977e-01,-4.223391046691294948e-01,5.589235289259806283e-01,-1.065346419109300058e+01,1.677080271365020969e-01,-7.000255176670662216e-01,1.381941564110261977e-01,-4.223391046691294948e-01,5.589235289259806283e-01,-9.120929608457400306e+00,-1.448681649706158980e+00,1.784490052061002974e+00,3.801223054818321234e-01,-2.525711332554699817e-01,1.311888843564865959e-01
-9.083870461337456348e+00,-5.487471620318099541e-01,3.637610844508599950e+00,4.622091054801934218e-02,3.249732977913333265e-01,-2.232599852294782916e-01,-9.700045233359947616e+00,-7.749615372730158658e-01,-1.481094077395427977e+00,1.440106123460783982e-02,2.585654592073087232e-01,-9.819591141789940636e-02,-3.798396530170902174e+00,-2.432009749426425060e-01,8.971968107866945985e+00,5.529507711642286938e-02,-2.436022420517882162e-02,4.153345949779001234e-02,-1.078813486307969960e+01,2.689597399648562814e-01,-6.916205838015575535e-01,1.237662454756398994e-01,-4.534706536670445876e-01,6.173690608898686483e-01,-1.078813486307969960e+01,2.689597399648562814e-01,-6.916205838015575535e-01,1.237662454756398994e-01,-4.534706536670445876e-01,6.173690608898686483e-01,-9.123118271415073366e+00,-1.416236900804106913e+00,1.723426874500022077e+00,3.660550185513081201e-01,-2.628111192490190096e-01,1.367073374024520005e-01
-8.998234757018519048e+00,-6.814490588910903091e-01,3.649816815135695780e+00,1.440270135612341067e-02,3.079021907632396027e-01,-2.127336735332819029e-01,-9.697514013522079424e+00,-6.438471861598464852e-01,-1.485312689240207984e+00,4.747495437216150971e-02,2.564294266323877136e-01,-1.023203047061796017e-01,-3.749572730317671798e+00,-1.854859765899878887e-01,9.007638774790288849e+00,5.965003408334265678e-02,-3.072691950711026881e-02,3.960459281040888679e-02,-1.085658166229083932e+01,3.045288325157217979e-02,-7.656535954885586026e-01,1.196670134461695068e-01,-4.818552705228970057e-01,6.764476741513898439e-01,-1.085658166229083932e+01,3.045288325157217979e-02,-7.656535954885586026e-01,1.196670134461695068e-01,-4.818552705228970057e-01,6.764476741513898439e-01,-9.076293211500887637e+00,-1.349007091535034952e+00,1.660385035989349056e+00,3.503992482294990274e-01,-2.479701306188314136e-01,1.432916488015859025e-01
-8.900759485860348263e+00,-7.316628028665487227e-01,3.722085884111574927e+00,-1.659464951978516928e-02,2.918607450686868110e-01,-2.031019214131037920e-01,-9.728460845346255326e+00,-5.356402783704137249e-01,-1.407210047241665984e+00,5.412514578010416827e-02,2.547899827740935930e-01,-1.092280012453901994e-01,-3.771134482079426142e+00,-2.417653285383674910e-01,8.997333221455075858e+00,6.289562764632997127e-02,-2.687048612589927957e-02,4.362727069799807872e-02,-1.080716861476821933e+01,-1.140649234958285990e-01,-9.779485071512552530e-01,1.404303353659843989e-01,-4.892117083072661798e-01,7.326871884337586849e-01,-1.080716861476821933e+01,-1.140649234958285990e-01,-9.779485071512552530e-01,1.404303353659843989e-01,-4.892117083072661798e-01,7.326871884337586849e-01,-9.045685768127441406e+00,-1.310381076788454058e+00,1.591151359031528045e+00,3.306467706478466995e-01,-2.510618982002429944e-01,1.500669064887824866e-01
-8.851155011064642864e+00,-7.924968889332391075e-01,3.747279059912870025e+00,-4.336341232982576094e-02,2.884515827884293060e-01,-1.934897919882432038e-01,-9.696003284932892541e+00,-4.354411327283442823e-01,-1.400526015989242090e+00,4.629406210128551857e-02,2.547168763734962149e-01,-1.177030002237648004e-01,-3.830741598126342851e+00,-2.910712599292725744e-01,9.008587127701172648e+00,7.225872042621793445e-02,-2.670369483530521046e-02,4.584694953937668710e-02,-1.081194628902538923e+01,-8.106234413559733343e-02,-1.144067501066527992e+00,1.624593707559753020e-01,-4.978241604326996139e-01,7.918170505511840096e-01,-1.081194628902538923e+01,-8.106234413559733343e-02,-1.144067501066527992e+00,1.624593707559753020e-01,-4.978241604326996139e-01,7.918170505511840096e-01,-9.031662526157534288e+00,-1.259553413969763946e+00,1.548336863731397894e+00,3.083933546673744974e-01,-2.320125893948631057e-01,1.534463007649702060e-01
-8.778303869308963669e+00,-8.655442624322829959e-01,3.783704400062561035e+00,-6.271061367325245217e-02,3.104692183194622257e-01,-1.859783107234586064e-01,-9.689352664468962928e+00,-4.369725354256169259e-01,-1.429928822756667994e+00,4.009191371420379318e-02,2.557850214101934916e-01,-1.273163279057830943e-01,-3.774470613482543868e+00,-2.812468801447202127e-01,8.997333282455077352e+00,8.084560612276676939e-02,-2.978302974132767886e-02,4.285102267117758129e-02,-1.081976565242987931e+01,-6.923830558201514440e-02,-1.175916873766368109e+00,1.881429000031576981e-01,-5.063351434399799844e-01,8.512610490322418677e-01,-1.081976565242987931e+01,-6.923830558201514440e-02,-1.175916873766368109e+00,1.881429000031576981e-01,-5.063351434399799844e-01,8.512610490322418677e-01,-8.958230691546287261e+00,-1.198517632411199019e+00,1.530120564791787929e+00,2.898351265963620138e-01,-2.196382898024372976e-01,1.584198645027715124e-01
-8.753105284660218643e+00,-8.667256236076354980e-01,3.784295082092285156e+00,-7.773171107594767371e-02,3.223896458636291151e-01,-1.785022218882252043e-01,-9.809755384029443803e+00,-4.590267967959608120e-01,-1.415225995162163963e+00,3.504271393706912679e-02,2.543649113118747751e-01,-1.399149224038132022e-01,-3.713448562431676869e+00,-2.338590971154876075e-01,9.008584125285445054e+00,9.657196335385820340e-02,-2.888195641293057891e-02,7.351136996594571926e-02,-1.079935796848029916e+01,2.516487845078042851e-02,-1.171910762786865012e+00,2.090884384609038027e-01,-5.041329531076317316e-01,9.143121223601082814e-01,-1.079935796848029916e+01,2.516487845078042851e-02,-1.171910762786865012e+00,2.090884384609038027e-01,-5.041329531076317316e-01,9.143121223601082814e-01,-8.940019581907538537e+00,-1.125476604507815948e+00,1.505317244798906051e+00,2.838114705938165061e-01,-2.304213079073096082e-01,1.662635265258690931e-01
-8.752708435058593750e+00,-8.186959817072927414e-01,3.784295082092285156e+00,-8.532933050876967407e-02,3.351884128822187892e-01,-1.783806830644608099e-01,-9.779953836845363568e+00,-3.769152886742089259e-01,-1.547682162528762895e+00,2.891300614142129979e-02,2.510877537974564033e-01,-1.549409097561272042e-01,-3.734505823649814094e+00,-1.733023165298374912e-01,9.044246576043562413e+00,9.720145165920257568e-02,-2.473530566860590932e-02,7.477034628391265869e-02,-1.080774423369033066e+01,1.798408436672979949e-01,-1.171910762786865012e+00,2.154151927214890960e-01,-5.034644267523348260e-01,9.737237233916028467e-01,-1.080774423369033066e+01,1.798408436672979949e-01,-1.171910762786865012e+00,2.154151927214890960e-01,-5.034644267523348260e-01,9.737237233916028467e-01,-8.877183038376163182e+00,-1.011213232053951971e+00,1.602972376230644036e+00,2.685078170511890905e-01,-2.083588122429065048e-01,1.698355078697204867e-01
-8.740700478561096887e+00,-8.419108075541346103e-01,3.664221145407211999e+00,-8.860376406665099180e-02,3.280439017921366052e-01,-1.783806830644608099e-01,-9.536655360355766220e+00,-3.392995623739369915e-01,-1.775593645835402024e+00,2.528432879273196862e-02,2.454690662019921032e-01,-1.648459776150772993e-01,-3.653382313628362965e+00,2.844123524762321928e-02,9.022233227952318302e+00,8.283689533143713535e-02,-1.533304127909478932e-02,6.143183071625441666e-02,-1.088955224054750026e+01,2.975343564688335274e-01,-1.196508370099528928e+00,2.107438391529470045e-01,-5.056006270482243936e-01,1.029615731008590940e+00,-1.088955224054750026e+01,2.975343564688335274e-01,-1.196508370099528928e+00,2.107438391529470045e-01,-5.056006270482243936e-01,1.029615731008590940e+00,-8.766914287582277865e+00,-9.930115509866492829e-01,1.700612749886748043e+00,2.503713263147939738e-01,-1.822035139432074125e-01,1.700104096111025864e-01
-8.740500450134277344e+00,-9.023708200726440198e-01,3.602160922023731171e+00,-9.496256601380727302e-02,3.153087965335961140e-01,-1.783806830644608099e-01,-9.513383941767571628e+00,-5.432708650678644835e-01,-1.771940608450595978e+00,2.591266706619261076e-02,2.383437927311214122e-01,-1.696886692697255061e-01,-3.755562156587628930e+00,1.316699140310867086e-02,9.021270751953125000e+00,6.480256025849315260e-02,-1.495406962931155985e-02,4.343960722406409874e-02,-1.095841873334462058e+01,3.214017341258383897e-01,-1.208532929420470969e+00,2.025501094915856948e-01,-5.041500265201899200e-01,1.084437299839714042e+00,-1.095841873334462058e+01,3.214017341258383897e-01,-1.208532929420470969e+00,2.025501094915856948e-01,-5.041500265201899200e-01,1.084437299839714042e+00,-8.777122497558593750e+00,-9.441787565733912313e-01,1.780281247279819068e+00,2.268705458661799956e-01,-1.526617580800218865e-01,1.710786241947430120e-01
-8.728490281285084862e+00,-9.874216120999554924e-01,3.589173487873583035e+00,-1.024216097985432977e-01,3.024925324952847938e-01,-1.773297639684550120e-01,-9.712048753859505723e+00,-7.267608562693251839e-01,-1.642316063138318905e+00,4.084858648704065703e-02,2.290985650600864121e-01,-1.774420215573239978e-01,-3.806784926647262868e+00,-4.642344213632131761e-02,8.986092399729971092e+00,5.793262871084087218e-02,-1.290198989831408023e-02,3.656967224439509195e-02,-1.094986299411248076e+01,3.501830974482171843e-01,-1.233125848795777912e+00,2.004609358841739075e-01,-4.973592539353671182e-01,1.137475930509113109e+00,-1.094986299411248076e+01,3.501830974482171843e-01,-1.233125848795777912e+00,2.004609358841739075e-01,-4.973592539353671182e-01,1.137475930509113109e+00,-8.785110820823000211e+00,-8.893684011450561089e-01,1.764082329613821942e+00,2.044247843084797123e-01,-1.232258660315369014e-01,1.716223127006935023e-01
-8.752314644475136518e+00,-1.072873277048910889e+00,3.540934639592324018e+00,-1.162041479781751041e-01,2.886238713418283752e-01,-1.836180540342484957e-01,-9.733504024335681848e+00,-5.554196589301625409e-01,-1.726725611543874939e+00,4.793716605640165745e-02,2.161336719219157931e-01,-1.876997713798813083e-01,-3.773531463411119002e+00,-1.925181811107958994e-03,9.019826871947147495e+00,5.152377593047303278e-02,-1.179173949264710961e-02,3.631702437996864319e-02,-1.095422648687788936e+01,4.235983073299435242e-01,-1.359907523993415968e+00,1.979429757402051127e-01,-4.895320287758418987e-01,1.191962330209817011e+00,-1.095422648687788936e+01,4.235983073299435242e-01,-1.359907523993415968e+00,1.979429757402051127e-01,-4.895320287758418987e-01,1.191962330209817011e+00,-8.831942927527638432e+00,-8.178960084915161133e-01,1.733451247215270996e+00,1.862864528978037115e-01,-1.113215652925629989e-01,1.691366244099379024e-01
-8.752708435058593750e+00,-1.194341232464467106e+00,3.468093081990263116e+00,-1.206312513320542956e-01,2.852475578197822270e-01,-1.858229879134903062e-01,-9.560293800132338760e+00,-3.662221133708953857e-01,-1.842475708050046013e+00,3.022148764447763966e-02,2.079389759097531876e-01,-1.962444453432146962e-01,-3.690025810820690033e+00,1.055079556835682997e-01,9.056439915489351122e+00,3.793606078545395249e-02,-1.277539799824672917e-02,2.605930755941313071e-02,-1.096224784851074041e+01,3.205365305122692132e-01,-1.473431398822171001e+00,1.929534046380902979e-01,-4.827724637256727847e-01,1.243917935714315970e+00,-1.096224784851074041e+01,3.205365305122692132e-01,-1.473431398822171001e+00,1.929534046380902979e-01,-4.827724637256727847e-01,1.243917935714315970e+00,-8.870557671853269710e+00,-8.119087363232602161e-01,1.733451247215270996e+00,1.615668266092123995e-01,-9.159296010447409708e-02,1.645151409231704887e-01
-8.800737549305633678e+00,-1.292384824343288052e+00,3.346828536250046948e+00,-1.270045907384803052e-01,2.778409208635598815e-01,-1.869083735479155906e-01,-9.464728485648402412e+00,-5.082485873209717786e-01,-1.781671512604491969e+00,1.361071616916624018e-02,2.045872920563137909e-01,-2.028001610999770887e-01,-3.733527607387966185e+00,4.359786768281267641e-03,8.999278757307264343e+00,2.302451897412538875e-02,-9.740490932017564774e-03,1.435217680409551014e-02,-1.101141849736558065e+01,2.563554644584655762e-01,-1.534290732578174055e+00,1.947837831092739114e-01,-4.706276027681456919e-01,1.288379995599836958e+00,-1.101141849736558065e+01,2.563554644584655762e-01,-1.534290732578174055e+00,1.947837831092739114e-01,-4.706276027681456919e-01,1.288379995599836958e+00,-8.915397749003286521e+00,-7.752841317595684512e-01,1.749423668028784906e+00,1.328596024275101040e-01,-6.434339920398766954e-02,1.591540277004241943e-01
-8.885578699061891683e+00,-1.450060721855378043e+00,3.260787654804937041e+00,-1.281600961470960864e-01,2.766679158424973917e-01,-1.911279089786049878e-01,-9.593936121917048254e+00,-7.509404990343717667e-01,-1.640019578720661952e+00,1.557832919423650028e-02,2.015308217044035899e-01,-2.060785474125240990e-01,-3.805803329225569964e+00,-4.689192839912952049e-02,8.961686982048881589e+00,1.832805946469306946e-02,-1.576789565354821954e-02,6.705594714730978012e-03,-1.121577205599360916e+01,2.727445134644134739e-01,-1.509367603127673929e+00,1.900860122226167015e-01,-4.621273427972779069e-01,1.327884932084383962e+00,-1.121577205599360916e+01,2.727445134644134739e-01,-1.509367603127673929e+00,1.900860122226167015e-01,-4.621273427972779069e-01,1.327884932084383962e+00,-8.935819625854492188e+00,-7.286980657827196728e-01,1.843075644693703108e+00,1.145510904270607005e-01,-3.925727094943187029e-02,1.598519961143514134e-01
-8.995056281274754539e+00,-1.572754626007945022e+00,3.235362075077496957e+00,-1.313296704492379063e-01,2.619412738189336176e-01,-1.911984533071517944e-01,-9.716246245369326573e+00,-7.684665269823612865e-01,-1.574755072593688965e+00,2.690436512313826994e-02,1.951962897874890135e-01,-2.106998821399631017e-01,-3.796988277143574120e+00,-1.660444404513624073e-01,8.995398894324280192e+00,2.738918059106315930e-02,-1.704784714588583952e-02,1.153703559889509948e-02,-1.140237712200969966e+01,2.398028936617110918e-01,-1.390981483181779943e+00,1.876428004062909993e-01,-4.532024104471901182e-01,1.369202677776059085e+00,-1.140237712200969966e+01,2.398028936617110918e-01,-1.390981483181779943e+00,1.876428004062909993e-01,-4.532024104471901182e-01,1.369202677776059085e+00,-8.951779529204415553e+00,-6.330274504745039277e-01,1.922309821192675017e+00,9.155314621933439978e-02,-1.043624384197617931e-02,1.641248675458475137e-01
-9.128920739307059051e+00,-1.682807690185146976e+00,3.234961986541748047e+00,-1.387357595775400021e-01,2.522416095429707017e-01,-1.922489769168415075e-01,-9.717943078483976649e+00,-6.041133337245497836e-01,-1.608827001305036974e+00,2.409430752001431864e-02,1.911984533071517944e-01,-2.186727783563071903e-01,-3.773062540171745027e+00,-1.240239653507008988e-01,9.043735854835954768e+00,2.879733571196951142e-02,-1.503937927302525027e-02,1.277511914612449936e-02,-1.148331584468965083e+01,3.180488053856144193e-01,-1.277270631444070048e+00,1.786745184611890080e-01,-4.489733404529991923e-01,1.409059270949347020e+00,-1.148331584468965083e+01,3.180488053856144193e-01,-1.277270631444070048e+00,1.786745184611890080e-01,-4.489733404529991923e-01,1.409059270949347020e+00,-9.049419764473686456e+00,-5.655258106614575730e-01,2.026177239439395983e+00,7.573019203469644189e-02,2.251739209204732875e-02,1.685709790580023071e-01
-9.251196158097085842e+00,-1.732644921989850983e+00,3.198944446586426960e+00,-1.336066642584430864e-01,2.384262679405109997e-01,-1.933171199420080921e-01,-9.682173992719935285e+00,-5.411005964600199558e-01,-1.659355317235648997e+00,3.030406350252509966e-03,1.907016353033942069e-01,-2.232428938150405884e-01,-3.701777513912448914e+00,-7.520060687990205717e-02,9.033967768079444127e+00,2.883999049663544048e-02,-7.776575566862008702e-03,1.384313026261698928e-02,-1.146660614306622072e+01,3.416463637014792165e-01,-1.212387483159329982e+00,1.604890379075827878e-01,-4.450381250429074065e-01,1.438907741905250948e+00,-1.146660614306622072e+01,3.416463637014792165e-01,-1.212387483159329982e+00,1.604890379075827878e-01,-4.450381250429074065e-01,1.438907741905250948e+00,-9.133131470308557098e+00,-5.719995962189572403e-01,2.089459662856723909e+00,5.543363150640698983e-02,4.678112760846096091e-02,1.728654961518558963e-01
-9.325228148724741928e+00,-1.757456716564814059e+00,3.066309502065593051e+00,-1.240663099666903940e-01,2.308452749972396134e-01,-1.943849961006156035e-01,-9.627667253934044211e+00,-6.873044504610803518e-01,-1.700803397559826013e+00,-1.465595642090676033e-02,1.896334998056840027e-01,-2.257269430696209056e-01,-3.780871320399514790e+00,-7.324442267417907715e-02,8.998324009069587959e+00,2.371323730580077865e-02,-8.502385631624248888e-03,6.708466079867175108e-03,-1.142597026966561913e+01,4.278966776236959868e-01,-1.212708318959855092e+00,1.602640176164268071e-01,-4.318133836304048900e-01,1.453074294453819970e+00,-1.142597026966561913e+01,4.278966776236959868e-01,-1.212708318959855092e+00,1.602640176164268071e-01,-4.318133836304048900e-01,1.453074294453819970e+00,-9.143344879150390625e+00,-5.005035400390625000e-01,2.091704797702028884e+00,3.514142092028874759e-02,5.277700311067191896e-02,1.719717979431152066e-01
-9.386469598556260507e+00,-1.841884918140864968e+00,2.968036611172948813e+00,-1.155032567800052951e-01,2.296696907387167919e-01,-1.923024368496717984e-01,-9.629086797404927012e+00,-8.746753713011390374e-01,-1.727773319251342032e+00,-1.872984121549904971e-02,1.865780662841076132e-01,-2.265963549537969024e-01,-3.796011748576948008e+00,-2.943651442428293907e-03,9.008573127101115574e+00,1.632271431749797094e-02,-8.545182645320892334e-03,2.308008662138540026e-03,-1.143030315139420949e+01,5.907536433392445163e-01,-1.196169295964619073e+00,1.748931138341990876e-01,-4.104245483348881174e-01,1.458752144791322092e+00,-1.143030315139420949e+01,5.907536433392445163e-01,-1.196169295964619073e+00,1.748931138341990876e-01,-4.104245483348881174e-01,1.458752144791322092e+00,-9.147326539494230246e+00,-4.845770347502922903e-01,2.040889662012832062e+00,1.450039315835228992e-02,3.293838551581759755e-02,1.709266213373044074e-01
-9.411498732525327426e+00,-1.819312501765494083e+00,2.882380061221622825e+00,-1.069580741346844027e-01,2.286015457020194042e-01,-1.849149513018784052e-01,-9.668263435363769531e+00,-9.172645862957250484e-01,-1.692861975315024914e+00,-1.716514701174130103e-02,1.807413284804990916e-01,-2.238143575617954073e-01,-3.784785748077427847e+00,-4.686692603794630207e-02,8.997347345855134293e+00,1.192136108136129975e-02,-5.469540389434945395e-03,-9.393465945557239643e-04,-1.127454047488727085e+01,6.142330391478427742e-01,-1.380674229102200945e+00,2.786926569248308061e-01,-3.539622018826172889e-01,1.452991981431269952e+00,-1.127454047488727085e+01,6.142330391478427742e-01,-1.380674229102200945e+00,2.786926569248308061e-01,-3.539622018826172889e-01,1.452991981431269952e+00,-9.169750647732859861e+00,-3.968718727536525992e-01,1.981843508913526009e+00,-4.620983625852292248e-03,3.483157148284297261e-02,1.652145214298720022e-01
-9.399906417708017159e+00,-1.782899650464851105e+00,2.844943792127577975e+00,-1.005141718131195988e-01,2.002308926985295057e-01,-1.795390594708206888e-01,-9.662588798540525659e+00,-8.343923471197647324e-01,-1.722629739367578905e+00,-1.502912521169674949e-02,1.788021786831930082e-01,-2.262221681988531019e-01,-3.772578249573402154e+00,-9.569653742877537450e-02,9.020289439149106414e+00,1.380005430790686057e-02,-4.315525068030242641e-03,9.822803399255198957e-04,-1.106316797861166989e+01,4.917085120128055764e-01,-1.427963092402491974e+00,4.465119218103074106e-01,-2.791848262476582798e-01,1.438012326021560039e+00,-1.106316797861166989e+01,4.917085120128055764e-01,-1.427963092402491974e+00,4.465119218103074106e-01,-2.791848262476582798e-01,1.438012326021560039e+00,-9.193897310404617329e+00,-3.662221133708953857e-01,1.935006957044985931e+00,-8.672567493903736435e-03,4.983131547463832967e-02,1.630783626667902941e-01
-9.351702299158322518e+00,-1.758281637577733925e+00,2.832325364843641946e+00,-8.360645668856483970e-02,1.745444797823375027e-01,-1.794488281011580866e-01,-9.661730204737008165e+00,-8.031102498708111437e-01,-1.777466354862091924e+00,-7.431776630842397598e-03,1.785310954866473898e-01,-2.311412000821697066e-01,-3.713511367315949219e+00,-7.422876441664111313e-02,9.068132083394319309e+00,1.286083893235604077e-02,-2.222425590079618075e-03,-5.082349367077373600e-03,-1.075322213834576068e+01,4.640313379745025224e-01,-1.420227917719057986e+00,6.198697582428966957e-01,-1.990506832744912968e-01,1.415907321010438924e+00,-1.075322213834576068e+01,4.640313379745025224e-01,-1.420227917719057986e+00,6.198697582428966957e-01,-1.990506832744912968e-01,1.415907321010438924e+00,-9.281307988696628541e+00,-3.662221133708953857e-01,1.924216177255388072e+00,-2.168509550392628063e-02,5.445010571311863917e-02,1.604213878394118997e-01
-9.290865502792748032e+00,-1.793869421845619927e+00,2.820116347104268950e+00,-7.386465922366212966e-02,1.636071314432147872e-01,-1.710480599126533996e-01,-9.713649360376482633e+00,-9.217362977258225509e-01,-1.678440600797642901e+00,1.340304690813813940e-02,1.772372087156912079e-01,-2.343454525345771977e-01,-3.746196091175078902e+00,-2.372567849534172879e-01,9.034955432338099612e+00,1.999331454956724055e-02,-1.111218307708059959e-03,1.834802322029586985e-03,-1.038747084191038006e+01,4.597435693783795130e-01,-1.387403309764084991e+00,7.834026981804339540e-01,-1.405073614645631908e-01,1.402098002128556953e+00,-1.038747084191038006e+01,4.597435693783795130e-01,-1.387403309764084991e+00,7.834026981804339540e-01,-1.405073614645631908e-01,1.402098002128556953e+00,-9.384925603866577148e+00,-3.622498629348618882e-01,2.040331816862499981e+00,-2.866620469158367990e-02,5.825220475653333785e-02,1.550806477547637952e-01
-9.253839995875088320e+00,-1.770492214939312081e+00,2.783916022791593115e+00,-6.635338516912100970e-02,1.686757613981292037e-01,-1.625050017755599874e-01,-9.743233151150189286e+00,-9.848524202491097945e-01,-1.592634865673639988e+00,4.174472667425641742e-02,1.739136571387908115e-01,-2.400313553081314111e-01,-3.771100108272269935e+00,-2.910027562175839799e-01,9.045192049725420347e+00,3.259416167672808673e-02,-1.068147830665111975e-03,6.236080269801408393e-03,-9.980656680240425516e+00,9.007397758475462757e-01,-1.138613825874700058e+00,7.834924565665366547e-01,-1.099704136596053039e-01,1.409989970742405063e+00,-9.980656680240425516e+00,9.007397758475462757e-01,-1.138613825874700058e+00,7.834924565665366547e-01,-1.099704136596053039e-01,1.409989970742405063e+00,-9.511261212632000195e+00,-3.437931743990089162e-01,2.117838404417557108e+00,-2.725055230559482108e-02,4.620638185329843661e-02,1.493924923682660999e-01
-9.217213501134796871e+00,-1.854070245723629107e+00,2.687291524608955040e+00,-5.362564135896549788e-02,1.677173904882870992e-01,-1.539587886144830886e-01,-9.700078045468956134e+00,-8.557588251165278992e-01,-1.587826493987807952e+00,5.561929019796212070e-02,1.732338021148049079e-01,-2.480797591163486082e-01,-3.748663386873805958e+00,-1.992808135023010907e-01,9.033974017679469171e+00,4.438548474315719833e-02,-1.068147830665111975e-03,1.358255304960690954e-02,-9.724873891884396215e+00,1.629236036220951922e+00,-1.180533822071349048e+00,6.630250305322622495e-01,-8.111224643162295855e-02,1.407438192861296899e+00,-9.724873891884396215e+00,1.629236036220951922e+00,-1.180533822071349048e+00,6.630250305322622495e-01,-8.111224643162295855e-02,1.407438192861296899e+00,-9.582811355590820312e+00,-3.540146946907042902e-01,2.148503065109252930e+00,-2.369915320086390942e-02,2.233621266279970166e-02,1.422635611705576897e-01
-9.204592856233126952e+00,-1.891514829427408007e+00,2.565663795657922908e+00,-3.451290347315189716e-02,1.572022632714089041e-01,-1.422666569583886098e-01,-9.680470466613769531e+00,-7.503231831830681209e-01,-1.591769775283915056e+00,5.000917309178096182e-02,1.818545202739778044e-01,-2.585342972612216239e-01,-3.782809001112740876e+00,-2.187425344839074026e-01,9.045190423925411949e+00,5.613505249891641985e-02,-4.334394038925249294e-05,2.310915681112917994e-02,-9.407038426924167140e+00,2.418715974763303134e+00,-1.257362484931946023e+00,4.598925852250638213e-01,-4.621202458236013666e-02,1.384260515585594931e+00,-9.407038426924167140e+00,2.418715974763303134e+00,-1.257362484931946023e+00,4.598925852250638213e-01,-4.621202458236013666e-02,1.384260515585594931e+00,-9.588765016654425821e+00,-3.500455695500572229e-01,2.152472185404925131e+00,-1.749016870293886028e-02,3.430597679389098872e-03,1.372701210497710989e-01
-9.156396684558711030e+00,-1.976122680072960103e+00,2.515568802708305185e+00,-1.108757137591320080e-02,1.475705313002733943e-01,-1.336661426496396077e-01,-9.646444863299137751e+00,-7.511880521521655529e-01,-1.622719143918019968e+00,4.089253553789321677e-02,1.848652979465345014e-01,-2.744043571261882142e-01,-3.772584436615099790e+00,-2.197332531213760098e-01,9.022264477173070674e+00,6.583388779027719850e-02,0.000000000000000000e+00,3.067196044762392909e-02,-8.983785915631088415e+00,3.330444652903298053e+00,-1.396120408868172902e+00,2.052765968139476926e-01,-6.327131908765054255e-03,1.332568783468951912e+00,-8.983785915631088415e+00,3.330444652903298053e+00,-1.396120408868172902e+00,2.052765968139476926e-01,-6.327131908765054255e-03,1.332568783468951912e+00,-9.621417552087811131e+00,-3.375361056119730030e-01,2.164981634073133154e+00,-7.850763528379663125e-03,-9.012958521153543665e-03,1.328505829457191090e-01
-9.107566668690623146e+00,-2.061574521427329998e+00,2.454742928529114909e+00,1.346136995350881958e-02,1.432056426143591132e-01,-1.240712735664596944e-01,-9.612896210374149319e+00,-7.900117087297044982e-01,-1.658472091222813027e+00,3.929378135546406081e-02,1.866981783943069129e-01,-2.915692094719650185e-01,-3.748666638969092801e+00,-2.080227713087736963e-01,9.021270751953125000e+00,7.647183701144202872e-02,-3.074001475808121019e-03,3.712428910958189693e-02,-8.699410918304630869e+00,4.009128916739686410e+00,-1.375109605754391895e+00,-8.032315562889780214e-02,1.033363293015187971e-02,1.276692187273374079e+00,-8.699410918304630869e+00,4.009128916739686410e+00,-1.375109605754391895e+00,-8.032315562889780214e-02,1.033363293015187971e-02,1.276692187273374079e+00,-9.637585673158863386e+00,-3.883366862047775148e-01,2.112199639517163163e+00,-3.579088276432405846e-03,-2.485836417444290888e-02,1.226915150567988028e-01
-9.082732804953998595e+00,-2.111030808762126121e+00,2.393713546290557215e+00,3.907523559029484062e-02,1.452309113621909897e-01,-1.239051446318625987e-01,-9.647780408876339919e+00,-8.876660220117131850e-01,-1.718638032301021079e+00,5.562379231210679009e-02,1.896342373287888128e-01,-3.080866929207550786e-01,-3.747672796249390093e+00,-1.958153675297437946e-01,9.009560627505161179e+00,9.022731776313480667e-02,-5.253777809200748349e-03,4.455784235876367877e-02,-8.581669903863456739e+00,3.885194743868180201e+00,-8.246457726201982252e-01,-3.447562190111019831e-01,-3.395009439466713241e-02,1.206505964251832985e+00,-8.581669903863456739e+00,3.885194743868180201e+00,-8.246457726201982252e-01,-3.447562190111019831e-01,-3.395009439466713241e-02,1.206505964251832985e+00,-9.662319150144359270e+00,-4.374850713864876228e-01,2.060750909298429967e+00,5.201272846710296984e-04,-3.825205210090842911e-02,1.148677318639713951e-01
-9.106294717401759442e+00,-2.123874230191357793e+00,2.428631199622266923e+00,6.575691764636669434e-02,1.452680975198746005e-01,-1.218063141437814995e-01,-9.714477096285138558e+00,-9.172991833516530580e-01,-1.780536945377076963e+00,8.140812494925089848e-02,1.855906849460942087e-01,-3.261665648647716909e-01,-3.747672796249390093e+00,-1.601915109555027972e-01,9.044190512383378788e+00,9.898885461465659064e-02,-6.365275162925499580e-03,3.769045585138718762e-02,-8.304424795198611875e+00,1.246620859448400953e+00,2.993876863551396816e-01,-3.615699524734182768e-01,-1.130188488030947069e-01,1.106760030151695107e+00,-8.304424795198611875e+00,1.246620859448400953e+00,2.993876863551396816e-01,-3.615699524734182768e-01,-1.130188488030947069e-01,1.106760030151695107e+00,-9.631641387939453125e+00,-4.292405522211478197e-01,2.127732258116473041e+00,4.591449584451414399e-03,-4.359279218555656144e-02,1.059479003822687004e-01
-9.130712749679968709e+00,-2.112093328376567936e+00,2.477252734301108816e+00,8.406750991465476719e-02,1.589122550074842100e-01,-1.238679489526945954e-01,-9.742381422769605948e+00,-8.231364878362505966e-01,-1.869032654310025965e+00,9.845976853826873820e-02,1.776182311842723072e-01,-3.478713954942991848e-01,-3.712545967291271953e+00,-4.160705747829605144e-02,9.033977206279482530e+00,1.054849299581705063e-01,-2.617044224133416915e-04,4.250782616989647739e-02,-7.860755024837589922e+00,-2.884273564013986046e+00,1.042490076052918102e+00,1.136417357751933060e-01,-1.302866943644971076e-01,9.631959180222817718e-01,-7.860755024837589922e+00,-2.884273564013986046e+00,1.042490076052918102e+00,1.136417357751933060e-01,-1.302866943644971076e-01,9.631959180222817718e-01,-9.635603789130932739e+00,-4.513536082459337906e-01,2.219445815880380923e+00,1.209633327907569042e-02,-4.702653158367878228e-02,1.006072724602079943e-01
-9.215091535899514241e+00,-2.075900660729296021e+00,2.502089590051637114e+00,9.487785568607916276e-02,1.717470399086535870e-01,-1.354487489159869884e-01,-9.734966486585609147e+00,-7.446516156196594238e-01,-1.935310942938677892e+00,1.016271823222705956e-01,1.700652095632740890e-01,-3.714455464941626150e-01,-3.816403796430558160e+00,-9.515181547762610603e-02,9.045184301908955504e+00,8.833407762641334871e-02,1.024268197488313083e-02,-3.366155660369640062e-03,-7.327576456836596641e+00,-5.292292128632267278e+00,7.476034322519883313e-01,9.386290093255360567e-01,-5.644119358361644745e-02,8.136886797589762965e-01,-7.327576456836596641e+00,-5.292292128632267278e+00,7.476034322519883313e-01,9.386290093255360567e-01,-5.644119358361644745e-02,8.136886797589762965e-01,-9.661996001411081281e+00,-5.127109289169311523e-01,2.274536698308896820e+00,1.371268276876259039e-02,-4.113804752601304265e-02,9.561358847551876261e-02
-9.360509136061271107e+00,-2.015291844278619848e+00,2.538497736529699011e+00,1.003122330074333046e-01,1.845647813804749127e-01,-1.482477607257965957e-01,-9.752838497657439376e+00,-7.956405265236974333e-01,-1.928769707679748979e+00,9.884202143213866032e-02,1.631609808902008962e-01,-3.933795811492807881e-01,-3.668722398484689062e+00,-4.000889936004428139e-03,9.033978832895876110e+00,8.758812397718429565e-02,1.375464258760580004e-02,-1.558461919667289940e-02,-6.439782392562129587e+00,-5.325437058624928000e+00,-2.582054222940742272e-01,1.722283690561333014e+00,1.010536431625407017e-01,6.580804822830328416e-01,-6.439782392562129587e+00,-5.325437058624928000e+00,-2.582054222940742272e-01,1.722283690561333014e+00,1.010536431625407017e-01,6.580804822830328416e-01,-9.702576564885005084e+00,-5.344867647479960571e-01,2.298950969249784038e+00,1.108560540091018017e-02,-4.105157460352225340e-02,9.188955577306615052e-02
-9.506979842108464140e+00,-1.918287258942819928e+00,2.407230149764311822e+00,9.096236549089924128e-02,1.963316612942155037e-01,-1.715567337479463883e-01,-9.754593253807110287e+00,-8.828412172538588898e-01,-1.957092717862165987e+00,1.007478587039452034e-01,1.546931547030264975e-01,-4.127584559470032777e-01,-3.591985892199773822e+00,7.023514842889409804e-02,9.056889738573334014e+00,1.090976319321212001e-01,2.515281019244821128e-02,4.236074792368760278e-02,-5.757056234069683143e+00,-4.784570843393352035e+00,-9.488021508889263878e-01,2.207000136924778921e+00,2.665644117764063847e-01,4.696749207061556852e-01,-5.757056234069683143e+00,-4.784570843393352035e+00,-9.488021508889263878e-01,2.207000136924778921e+00,2.665644117764063847e-01,4.696749207061556852e-01,-9.728000763175765897e+00,-6.331459715701120983e-01,2.321384585073078988e+00,1.097814806123237081e-03,-5.897562244031365891e-02,8.565457062632451934e-02
-9.641459441712916245e+00,-1.844620948226598944e+00,2.236995425951186167e+00,8.030111910163799382e-02,2.101780809133073913e-01,-1.992495583500734080e-01,-9.735844555003641432e+00,-9.438709719561847455e-01,-1.978480433743416089e+00,1.036103367805480957e-01,1.470630648730660017e-01,-4.288557441964733763e-01,-3.682622858273084887e+00,3.812704106561049661e-02,9.057892799377441406e+00,1.069464519041977979e-01,3.178108793135429183e-02,3.666815131662354288e-02,-5.452339025216936363e+00,-4.479798422783754397e+00,-1.302565723516472929e+00,2.434182123537941944e+00,3.989502654389323055e-01,2.335571547590875874e-01,-5.452339025216936363e+00,-4.479798422783754397e+00,-1.302565723516472929e+00,2.434182123537941944e+00,3.989502654389323055e-01,2.335571547590875874e-01,-9.571298300273834769e+00,-5.694475413604815905e-01,2.337544277546898197e+00,-4.791488022273106100e-03,-8.363110842483659213e-02,8.083330117703949047e-02
-9.775706536512958067e+00,-1.723446627101965944e+00,2.042160876882879172e+00,7.696446648526898693e-02,1.946920168397522077e-01,-2.270143588130998924e-01,-9.723639199139213929e+00,-1.010561064450300028e+00,-1.988037737039682007e+00,1.046010953480547984e-01,1.412276802360400985e-01,-4.428169969917564175e-01,-3.686635732650756836e+00,1.321361919655932027e-02,9.057892799377441406e+00,1.088630328612642945e-01,4.023743999396490328e-02,3.938940466003382906e-02,-5.318221226387980671e+00,-3.990944325710283014e+00,-1.697447849247800900e+00,2.433127928012099872e+00,4.939561584936735805e-01,-4.241840306362369695e-02,-5.318221226387980671e+00,-3.990944325710283014e+00,-1.697447849247800900e+00,2.433127928012099872e+00,4.939561584936735805e-01,-4.241840306362369695e-02,-9.434694681859696175e+00,-6.182761444457129940e-01,2.380095266798432974e+00,-7.995865099741419554e-03,-8.664192425717194557e-02,7.921588430785497792e-02
-9.778129577636718750e+00,-1.661300788965347941e+00,2.002670557546854191e+00,7.585764360605655454e-02,1.608348090553113063e-01,-2.484955368018642030e-01,-9.688789707131594042e+00,-1.089461878291108077e+00,-1.997239261922832965e+00,1.052513201527310038e-01,1.358098038447798916e-01,-4.521668073188995218e-01,-3.710044166520504838e+00,8.243279107162014563e-02,9.057892799377441406e+00,1.007581150099153972e-01,4.775846000480395842e-02,3.849734954108687685e-02,-5.245033599954094683e+00,-3.498890525565689913e+00,-1.818854652750466094e+00,2.256699643885144990e+00,5.533641315629505009e-01,-3.411417840255843159e-01,-5.245033599954094683e+00,-3.498890525565689913e+00,-1.818854652750466094e+00,2.256699643885144990e+00,5.533641315629505009e-01,-3.411417840255843159e-01,-9.345301516777542616e+00,-6.552494057190461074e-01,2.427654327396485012e+00,-1.033582063692231080e-02,-6.602116292690657362e-02,8.080240110525764574e-02
-9.694231313056643984e+00,-1.612264594855991051e+00,2.073927459980418053e+00,6.954607186924322004e-02,1.319062772815051132e-01,-2.583170856261209902e-01,-9.678695795173467786e+00,-1.174907853465414931e+00,-1.994579036237029923e+00,1.022022782352357967e-01,1.310422612812905951e-01,-4.589929043239528994e-01,-3.734452952867521880e+00,6.204935185475851656e-02,9.046191920946100140e+00,1.004058942198752941e-01,5.318594117042717284e-02,3.640560390361440718e-02,-5.281845758953767955e+00,-3.161342459035053842e+00,-1.578386660941857089e+00,1.994584491450666075e+00,6.007152606875727496e-01,-6.512586783047401573e-01,-5.281845758953767955e+00,-3.161342459035053842e+00,-1.578386660941857089e+00,1.994584491450666075e+00,6.007152606875727496e-01,-6.512586783047401573e-01,-9.253211975097656250e+00,-6.426847320153468157e-01,2.361953608925328130e+00,-7.853955788563845436e-03,-7.015214495682219054e-02,8.507490142537157962e-02
-9.572807941282929889e+00,-1.599390211613257007e+00,2.147180893222464970e+00,5.789207895179668273e-02,1.261378503432576959e-01,-2.616383746932158250e-01,-9.721862963368000266e+00,-1.299968929429923037e+00,-2.019880663703196966e+00,9.636667419335120943e-02,1.271873773532778973e-01,-4.635761380195618231e-01,-3.723764310784055009e+00,1.312436542993042077e-01,8.998881858614732110e+00,9.631051071640532590e-02,5.955047206738577070e-02,3.426933262823363829e-02,-5.473277401591513325e+00,-2.827625485460142141e+00,-1.309984215133155994e+00,1.678016904144087107e+00,6.313021518304346991e-01,-9.620591543646332955e-01,-5.473277401591513325e+00,-2.827625485460142141e+00,-1.309984215133155994e+00,1.678016904144087107e+00,6.313021518304346991e-01,-9.620591543646332955e-01,-9.263080102507419866e+00,-6.875618548803431596e-01,2.392651081085205078e+00,-3.581822909895451216e-03,-6.438954293973937759e-02,8.951972968040888823e-02
-9.510684268688770260e+00,-1.575201874899686993e+00,2.124535089659513876e+00,5.033978046613381274e-02,1.375760435066412934e-01,-2.564532028719503920e-01,-9.701899423760387720e+00,-1.414277362567122109e+00,-2.037745618692007987e+00,8.946312105028493555e-02,1.235659147817327053e-01,-4.611006175524077766e-01,-3.734957498242573948e+00,1.225818261479379029e-01,9.043654608448809640e+00,8.589614759169879321e-02,7.619573011027397369e-02,2.394357333564123974e-02,-5.807090749755250414e+00,-2.546996809828300012e+00,-1.029139391746022980e+00,1.335854178429016104e+00,6.323324355158022048e-01,-1.261108930438711084e+00,-5.807090749755250414e+00,-2.546996809828300012e+00,-1.029139391746022980e+00,1.335854178429016104e+00,6.323324355158022048e-01,-1.261108930438711084e+00,-9.320169884305212094e+00,-7.040821461267368075e-01,2.388703837830532972e+00,0.000000000000000000e+00,-4.344867748106771149e-02,9.451508525753259116e-02
-9.473610983479726855e+00,-1.610711466898274935e+00,2.064160846470413091e+00,4.495929895871930704e-02,1.461809102558873086e-01,-2.479656361946755982e-01,-9.616447855616861773e+00,-1.480081994504240051e+00,-2.090452153653409972e+00,7.703503614403135746e-02,1.172349665102229987e-01,-4.532843580878642142e-01,-3.747166429251535202e+00,2.156823520611715894e-01,9.045685768127441406e+00,7.623725925883292898e-02,9.328810135891031641e-02,1.530852349912130948e-02,-6.136580297618277058e+00,-2.376231258784887057e+00,-7.076778386994999615e-01,9.997891973826638079e-01,6.141610904110998970e-01,-1.540559653953265107e+00,-6.136580297618277058e+00,-2.376231258784887057e+00,-7.076778386994999615e-01,9.997891973826638079e-01,6.141610904110998970e-01,-1.540559653953265107e+00,-9.352844144793341030e+00,-6.717758934943914850e-01,2.384021235146973172e+00,1.553831122494281954e-03,-4.269365218067783241e-02,9.737409911010465324e-02
-9.496913365635419879e+00,-1.695265070174180932e+00,1.991147351939348997e+00,4.171641482762408759e-02,1.400446584339745115e-01,-2.320813209611841954e-01,-9.581919667175480271e+00,-1.622104983239446963e+00,-2.108007420929602027e+00,6.580818704731497548e-02,1.132236719131470004e-01,-4.401283079922069241e-01,-3.794465183204843939e+00,1.963370310846790090e-01,9.022289346177956304e+00,6.355547863205344983e-02,1.052564400612225060e-01,9.836146058784075302e-03,-6.482506198511939211e+00,-2.356066378336103995e+00,-4.514489036551269097e-01,7.036239213047428276e-01,5.838858132416080426e-01,-1.802227880731338994e+00,-6.482506198511939211e+00,-2.356066378336103995e+00,-4.514489036551269097e-01,7.036239213047428276e-01,5.838858132416080426e-01,-1.802227880731338994e+00,-9.365048709919193470e+00,-6.103701591491699219e-01,2.477718430852132947e+00,1.082026095490062033e-02,-4.548037326258082269e-02,9.947652762581217500e-02
-9.497360229492187500e+00,-1.804670767763977945e+00,1.881965084096067997e+00,4.060930256065112959e-02,1.200066068562901933e-01,-2.139642349255156950e-01,-9.589363010625717720e+00,-1.767387624786618039e+00,-2.069602494933731940e+00,6.953282748883868325e-02,1.152032914066167951e-01,-4.280673854332429085e-01,-3.854999785904939191e+00,1.836189815843476125e-01,8.997872509490573378e+00,5.585479153616604298e-02,1.108651569358991978e-01,3.999913461394762255e-04,-6.922044658941631567e+00,-2.433434040830518175e+00,-2.154349694823572137e-01,4.826223654416220143e-01,5.447162989921305876e-01,-2.042873193844476187e+00,-6.922044658941631567e+00,-2.433434040830518175e+00,-2.154349694823572137e-01,4.826223654416220143e-01,5.447162989921305876e-01,-2.042873193844476187e+00,-9.371345575557969099e+00,-6.064296708924202806e-01,2.547020962551707957e+00,1.795234799868553055e-02,-2.963088135453507965e-02,1.069534107571632059e-01
-9.473395259698962789e+00,-1.926519495550937933e+00,1.808045827848020926e+00,4.058961570262908936e-02,1.060025960138315931e-01,-1.916119299039313051e-01,-9.554531604833753633e+00,-1.789727882376829005e+00,-1.978212026715842953e+00,7.781807814833602288e-02,1.199707363209565059e-01,-4.196006226151963725e-01,-3.845841498041098205e+00,1.597149650193535886e-01,9.008554378301038668e+00,4.428431897274087009e-02,1.151816868608867006e-01,-7.165053072741307122e-03,-7.349217738301950575e+00,-2.359955763731378831e+00,-1.204332825811212961e-02,3.395647652794384075e-01,5.094778099527923487e-01,-2.264310659046242069e+00,-7.349217738301950575e+00,-2.359955763731378831e+00,-1.204332825811212961e-02,3.395647652794384075e-01,5.094778099527923487e-01,-2.264310659046242069e+00,-9.348902056294102536e+00,-5.761106937162338015e-01,2.587969541549683061e+00,2.346479496167552109e-02,-1.588439193343924027e-02,1.135682348282106985e-01
-9.425015273731425225e+00,-2.000664032000000869e+00,1.806695699691772017e+00,4.373499385428868125e-02,9.316512901112780631e-02,-1.660354573468459105e-01,-9.567016931089074916e+00,-1.736141498509288006e+00,-1.885595482055385075e+00,8.258529664581011620e-02,1.228369995951652943e-01,-4.129568250978086774e-01,-3.868728078394379821e+00,3.001846040084507963e-02,9.009063720703125000e+00,4.788835520946210789e-02,1.174071103818924017e-01,-4.406314899003313350e-03,-7.792768442018928710e+00,-2.160532295238525080e+00,-3.265203300300396211e-02,2.402605271749088944e-01,4.724453496945190123e-01,-2.461521030982873892e+00,-7.792768442018928710e+00,-2.160532295238525080e+00,-3.265203300300396211e-02,2.402605271749088944e-01,4.724453496945190123e-01,-2.461521030982873892e+00,-9.326852561202780834e+00,-5.150761594850448155e-01,2.586001092587586037e+00,2.918446612157478068e-02,-1.030228172586469988e-02,1.153599619865417064e-01
-9.412136230927647063e+00,-2.037952180100365940e+00,1.818675000679166098e+00,4.903500982626247257e-02,7.930239150217191502e-02,-1.456472942224694977e-01,-9.574204183393909773e+00,-1.696829080581665039e+00,-1.858225571120390107e+00,8.644121770279199202e-02,1.282786497425648931e-01,-4.117316059115844751e-01,-3.869746923446654829e+00,5.950425406680717733e-02,8.997367594255218037e+00,5.113697930756595095e-02,1.174962595105171065e-01,-1.788221377844575934e-04,-8.256630189224688721e+00,-2.120056542017127121e+00,-1.221302931072524994e-01,1.740662530865720037e-01,4.300738780683452944e-01,-2.643803695562981115e+00,-8.256630189224688721e+00,-2.120056542017127121e+00,-1.221302931072524994e-01,1.740662530865720037e-01,4.300738780683452944e-01,-2.643803695562981115e+00,-9.271317167359022449e+00,-4.540510038501732737e-01,2.579694153602931195e+00,3.183643833864416295e-02,-1.199358667116677025e-02,1.155319932026467045e-01
-9.387949430570197151e+00,-2.122491261132607221e+00,1.866820058942268101e+00,5.752027839902908862e-02,6.856108944018071694e-02,-1.243044010478444039e-01,-9.566997722643797886e+00,-1.708134938244568080e+00,-1.768026673883813960e+00,9.055591437383450626e-02,1.390383143965419899e-01,-4.118104264660801817e-01,-3.846354116034763848e+00,-6.762357907778884791e-02,9.008552750501031881e+00,5.843515099439707677e-02,1.205665683388115056e-01,1.023436573544336987e-03,-8.720472054217241364e+00,-2.193321782648829821e+00,-1.953684488461842894e-01,1.488212994858288951e-01,3.898477025599939028e-01,-2.813970413461897913e+00,-8.720472054217241364e+00,-2.193321782648829821e+00,-1.953684488461842894e-01,1.488212994858288951e-01,3.898477025599939028e-01,-2.813970413461897913e+00,-9.294172653663055783e+00,-3.949758232547702086e-01,2.596242572744630994e+00,3.648914767336970677e-02,-2.429410847423400886e-04,1.157396213002155061e-01
-9.351555522746814120e+00,-2.136067412965309220e+00,1.939608216621421022e+00,7.025820472555714680e-02,6.312053521672579548e-02,-1.102787386349421972e-01,-9.675961647551368117e+00,-1.760813607432109018e+00,-1.782523099034013958e+00,9.943784821901106852e-02,1.446945729668200065e-01,-4.142046349139574257e-01,-3.880416751472437031e+00,-7.324442267417907715e-02,8.997369156655224742e+00,7.000449383444201645e-02,1.247939279682730995e-01,1.027789806908253022e-02,-9.184333157429497518e+00,-2.172870963491420060e+00,-2.767558300927762116e-01,1.652260069175983115e-01,3.585238526158007755e-01,-2.968834506476529800e+00,-9.184333157429497518e+00,-2.172870963491420060e+00,-2.767558300927762116e-01,1.652260069175983115e-01,3.585238526158007755e-01,-2.968834506476529800e+00,-9.255177725905708641e+00,-3.481172646962857886e-01,2.579693650259339055e+00,3.721316454715595939e-02,1.012935581046246931e-02,1.109514610619650038e-01
-9.350871086120605469e+00,-2.112337071835781011e+00,1.952956339150774046e+00,8.831690105333489527e-02,5.987616697268124261e-02,-9.639282321630840422e-02,-9.696284099560791958e+00,-1.716248727983020084e+00,-1.924262042801160089e+00,1.111875845151065051e-01,1.452680975198746005e-01,-4.225921018601502266e-01,-3.835174828874595043e+00,2.031441822674753123e-02,9.020245686348927094e+00,7.766085311854367679e-02,1.311130943859289133e-01,1.375137783226467077e-02,-9.599304692717439025e+00,-2.034472488127215151e+00,-4.355057162572064100e-01,2.072473377881947076e-01,3.357432178669483847e-01,-3.112660884063771949e+00,-9.599304692717439025e+00,-2.034472488127215151e+00,-4.355057162572064100e-01,2.072473377881947076e-01,3.357432178669483847e-01,-3.112660884063771949e+00,-9.255591203198150652e+00,-3.055991407135270066e-01,2.610004614367765985e+00,3.700497009658285097e-02,1.264578753882777962e-02,1.027866374974471947e-01
-9.314938075042299204e+00,-2.099902952951734125e+00,1.917251357390787891e+00,1.148575374547382011e-01,5.352797160590486852e-02,-8.774889984418317301e-02,-9.626892204963422017e+00,-1.617029329034163077e+00,-2.035023544927895944e+00,1.224418415411872019e-01,1.492245686638679070e-01,-4.317891763774053260e-01,-3.809737949171156046e+00,9.457495128269820250e-02,9.021270751953125000e+00,7.899796217298532541e-02,1.395675260466343881e-01,1.286275293077268969e-02,-1.007951497860707057e+01,-1.757697298718426948e+00,-6.145267970306838023e-01,2.510360644465522983e-01,3.204377922899467879e-01,-3.244386112757115193e+00,-1.007951497860707057e+01,-1.757697298718426948e+00,-6.145267970306838023e-01,2.510360644465522983e-01,3.204377922899467879e-01,-3.244386112757115193e+00,-9.196526042084283148e+00,-2.441480606794357022e-01,2.667105877031731076e+00,4.041776643715760953e-02,1.381182256725095939e-02,9.103850989629802548e-02
-9.314249038696289062e+00,-2.087697241227879807e+00,1.868657614240935905e+00,1.436536426670370903e-01,4.607199165246771144e-02,-8.130063369639412008e-02,-9.595924975104974664e+00,-1.640536557554070018e+00,-2.110068574109162043e+00,1.385608021220436081e-01,1.552965793732886957e-01,-4.402541965284340053e-01,-3.797017963903289051e+00,1.561182101290403135e-01,9.032963104594704973e+00,7.904294133186340332e-02,1.511807245057293914e-01,4.633516738372194833e-03,-1.063696226175900073e+01,-1.468842963914201105e+00,-7.365549819029721945e-01,3.005283741514310214e-01,3.090462214080407777e-01,-3.360084026918420008e+00,-1.063696226175900073e+01,-1.468842963914201105e+00,-7.365549819029721945e-01,3.005283741514310214e-01,3.090462214080407777e-01,-3.360084026918420008e+00,-9.143776650436096887e+00,-2.402226896741971873e-01,2.703724229146564184e+00,4.020841059184843136e-02,2.817383393477429152e-02,7.911841222645378535e-02
-9.290296570191429737e+00,-2.123394470366220865e+00,1.867732644081115945e+00,1.683019134046722931e-01,2.602003738322260923e-02,-7.489176397438362942e-02,-9.594110841376270571e+00,-1.626308668409109925e+00,-2.147594932465314965e+00,1.575297160977179034e-01,1.594894645522673127e-01,-4.533272081621935179e-01,-3.843269443182351974e+00,1.586962491273880005e-01,9.056861483373216615e+00,7.290477770882816677e-02,1.680454053270835080e-01,1.804858085609248970e-04,-1.121068544651505938e+01,-1.298006981199238075e+00,-7.772093405646662845e-01,3.717462109393239178e-01,3.069152989283134847e-01,-3.452285734189819877e+00,-1.121068544651505938e+01,-1.298006981199238075e+00,-7.772093405646662845e-01,3.717462109393239178e-01,3.069152989283134847e-01,-3.452285734189819877e+00,-9.076420539017144407e+00,-2.197332531213760098e-01,2.730533544376108956e+00,4.516776599505868683e-02,4.802878225468024120e-02,6.715947030662620942e-02
-9.289834022521972656e+00,-2.171986625180208019e+00,1.843783475167769970e+00,1.907706746432686895e-01,2.584444719172311958e-03,-6.743590891910518359e-02,-9.607226371765136719e+00,-1.603909704182987950e+00,-2.200253956269692779e+00,1.744602235200491958e-01,1.628527635956835973e-01,-4.699224289082369888e-01,-3.751810162775071067e+00,1.586962491273880005e-01,9.011132378714286517e+00,7.672563408551869024e-02,1.759276258190966002e-01,-1.432053615339935054e-02,-1.168668155506601991e+01,-1.224794865097017960e+00,-8.138414418424242402e-01,4.732229681169424218e-01,3.090514066116186731e-01,-3.517071225251643174e+00,-1.168668155506601991e+01,-1.224794865097017960e+00,-8.138414418424242402e-01,4.732229681169424218e-01,3.090514066116186731e-01,-3.517071225251643174e+00,-9.041763488903329815e+00,-2.177721302664500092e-01,2.721810191396683010e+00,5.371203063236130310e-02,5.529497086732847178e-02,5.934004288136242311e-02
-9.229961132307391125e+00,-2.232790733079573986e+00,1.795419647702179988e+00,2.069150782183110104e-01,-2.196252408651544127e-02,-5.995888970563396925e-02,-9.612873608188266417e+00,-1.680058701949062927e+00,-2.234867372393181117e+00,2.001081657482914888e-01,1.673798054357522047e-01,-4.874248874611690763e-01,-3.887954862039637138e+00,2.522175739983291143e-01,9.079204411123326324e+00,5.747174140956697042e-02,2.130684238451752976e-01,-3.336608327264267010e-02,-1.206507400140601050e+01,-1.167825927199672931e+00,-7.975378194437598989e-01,5.981964261423180496e-01,3.190236971797055232e-01,-3.556940335343572013e+00,-1.206507400140601050e+01,-1.167825927199672931e+00,-7.975378194437598989e-01,5.981964261423180496e-01,3.190236971797055232e-01,-3.556940335343572013e+00,-9.017348625937060547e+00,-2.016424831714437038e-01,2.781326862402103917e+00,6.122762347961153290e-02,6.721619700109782158e-02,4.955511307463057735e-02
-9.192873411891524071e+00,-2.210005563280855068e+00,1.782513756158103924e+00,2.250328426136307958e-01,-3.709995087176080203e-02,-5.562517927178452226e-02,-9.630726871395268063e+00,-1.762598728379870083e+00,-2.182220589896405993e+00,2.307483651078678921e-01,1.744422234731189125e-01,-5.056622220255967415e-01,-4.607261612484898627e+00,-2.420853869393431099e-02,9.082307815551757812e+00,-4.260846067990591013e-02,2.525446221758875787e-01,-4.361763662533216235e-01,-1.237835702306555952e+01,-1.066092361199113103e+00,-6.998702776305397721e-01,7.402516029852385104e-01,3.329084271484737956e-01,-3.575448769789475012e+00,-1.237835702306555952e+01,-1.066092361199113103e+00,-6.998702776305397721e-01,7.402516029852385104e-01,3.329084271484737956e-01,-3.575448769789475012e+00,-9.000777811597673761e+00,-1.767855132247042882e-01,2.765198657541346083e+00,6.319227495826905405e-02,7.848945168226706404e-02,3.870251823225257654e-02
-9.168231698171178223e+00,-2.185596910772769963e+00,1.722423356239038972e+00,2.452818162992906059e-01,-3.633766559612684049e-02,-5.240116821039904338e-02,-9.649494534080844232e+00,-1.748405831460152049e+00,-2.113712200127194851e+00,2.550602144806340954e-01,1.773125380277633945e-01,-5.271975164131451619e-01,-2.721871236062424870e+00,3.374152510965371943e-01,8.942044389578988728e+00,6.652771307349311658e-02,2.419460732477904108e-01,-8.883795971149796578e-02,-1.272830117084524915e+01,-9.196040539316073792e-01,-6.429201304698930475e-01,8.976209968999905309e-01,3.510671706342782805e-01,-3.577938918999019169e+00,-1.272830117084524915e+01,-9.196040539316073792e-01,-6.429201304698930475e-01,8.976209968999905309e-01,3.510671706342782805e-01,-3.577938918999019169e+00,-9.021270751953125000e+00,-2.016518590537877964e-01,2.736416422551677829e+00,6.391754177629307976e-02,7.826671048357923544e-02,2.781204177787708134e-02
-9.179730973973740049e+00,-2.137239395076655946e+00,1.685329570244717967e+00,2.729090360654695124e-01,-3.212701898789214333e-02,-4.710173698049657798e-02,-9.644766060655712181e+00,-1.675165714717743892e+00,-2.081820829781590998e+00,2.689324954545376789e-01,1.802762270004270861e-01,-5.529117569733593696e-01,-4.097687613135581941e+00,1.202725278389800007e-01,9.005941964196713556e+00,7.770163400708278434e-02,2.485597537625207076e-01,-1.025410964427036012e-02,-1.316366998581426984e+01,-7.690601435846484701e-01,-6.510625566438967837e-01,1.064950619054545022e+00,3.649509536591378778e-01,-3.560135542377533824e+00,-1.316366998581426984e+01,-7.690601435846484701e-01,-6.510625566438967837e-01,1.064950619054545022e+00,3.649509536591378778e-01,-3.560135542377533824e+00,-9.015396785565174653e+00,-1.709036529064177912e-01,2.748623730461229986e+00,6.216409699624157736e-02,6.130747351207935236e-02,2.140315479388640862e-02
-9.167995847925674013e+00,-2.112352698293638031e+00,1.576878710520676075e+00,2.996333683042177176e-01,-4.566195149487767280e-02,-4.280849915718840104e-02,-9.648574162554997002e+00,-1.726100552466607985e+00,-2.041392833955825825e+00,2.778103220206434854e-01,1.852030505736668997e-01,-5.779713514030619947e-01,-3.753730304809076213e+00,6.312444512052281520e-02,8.997378531055261419e+00,8.410969884363099502e-02,2.652381990525933819e-01,-3.099419486288276099e-02,-1.349731890360514086e+01,-6.144392887751261023e-01,-6.591997742652893066e-01,1.241899847984313965e+00,3.742077847321829132e-01,-3.520971298217772993e+00,-1.349731890360514086e+01,-6.144392887751261023e-01,-6.591997742652893066e-01,1.241899847984313965e+00,3.742077847321829132e-01,-3.520971298217772993e+00,-8.982691017320789229e+00,-1.689459059545269093e-01,2.751042207773799930e+00,5.750867858305946240e-02,5.045491274463891063e-02,1.448049095339962004e-02
-9.083959539059913268e+00,-2.111880779266356978e+00,1.550812096960167974e+00,3.242420566101837931e-01,-4.907285891801378003e-02,-3.748840557318801336e-02,-9.662619324140649724e+00,-1.864976192033418911e+00,-2.024591266468006800e+00,2.930170755873444111e-01,1.913707416544677964e-01,-6.016313978420790853e-01,-3.992545978692148001e+00,6.103701516985893250e-02,9.031912970896934567e+00,9.051855602594931216e-02,2.894858225256861095e-01,-2.181964032199373155e-02,-1.375769945676290007e+01,-5.208596230193969223e-01,-7.405616162925966472e-01,1.408147715320055005e+00,3.763442670014436886e-01,-3.459386672209618929e+00,-1.375769945676290007e+01,-5.208596230193969223e-01,-7.405616162925966472e-01,1.408147715320055005e+00,3.763442670014436886e-01,-3.459386672209618929e+00,-8.982223855002501978e+00,-1.645655514747743908e-01,2.688522653462516843e+00,5.644064775252732868e-02,3.819298323413621021e-02,4.868194490911499119e-03
-9.070338269102730777e+00,-2.075970971018255007e+00,1.478520792912662030e+00,3.456642748023915912e-01,-4.180322832616376744e-02,-2.691150037768470088e-02,-9.678630400295983094e+00,-1.943859864132635895e+00,-2.056487324935715844e+00,3.166869007357100974e-01,1.999958792683959874e-01,-6.229930939418657498e-01,-3.840452518533930881e+00,2.598506554104859992e-02,8.986742402319260137e+00,1.030607459663536035e-01,3.120055161707382951e-01,-2.238530430475026145e-02,-1.390014842810757045e+01,-4.191416861488698742e-01,-8.870442221052071696e-01,1.554487264197548013e+00,3.638854525585574762e-01,-3.377142463110728965e+00,-1.390014842810757045e+01,-4.191416861488698742e-01,-8.870442221052071696e-01,1.554487264197548013e+00,3.638854525585574762e-01,-3.377142463110728965e+00,-9.043259666562004639e+00,-1.933622634469600865e-01,2.560112576531674122e+00,5.691301575056662704e-02,2.101406204478087000e-02,-5.258437072168990756e-03
-9.070100784301757812e+00,-2.087226944971860121e+00,1.489064177035003933e+00,3.628355895650535179e-01,-3.013822919290150976e-02,-9.948006752317224699e-03,-9.733099107551867135e+00,-2.034948537838623839e+00,-2.096907507347804067e+00,3.415749970569832983e-01,2.045099752312798114e-01,-6.408984126476404697e-01,-3.985015484716607936e+00,9.451830115801612697e-02,9.031384771076520934e+00,1.107667384958165996e-01,3.385258871381001122e-01,-3.469921793732400755e-02,-1.391237557207472086e+01,-2.726658558637249929e-01,-1.037598057362633996e+00,1.690849283936844083e+00,3.478633276169361133e-01,-3.272116972025997050e+00,-1.391237557207472086e+01,-2.726658558637249929e-01,-1.037598057362633996e+00,1.690849283936844083e+00,3.478633276169361133e-01,-3.272116972025997050e+00,-9.098425425692088453e+00,-1.792013121571409129e-01,2.491787030674895043e+00,6.562832876833901707e-02,-5.086008046242979433e-03,-1.773272975978832169e-02
-9.117961280023102688e+00,-2.015674323171552818e+00,1.453407392069784976e+00,3.694520087949387799e-01,-1.525070141745378006e-02,1.132586643997019957e-02,-9.754638452772811164e+00,-2.143885918620544118e+00,-2.158863523866064948e+00,3.623622852503590175e-01,2.095274595358025960e-01,-6.523151246957890059e-01,-3.933408662663461008e+00,1.210240654940109989e-01,8.986748652163409901e+00,1.141540091038971000e-01,3.652263026520978229e-01,-2.707118261140615059e-02,-1.386355627590243955e+01,-1.139763899908591005e-01,-1.216621223682631925e+00,1.820447407163110931e+00,3.257916536443489219e-01,-3.148932529789817192e+00,-1.386355627590243955e+01,-1.139763899908591005e-01,-1.216621223682631925e+00,1.820447407163110931e+00,3.257916536443489219e-01,-3.148932529789817192e+00,-9.128704231455579077e+00,-1.606511213915413905e-01,2.587013202328836137e+00,7.404430419172285116e-02,-1.341460772129076003e-02,-2.841420806643944058e-02
-9.202697187879604002e+00,-2.002254836065731958e+00,1.428747524160258964e+00,3.758616798964279915e-01,-2.948312281287909873e-04,3.059721745444754157e-02,-9.730225558166191391e+00,-2.243386908183022221e+00,-2.179484016334956031e+00,3.827365609739477037e-01,2.146977186203002930e-01,-6.593789103180094369e-01,-4.059273381979627615e+00,1.220740303397179066e-01,9.019691124411592043e+00,9.487238990563245933e-02,4.072577145704460166e-01,-1.258449874945631874e-01,-1.376998836527586967e+01,7.724272754841038369e-02,-1.452593488087807083e+00,1.936158418762200073e+00,3.065638888336916223e-01,-3.015783595654320859e+00,-1.376998836527586967e+01,7.724272754841038369e-02,-1.452593488087807083e+00,1.936158418762200073e+00,3.065638888336916223e-01,-3.015783595654320859e+00,-9.193649321531312424e+00,-1.728582749629347104e-01,2.715907308427622180e+00,7.652261589448644541e-02,-7.906180602503955213e-03,-3.943752630129904180e-02
-9.228312596001668311e+00,-1.966118413965940004e+00,1.368440118730716915e+00,3.728471732080081980e-01,0.000000000000000000e+00,5.610325919748169327e-02,-9.688891266305635241e+00,-2.299705694690032054e+00,-2.150356125804139928e+00,3.975202324035514989e-01,2.142041748630151010e-01,-6.622516512870788574e-01,-3.983299829107763923e+00,2.155203552620033880e-01,8.892782316290897882e+00,9.808528256119518340e-02,4.315861438062943978e-01,-1.282698897786984094e-01,-1.358692437675873954e+01,3.335612040076020857e-01,-1.733338736581363060e+00,2.029804037783736081e+00,2.955241832315647077e-01,-2.865189225992299971e+00,-1.358692437675873954e+01,3.335612040076020857e-01,-1.733338736581363060e+00,2.029804037783736081e+00,2.955241832315647077e-01,-2.865189225992299971e+00,-9.279090464138029404e+00,-1.831110566854476929e-01,2.756431021367513168e+00,8.113644236519229613e-02,-2.512259606229546097e-02,-5.225365969920896941e-02
-9.300578609282482034e+00,-1.965391874313354048e+00,1.319374517077416042e+00,3.633622129427612757e-01,1.360866545657696963e-02,7.545460533728813590e-02,-9.672975114963023202e+00,-2.409640037793717937e+00,-2.056413113521541103e+00,4.036786485514882727e-01,2.106687718925114028e-01,-6.652124311929474842e-01,-3.874486433257216866e+00,1.146061366926583031e-01,8.945393593813051325e+00,1.279096131637897926e-01,4.438426332844873090e-01,6.735402540886979011e-03,-1.328588441543353937e+01,7.444281756732948896e-01,-2.066954093935791104e+00,2.093900650209461034e+00,2.834217349141474052e-01,-2.702135696585682201e+00,-1.328588441543353937e+01,7.444281756732948896e-01,-2.066954093935791104e+00,2.093900650209461034e+00,2.834217349141474052e-01,-2.702135696585682201e+00,-9.362580016680690065e+00,-1.889655457867499000e-01,2.813557283163956146e+00,8.839828735862333142e-02,-4.656976733905517779e-02,-6.506979369265038227e-02
-9.349895985628235096e+00,-1.881646561366254966e+00,1.330363164665878006e+00,3.474679834648576882e-01,1.702637486760654947e-02,9.886848611811523135e-02,-9.743428087716644370e+00,-2.526002813633648980e+00,-1.876099614454387110e+00,4.013742108809175146e-01,2.027800652524749114e-01,-6.706341221407924325e-01,-4.290201310905164434e+00,6.314944428160861045e-02,8.901309072078761986e+00,1.323116994687603132e-01,4.719418202977807009e-01,5.664204885739950075e-03,-1.285463963931973019e+01,1.366872899848500023e+00,-2.453481795662070919e+00,2.105324263335861978e+00,2.716710523221044782e-01,-2.530887345930763921e+00,-1.285463963931973019e+01,1.366872899848500023e+00,-2.453481795662070919e+00,2.105324263335861978e+00,2.716710523221044782e-01,-2.530887345930763921e+00,-9.433866109716177561e+00,-2.236336217635238044e-01,2.852125793374995055e+00,9.844023856790751204e-02,-5.639689298383834121e-02,-7.805683239493318992e-02
-9.386761817697738763e+00,-1.760303757157742899e+00,1.318643321273146984e+00,3.209775987949605724e-01,2.441808820549061163e-02,1.192272843738672039e-01,-9.870192466495620209e+00,-2.516590658443221162e+00,-1.735316807476396939e+00,3.904452809836759797e-01,1.926747051214386941e-01,-6.773724864177051996e-01,-4.134025056485451266e+00,-2.071758149515053049e-02,8.922555282063443727e+00,1.549328410482015972e-01,4.966939167752366102e-01,4.008644411704682942e-02,-1.232980542443526062e+01,2.038242669427774878e+00,-2.831898894304504921e+00,2.048755414596092894e+00,2.716624029815142838e-01,-2.351102413234614996e+00,-1.232980542443526062e+01,2.038242669427774878e+00,-2.831898894304504921e+00,2.048755414596092894e+00,2.716624029815142838e-01,-2.351102413234614996e+00,-9.494901925275804899e+00,-2.480479324865658974e-01,2.906804166498675901e+00,9.797279488375897072e-02,-6.190814330132551196e-02,-9.177184609476224386e-02
-9.531038619485382668e+00,-1.602358804581551111e+00,1.318399548530579057e+00,2.995106677125300987e-01,3.712760364074386282e-02,1.290527149476086988e-01,-9.954669314005698766e+00,-2.495945989070956994e+00,-1.697764985603787080e+00,3.720412177510408758e-01,1.879121266218667929e-01,-6.884639850731437694e-01,-4.301245712947138422e+00,-2.441480569541453968e-02,8.958640202799811547e+00,1.692313081946006104e-01,5.406670792346296439e-01,2.735437101574620875e-02,-1.180488722762632037e+01,2.941327944115621040e+00,-3.222496641671053208e+00,1.909600272339792904e+00,2.741572576848225751e-01,-2.163477121105087164e+00,-1.180488722762632037e+01,2.941327944115621040e+00,-3.222496641671053208e+00,1.909600272339792904e+00,2.741572576848225751e-01,-2.163477121105087164e+00,-9.555932423669254661e+00,-2.705115024334214247e-01,2.996144055160447905e+00,8.908752227632192600e-02,-6.882785524766657503e-02,-1.049292529964151038e-01
-9.641626628522727671e+00,-1.503485553993636037e+00,1.318399548530579057e+00,2.812901036192814175e-01,2.587315714913904913e-02,1.344786280365372899e-01,-1.002885114229641950e+01,-2.502517700195312056e+00,-1.701524230150075923e+00,3.540499072808486192e-01,1.895551532506943027e-01,-7.017731208067674586e-01,-4.437666929084075562e+00,-1.178355874829237065e-01,8.960233688354492188e+00,1.708572950562781967e-01,5.947303982126530553e-01,-1.255429897408714135e-01,-1.130034953007148069e+01,4.251191974555913689e+00,-3.373294686105420936e+00,1.633437409316107036e+00,2.830498732877239076e-01,-1.960559180462450035e+00,-1.130034953007148069e+01,4.251191974555913689e+00,-3.373294686105420936e+00,1.633437409316107036e+00,2.830498732877239076e-01,-1.960559180462450035e+00,-9.611122650901222642e+00,-2.866146431605102740e-01,3.094317424196643795e+00,7.925878244156357721e-02,-7.827032985328286063e-02,-1.192008661755079996e-01
-9.739532345939281299e+00,-1.477589638429730901e+00,1.306439057686850091e+00,2.516196404230393036e-01,-1.574601948020919922e-03,1.492382422951752940e-01,-1.012462987096506062e+01,-2.496884307126418179e+00,-1.755043941693493981e+00,3.402471877501002107e-01,1.891444754856889121e-01,-7.186155773191896801e-01,-3.777953031776230208e+00,2.971619288449584007e-02,8.890176972521414811e+00,2.240302370922918895e-01,6.277445822355308680e-01,8.618598350387031426e-02,-1.107624958627235046e+01,5.443686333669495170e+00,-3.202615060015209014e+00,1.218040507784637017e+00,2.574580758123353741e-01,-1.741253201862634103e+00,-1.107624958627235046e+01,5.443686333669495170e+00,-3.202615060015209014e+00,1.218040507784637017e+00,2.574580758123353741e-01,-1.741253201862634103e+00,-9.633587074011177975e+00,-3.271212231264333248e-01,3.123149404939653984e+00,7.357857793840461014e-02,-8.647334251723083620e-02,-1.298802597943042869e-01
-9.813271176064251478e+00,-1.512977314892635983e+00,1.294231668808980995e+00,2.227580460771743098e-01,-6.322472566558469398e-03,1.579130536781722105e-01,-1.011055636701945915e+01,-2.512840770262236845e+00,-1.873345004326705032e+00,3.346582371958480850e-01,1.875011648939373943e-01,-7.384163245690337218e-01,-4.354830124533243918e+00,3.662221133708953857e-02,8.980398307991711349e+00,2.325772964154763922e-01,6.822653120136602523e-01,1.186098042003814051e-01,-1.073071381524843915e+01,5.660343023385858707e+00,-3.226677819340753928e+00,8.138943395189845997e-01,2.118885033829147890e-01,-1.487091464970704990e+00,-1.073071381524843915e+01,5.660343023385858707e+00,-3.226677819340753928e+00,8.138943395189845997e-01,2.118885033829147890e-01,-1.487091464970704990e+00,-9.632169107418093290e+00,-3.725898226020828985e-01,3.107048165441200105e+00,6.473845479538412051e-02,-9.254200840457066368e-02,-1.414140737290147110e-01
-9.790834425171007993e+00,-1.621348765768223954e+00,1.234189853997170960e+00,2.085714069631726952e-01,-2.210504022990369966e-02,1.769212621794488127e-01,-1.012742572848880940e+01,-2.601089570562594044e+00,-1.982287255544511018e+00,3.493614489764845232e-01,1.874186528214294989e-01,-7.586272285952668781e-01,-4.522534942822227677e+00,5.996843788411448245e-02,8.937956757273306962e+00,2.379632176746027117e-01,7.388167988164728861e-01,-3.255568138086067237e-02,-1.019775417457771916e+01,5.469080811760331784e+00,-3.641393971699539822e+00,4.617442126556108861e-01,1.880054986872126133e-01,-1.203706884362792051e+00,-1.019775417457771916e+01,5.469080811760331784e+00,-3.641393971699539822e+00,4.617442126556108861e-01,1.880054986872126133e-01,-1.203706884362792051e+00,-9.568660298067669601e+00,-3.379194383522333145e-01,3.074321661127327854e+00,4.820939995008924339e-02,-9.732396529078544967e-02,-1.569225624760663129e-01
-9.790337562561035156e+00,-1.731215098669635077e+00,1.209029850780322990e+00,1.967783370691877087e-01,-3.603440003051851248e-02,1.992870963274424867e-01,-1.025512353708385938e+01,-2.718469819628321016e+00,-1.973858832214425929e+00,3.833717013021811226e-01,1.894721679649812862e-01,-7.804816578317357312e-01,-4.073700460970128390e+00,7.270999700002681032e-02,8.935819625854492188e+00,2.729240740361851270e-01,7.944066459956806714e-01,8.304480114771474464e-02,-9.693145623177187531e+00,5.554153037135311166e+00,-3.967190337245174003e+00,1.256574083032137024e-01,1.780330248145582106e-01,-9.060849115971518764e-01,-9.693145623177187531e+00,5.554153037135311166e+00,-3.967190337245174003e+00,1.256574083032137024e-01,1.780330248145582106e-01,-9.060849115971518764e-01,-9.554509088200580535e+00,-3.173924982547760010e-01,3.081551465764785114e+00,2.915320203135463029e-02,-1.024198305068240999e-01,-1.685495651971357922e-01
-9.754470077414081786e+00,-1.841054169668514984e+00,1.196577062120455004e+00,1.860777949101485029e-01,-3.631702437996864319e-02,2.112511788140425117e-01,-1.034435373334108021e+01,-2.703517830774714970e+00,-1.924086458260013011e+00,4.212510043185793140e-01,1.907058103774000035e-01,-8.048817903810565610e-01,-4.461359666890009734e+00,7.324442267417907715e-02,8.947490753902297200e+00,2.857477923605578063e-01,8.601560907877774387e-01,7.231619110256796989e-02,-9.249580188464094022e+00,5.863260131460913627e+00,-3.829380498808955036e+00,-1.731083057253325064e-01,1.879743288418480873e-01,-5.927930390352600387e-01,-9.249580188464094022e+00,5.863260131460913627e+00,-3.829380498808955036e+00,-1.731083057253325064e-01,1.879743288418480873e-01,-5.927930390352600387e-01,-9.533982276916503906e+00,-3.173924982547760010e-01,3.187521522892358128e+00,1.150651722245158923e-02,-9.426377341818852063e-02,-1.730399429798125943e-01
-9.634141946171634885e+00,-1.950933984980022906e+00,1.160453423146110996e+00,1.827189175462375081e-01,-3.317822140573906120e-02,2.261410255527362134e-01,-1.036408519744873047e+01,-2.602070737910526788e+00,-1.915615355455746904e+00,4.502567120136752865e-01,1.906229512002061977e-01,-8.340487019852741435e-01,-4.363403058393881651e+00,4.990158787190807771e-02,8.936355597656687522e+00,3.138373476523225181e-01,9.274021074122424935e-01,7.258714991872028399e-02,-9.187970170958863037e+00,5.949128592073818389e+00,-3.585137573534161071e+00,-4.312580155949425897e-01,2.064884343182981086e-01,-2.741549701837454056e-01,-9.187970170958863037e+00,5.949128592073818389e+00,-3.585137573534161071e+00,-4.312580155949425897e-01,2.064884343182981086e-01,-2.741549701837454056e-01,-9.539809364083481569e+00,-3.135077560895598858e-01,3.271030976567216975e+00,-3.617509876588178869e-03,-8.319397241876666516e-02,-1.720201984578166865e-01
-9.571869745930657203e+00,-2.084682074507270944e+00,1.147748949645515992e+00,1.857912788114677027e-01,-2.265255212867721066e-02,2.389993758069788865e-01,-1.040912113460676025e+01,-2.530726096304495076e+00,-1.906251739100734088e+00,4.774514171083285019e-01,1.956316859300563926e-01,-8.710170794155844831e-01,-4.404722823935557585e+00,1.538589109242168018e-01,8.947489191502290495e+00,3.212303131967534919e-01,1.006940658687859091e+00,9.101417733569250323e-02,-9.326275143537298362e+00,5.729718939223240604e+00,-3.166435962112096991e+00,-6.097340033375682200e-01,2.218015200080477867e-01,4.198000412141104226e-02,-9.326275143537298362e+00,5.729718939223240604e+00,-3.166435962112096991e+00,-6.097340033375682200e-01,2.218015200080477867e-01,4.198000412141104226e-02,-9.568662109409178385e+00,-2.852091984259522151e-01,3.338447476843172002e+00,-1.895965802468121963e-02,-7.758638608147450100e-02,-1.639120863934385997e-01
-9.486924292305097595e+00,-2.230917118112063058e+00,1.004044865957602894e+00,1.984096917619903033e-01,-8.833139529666318018e-03,2.518170780163206945e-01,-1.055180315011840086e+01,-2.483731517593981142e+00,-1.857425496722268976e+00,5.071913568532839811e-01,2.022893139057689027e-01,-9.191576074436877963e-01,-4.441886633615490076e+00,1.864008422959570130e-02,8.948026657104492188e+00,3.460223120888222259e-01,1.097273502638604903e+00,8.879698387731924103e-02,-9.521493651228444932e+00,5.627613067626953125e+00,-2.535945819758539166e+00,-7.027551211031412004e-01,2.520336609236473180e-01,3.556486456533364815e-01,-9.521493651228444932e+00,5.627613067626953125e+00,-2.535945819758539166e+00,-7.027551211031412004e-01,2.520336609236473180e-01,3.556486456533364815e-01,-9.554514841000603553e+00,-2.325032124390251087e-01,3.375065782652472812e+00,-2.917963197274554138e-02,-8.168869347135591930e-02,-1.459744569206017917e-01
-9.401482922890787464e+00,-2.377387429052685963e+00,9.771016012854816246e-01,2.363265705626645119e-01,-1.586622567712673085e-02,2.688167136304132065e-01,-1.066269124901494969e+01,-2.405891191664906170e+00,-1.819854618049562056e+00,5.421885629019449482e-01,2.094331269691135089e-01,-9.800316811630184199e-01,-4.466834839733343721e+00,2.456058249865469001e-01,8.959696222752290495e+00,3.522536369081374907e-01,1.200308825071620955e+00,1.009096833160267048e-01,-9.773717103343832591e+00,5.457037382350478083e+00,-1.836085982433784070e+00,-6.968431030245114677e-01,2.848011366279076806e-01,6.615086324585441879e-01,-9.773717103343832591e+00,5.457037382350478083e+00,-1.836085982433784070e+00,-6.968431030245114677e-01,2.848011366279076806e-01,6.615086324585441879e-01,-9.533982276916503906e+00,-1.592588011123891867e-01,3.409747042963580999e+00,-3.012718261575781167e-02,-8.353457131212756182e-02,-1.240528147959489014e-01
-9.351883800337125408e+00,-2.499985884985230111e+00,9.168211450925970452e-01,2.695546548004232879e-01,2.805682907774977898e-03,2.785871900535091261e-01,-1.084931426754410033e+01,-2.189045362583610821e+00,-1.756058339469642959e+00,5.801446615360341674e-01,2.275812458773817937e-01,-1.054784390176592090e+00,-4.397890552641852580e+00,1.046473829374213044e-01,8.995244002256768567e+00,3.718899227812297870e-01,1.317193026794144961e+00,1.147484979031943991e-01,-9.904189702537747664e+00,5.517446140710178248e+00,-1.249940947764327959e+00,-5.695546321140793067e-01,3.203918472472155887e-01,9.801134715750994264e-01,-9.904189702537747664e+00,5.517446140710178248e+00,-1.249940947764327959e+00,-5.695546321140793067e-01,3.203918472472155887e-01,9.801134715750994264e-01,-9.537862781859553607e+00,-8.989797664044883729e-02,3.420578680961126050e+00,-2.427732975763037884e-02,-8.175937768852797882e-02,-1.048269406311921059e-01
-9.386729100045604568e+00,-2.657903049722396105e+00,8.079807300596921760e-01,3.204428391352546202e-01,8.433760594637150498e-03,2.902910665476747809e-01,-1.127933112022254036e+01,-1.972076230249977913e+00,-1.685576590513728101e+00,6.155602699158790880e-01,2.468166711685705894e-01,-1.147861477217956949e+00,-4.406332206994576950e+00,-3.067629679842986956e-02,9.066857572525762521e+00,4.034091015590681173e-01,1.450994213554356982e+00,1.214850720104915932e-01,-1.005455584338061925e+01,5.777775394690690014e+00,-9.605563918688452274e-01,-2.760829728781505898e-01,3.481846009493179128e-01,1.313348057113790102e+00,-1.005455584338061925e+01,5.777775394690690014e+00,-9.605563918688452274e-01,-2.760829728781505898e-01,3.481846009493179128e-01,1.313348057113790102e+00,-9.566147138202000022e+00,-5.076729453035763034e-02,3.355679599065628960e+00,-1.522534526884555990e-02,-1.035933861183741950e-01,-8.763898566128716650e-02
-9.590689236606259271e+00,-2.637308519587294953e+00,9.252155124835949040e-01,4.041354635237304760e-01,1.782981017904896042e-04,2.685731222010915853e-01,-1.177793017401670994e+01,-1.626753296114243907e+00,-1.796194492282962907e+00,6.486731869805473227e-01,2.556125753235301001e-01,-1.267393798280675110e+00,-4.290205387109619295e+00,2.900461493831564819e-01,9.163434491789896441e+00,4.283073254719307887e-01,1.639683773227063046e+00,1.309563999340372931e-01,-1.026607894958483946e+01,5.749976051167999813e+00,-2.267340095796212207e+00,1.534325864622743951e-01,4.359698561197782873e-01,1.681015469761250936e+00,-1.026607894958483946e+01,5.749976051167999813e+00,-2.267340095796212207e+00,1.534325864622743951e-01,4.359698561197782873e-01,1.681015469761250936e+00,-9.632413016655799964e+00,-6.103701516985893250e-02,3.274104359298544153e+00,-3.306432264768427009e-03,-1.475394726673069923e-01,-8.190833244882318731e-02
-9.690628522674938239e+00,-2.624847832584173979e+00,1.859953320729782922e+00,4.780513152649867870e-01,-2.300598753982640091e-02,2.586935739251420840e-01,-1.235902918875789958e+01,-9.537445758866940348e-01,-1.907228212785007093e+00,6.571729927549407879e-01,2.663665138109688746e-01,-1.410413802410078965e+00,-4.098130751437428110e+00,3.635187322017295886e-01,9.366094593384053368e+00,4.263329007536463267e-01,1.878861675919232033e+00,1.364863764893319009e-01,-1.194723142214398948e+01,-5.223802780009252356e-01,-4.772846355006021390e+00,3.609125328619491868e-01,5.296748359886147561e-01,1.888298102903116060e+00,-1.194723142214398948e+01,-5.223802780009252356e-01,-4.772846355006021390e+00,3.609125328619491868e-01,5.296748359886147561e-01,1.888298102903116060e+00,-9.831759028177746274e+00,-6.878248803034250902e-02,3.234372674449735197e+00,7.138170351157106103e-03,-1.663289827969144097e-01,-8.366916338302554657e-02
-1.001535843899477918e+01,-2.636542820649701024e+00,3.660658383271782945e+00,4.785526520737122258e-01,-4.676223221805788331e-03,2.333944049695791945e-01,-1.337145009047545940e+01,-4.114924565817777991e-01,-1.727151420301654028e+00,6.339285792438409395e-01,2.755821347236632746e-01,-1.576832419501885019e+00,-4.066149710693418129e+00,2.612349892469735813e-01,9.515268288942788644e+00,4.476258414862450130e-01,2.173310372674722935e+00,1.632613324369860119e-01,-1.494872493297147997e+01,-1.075368174761399942e+01,-4.251679423644816325e+00,4.633891329056746833e-01,4.428463298853633767e-01,1.800851099365700092e+00,-1.494872493297147997e+01,-1.075368174761399942e+01,-4.251679423644816325e+00,4.633891329056746833e-01,4.428463298853633767e-01,1.800851099365700092e+00,-1.030884475847159010e+01,-1.563650685452276923e-01,3.319248042765154949e+00,2.289278820489863177e-03,-1.332483319681279088e-01,-1.113575221855051950e-01
-1.059578545684854056e+01,-2.290305120974878150e+00,4.965338584374125119e+00,3.948937189649187052e-01,9.609119853732803196e-02,1.774470503712543001e-01,-1.486242606392043086e+01,-9.619346669604703082e-02,-1.669373320422292029e+00,6.234614047952877769e-01,2.559037157551363184e-01,-1.776283909770322911e+00,-3.715110404547580014e+00,2.796857945174666127e-01,9.860064690136262300e+00,4.486220777034760077e-01,2.553951290559597798e+00,2.247161813599143076e-01,-1.481880612258598973e+01,-1.125478664374753990e+01,-2.115415488199520855e+00,9.431388214940116255e-01,4.758121457219856021e-01,1.822757218565260073e+00,-1.481880612258598973e+01,-1.125478664374753990e+01,-2.115415488199520855e+00,9.431388214940116255e-01,4.758121457219856021e-01,1.822757218565260073e+00,-1.109119997545742997e+01,-4.570487449664428214e-01,3.467654049755072965e+00,-1.998392090179445038e-02,-9.143224857393764116e-02,-1.723145451208364931e-01
-1.138495279069656085e+01,-1.446317059788321036e+00,5.327414899854619357e+00,2.613347992367758277e-01,3.042496882122466828e-01,8.527856344084569495e-02,-1.600229153766775880e+01,3.366621449927307830e-01,-1.912543698842068096e+00,6.418440423807627582e-01,2.348238141733081097e-01,-1.998108363603182003e+00,-3.430544430820134938e+00,4.324174031607627144e-01,1.009742739343423068e+01,4.516841755141310921e-01,3.022181968474106917e+00,2.336396987235704881e-01,-1.297155602610281022e+01,-1.336345826406172943e+00,-1.144110086387454039e+00,1.706544573170021950e+00,7.258024055033476252e-01,2.155117855904487900e+00,-1.297155602610281022e+01,-1.336345826406172943e+00,-1.144110086387454039e+00,1.706544573170021950e+00,7.258024055033476252e-01,2.155117855904487900e+00,-1.164392857567441020e+01,-7.930031711255188798e-01,3.649535456245624143e+00,-6.164692119355089095e-02,-1.482962064115110890e-01,-2.628718032185793918e-01
-1.259621224101353931e+01,-4.726678464554551207e-01,4.402926808538455639e+00,1.706961649907985101e-01,6.630126591378575629e-01,-9.123048302136547993e-02,-1.663334141422160073e+01,6.130938460383730249e-01,-1.944047704957047928e+00,7.106042066202735707e-01,2.695891860523441097e-01,-2.221589042294410010e+00,-3.091490066419197102e+00,5.211121958928270903e-01,1.035266683837996027e+01,4.814230884813581746e-01,3.565685552441781869e+00,2.563769265362780825e-01,-1.319799671036368061e+01,5.104838533640762677e+00,-1.175542271692693097e+00,1.850734528033963988e+00,7.827207357439088797e-01,2.493960571118153169e+00,-1.319799671036368061e+01,5.104838533640762677e+00,-1.175542271692693097e+00,1.850734528033963988e+00,7.827207357439088797e-01,2.493960571118153169e+00,-1.150230125434083028e+01,-1.138693912006984110e+00,3.973977776346584001e+00,-1.203835839631005045e-01,-3.457035534002764754e-01,-3.503124175655019101e-01
-1.364984612800052055e+01,-9.656835931651709670e-03,2.232104314638761799e+00,2.576187744482945075e-01,8.882214554887531976e-01,-2.874023116483088169e-01,-1.733267975366243974e+01,6.423372361471393344e-01,-1.532240077784533971e+00,8.681765146748079420e-01,3.479561334427235253e-01,-2.435233831863433007e+00,-3.029611220923802861e+00,5.132547296503539025e-01,1.052737611486431923e+01,5.144403324149171564e-01,4.179931421983076767e+00,2.502796717228428225e-01,-1.213835237896824992e+01,4.367359786336955096e+00,-1.346631420615326036e+00,1.349235714786445994e+00,5.797994788929211607e-01,2.505405338201421195e+00,-1.213835237896824992e+01,4.367359786336955096e+00,-1.346631420615326036e+00,1.349235714786445994e+00,5.797994788929211607e-01,2.505405338201421195e+00,-1.061414243304347060e+01,-1.659695931590505102e+00,4.349090141080091954e+00,-1.713575451315005882e-01,-5.363521165797733303e-01,-3.903812966410212804e-01
-1.405447957434554951e+01,9.554706400892970519e-02,5.847118140746785375e-01,4.142267255220750122e-01,5.094396420641265077e-01,-3.511719864738058194e-01,-1.818986798956195017e+01,7.799410292773610864e-01,-8.703583293812200417e-01,1.103008160819382022e+00,4.320967721485929891e-01,-2.628588528421338832e+00,-2.700896894033108175e+00,2.211582047463561962e-01,1.076823080747148964e+01,5.332627648598067260e-01,4.845205918112744037e+00,2.570896176450859216e-01,-9.644818947611867088e+00,9.877167162292289637e-01,-8.722949148872480851e-01,1.023945210098121006e+00,4.984423026854540861e-01,2.294509530616795967e+00,-9.644818947611867088e+00,9.877167162292289637e-01,-8.722949148872480851e-01,1.023945210098121006e+00,4.984423026854540861e-01,2.294509530616795967e+00,-9.522243367911483958e+00,-1.908836579176321102e+00,4.367549998053391391e+00,-1.742098192282353075e-01,-5.605971237756139924e-01,-3.864873763053647826e-01
-1.310734080450282057e+01,-1.412376770669802883e-01,1.158520282940223023e+00,5.294793959754237056e-01,-2.954612185441948813e-01,-2.929138506272280784e-01,-1.898072894184382164e+01,1.295880011776475049e+00,-7.814112449827509410e-02,1.365993153876505994e+00,5.033483519858379385e-01,-2.791705992223969091e+00,-2.487399480169842025e+00,-2.822170999098049804e-01,1.070917368832339989e+01,6.187586471806502120e-01,5.508631474807292427e+00,2.849716653359100071e-01,-9.267970359662605517e+00,5.104344675319075764e-01,-2.858185404486087156e-01,1.021353303951290981e+00,5.343357256550376189e-01,2.094984930760574127e+00,-9.267970359662605517e+00,5.104344675319075764e-01,-2.858185404486087156e-01,1.021353303951290981e+00,5.343357256550376189e-01,2.094984930760574127e+00,-9.143485850841091889e+00,-1.836833697480396932e+00,3.872016905944875020e+00,-1.341697886294384023e-01,-3.307437198702662950e-01,-3.409439595853657745e-01
-1.090098322313522061e+01,-5.883362323602570054e-01,3.213962223696409826e+00,5.361172258319957251e-01,-7.549639556424404541e-01,-1.797990502299998961e-01,-1.938709302229973019e+01,2.061056994549399057e+00,8.242271139563435156e-01,1.604902650586256030e+00,5.460424469537090708e-01,-2.920257696527293945e+00,-2.734600499148377217e+00,-2.352311717293623095e-01,1.034446413862129965e+01,6.910809565106167396e-01,6.152483237166570973e+00,3.923603822407428776e-01,-9.570454308880457006e+00,2.229829358004693951e+00,-1.379630264098895998e+00,9.012531584736267476e-01,5.124708588954673960e-01,1.980165022309475109e+00,-9.570454308880457006e+00,2.229829358004693951e+00,-1.379630264098895998e+00,9.012531584736267476e-01,5.124708588954673960e-01,1.980165022309475109e+00,-9.680633513185625816e+00,-1.645399577605743957e+00,2.854399709455582190e+00,-5.372730034485632966e-02,-2.673390940352406847e-02,-2.748961063371522240e-01
-8.774250520479814242e+00,-1.135610410291427952e+00,4.346215195638118978e+00,5.038140227892017320e-01,-6.163985663210593824e-01,-1.187904537326928966e-01,-1.932841935608129091e+01,3.024977050475644802e+00,1.481317011602766964e+00,1.754212281879085955e+00,5.713368734954598072e-01,-3.003642306597543055e+00,-4.239197592930030289e+00,1.411923549896683949e-01,1.019919894273020944e+01,6.861337983963843312e-01,6.730284976067944847e+00,5.361098479391319671e-01,-9.375988886784488940e+00,2.150924779138109866e+00,-2.833556527046575013e+00,6.964978887347303971e-01,4.629620297509273175e-01,1.899689156695119063e+00,-9.375988886784488940e+00,2.150924779138109866e+00,-2.833556527046575013e+00,6.964978887347303971e-01,4.629620297509273175e-01,1.899689156695119063e+00,-1.055815974175471972e+01,-1.559359823595360961e+00,1.777102219649479009e+00,4.559974026848614276e-02,9.000197978841910362e-02,-2.131206431505744958e-01
-7.892368136058920847e+00,-1.684876354802941067e+00,4.406075894199411813e+00,4.466726780090322091e-01,-2.097829726495923919e-01,-1.331698512750262020e-01,-1.876877276135260075e+01,3.840013752763821842e+00,1.902706163394406902e+00,1.695124869172025095e+00,5.923960725120478443e-01,-3.052130667230198213e+00,-5.113683144383739609e+00,-2.493682133030772907e-01,1.091603884006696923e+01,7.357388099100744538e-01,7.273256712864322182e+00,7.435908150950605311e-01,-9.630445961578651293e+00,1.259036160116616010e+00,-2.947036172021551881e+00,6.280779040018473758e-01,4.425855070520410828e-01,1.817459114883962945e+00,-9.630445961578651293e+00,1.259036160116616010e+00,-2.947036172021551881e+00,6.280779040018473758e-01,4.425855070520410828e-01,1.817459114883962945e+00,-1.106247340112970079e+01,-1.927510171289390062e+00,1.266988464520030000e+00,1.422378612568729050e-01,2.517694912000124907e-02,-1.760756665477372085e-01
-7.921541961717776914e+00,-2.126732154436985045e+00,3.738134427126774018e+00,4.036214974557688073e-01,7.922233150546145741e-02,-2.108413291569556924e-01,-1.755559881062405836e+01,3.156202791809334052e+00,2.150452747899064043e+00,1.490842775231222994e+00,5.775229382200682826e-01,-3.091414522050682123e+00,-6.725477758091166436e+00,-1.772562746113071963e+00,1.184777715788458963e+01,1.325699388294176106e+00,7.611793683421226753e+00,9.234101135060535093e-01,-9.960744545918396753e+00,1.025339048207531079e+00,-2.454847401057835832e+00,6.362286538484535070e-01,3.698182494405685139e-01,1.735211669582418903e+00,-9.960744545918396753e+00,1.025339048207531079e+00,-2.454847401057835832e+00,6.362286538484535070e-01,3.698182494405685139e-01,1.735211669582418903e+00,-1.096287633441069076e+01,-2.305932033478518939e+00,1.138505571632794977e+00,2.229652288501552115e-01,-9.338097547799725784e-02,-1.768632987851478933e-01
-7.982305730699836843e+00,-2.184056399620160960e+00,3.090426037867854081e+00,4.632883813276527096e-01,8.754136768938193536e-02,-2.919639223202171729e-01,-1.590904815955095941e+01,6.772248852927440499e-01,2.263558124555906936e-01,1.249389653808937961e+00,5.911288779482619660e-01,-3.115850443755793009e+00,-1.206867860481342980e+01,-2.915800651178979130e+00,1.604005216688592839e+01,1.963317919766172093e+00,7.806099757515910120e+00,1.244572368761220904e+00,-1.016424792299988056e+01,1.556678304474474972e+00,-2.071920722860344899e+00,5.706345955347684740e-01,2.456255921272821052e-01,1.640552800921251109e+00,-1.016424792299988056e+01,1.556678304474474972e+00,-2.071920722860344899e+00,5.706345955347684740e-01,2.456255921272821052e-01,1.640552800921251109e+00,-1.063653864433926088e+01,-2.680460056788055212e+00,1.186063359034865039e+00,2.928928912990487188e-01,-1.351490705350930910e-01,-1.899033601944233041e-01
-7.732897802432011858e+00,-1.862739998624072024e+00,3.159846925241057036e+00,6.213593182201210263e-01,-1.688854930029691850e-02,-3.553818806250523821e-01,-1.521328656633455978e+01,-1.688574690008902035e+00,-3.618810027566926824e+00,8.949043439045828441e-01,6.316182340639403536e-01,-3.105985952464227928e+00,-1.681643142929673118e+01,-2.336982613502140094e+00,1.543159211125916919e+01,1.690208934324737067e+00,7.771734130011772379e+00,1.674440519003804972e+00,-1.117045984655126922e+01,2.751449960898181057e+00,-1.243681712674221895e+00,3.712368028792227270e-01,1.114089236351922946e-01,1.563211942243923902e+00,-1.117045984655126922e+01,2.751449960898181057e+00,-1.243681712674221895e+00,3.712368028792227270e-01,1.114089236351922946e-01,1.563211942243923902e+00,-1.023370212802474022e+01,-3.047904132896480878e+00,9.432590182636514387e-01,3.453976981209285757e-01,-1.314397364069035123e-01,-2.183989732809107909e-01
-7.369172028882563730e+00,-1.198982936526796994e+00,3.686951409681148206e+00,7.763188676071923755e-01,-7.458512688192460438e-02,-4.058528507964093146e-01,-1.576721447135506970e+01,-2.337070805319625855e+00,-4.995734535359873441e+00,3.851868021208936232e-01,4.624708242985264839e-01,-3.017205343939863837e+00,-1.627170054337578975e+01,-3.589336073954044970e+00,1.345867447394075000e+01,1.611671431654853048e+00,7.980822615298746037e+00,2.263176332283678871e+00,-1.143503962744827085e+01,2.565959678267554001e+00,-8.383901279841211585e-01,2.053883379631419870e-01,4.498608771585695804e-03,1.498767244712059910e+00,-1.143503962744827085e+01,2.565959678267554001e+00,-8.383901279841211585e-01,2.053883379631419870e-01,4.498608771585695804e-03,1.498767244712059910e+00,-1.008391027056199007e+01,-3.475788911041231888e+00,5.886122225692552723e-01,3.790181261516993860e-01,-1.201496039612729022e-01,-2.626942013209249138e-01
-7.313309639642705307e+00,-3.961709499122573752e-01,4.367404386246651171e+00,8.633180756816759560e-01,-4.803861941364378357e-03,-4.529279149909464786e-01,-1.482544458821926980e+01,-2.167029664752059936e+00,-2.984813196867841967e+00,2.737696151903850142e-02,2.210415235648567900e-01,-2.874860048416144842e+00,-1.331061789718797961e+01,-5.849335101286121663e-01,1.475396828558050011e+01,1.670835391669210024e+00,7.861305663730001392e+00,2.642942700483087215e+00,-1.089877036651392928e+01,9.772860341000064732e-01,-4.449491400686951814e-01,1.925124194547886969e-01,-4.798599008676277672e-02,1.411273348992114984e+00,-1.089877036651392928e+01,9.772860341000064732e-01,-4.449491400686951814e-01,1.925124194547886969e-01,-4.798599008676277672e-02,1.411273348992114984e+00,-1.026763890361370990e+01,-3.826638230528097928e+00,3.341085489887942739e-01,3.940358329054214903e-01,-8.596170412546720596e-02,-3.085170040464412788e-01
-7.885142123146925641e+00,-8.426763935408884340e-03,4.800202616468731698e+00,8.474455393730663255e-01,1.649379274420038066e-01,-4.967816750701810058e-01,-1.310792614604287998e+01,-2.459457294549078021e+00,-1.595400719964924940e+00,1.284211241991602137e-01,2.062416758084993085e-01,-2.684049810804101988e+00,-1.360299418342460953e+01,-4.627749592340487106e-01,1.624160392456522928e+01,2.063330062889650041e+00,7.963252121402370598e+00,2.970710233975482062e+00,-1.026801966937211930e+01,4.471985069349125874e-01,-2.401414319941524989e-01,2.512012403315296849e-01,-2.398929827838480050e-02,1.318324161442621101e+00,-1.026801966937211930e+01,4.471985069349125874e-01,-2.401414319941524989e-01,2.512012403315296849e-01,-2.398929827838480050e-02,1.318324161442621101e+00,-1.057535768388527053e+01,-4.079770118780285948e+00,3.468021672233823072e-01,3.880740636984710834e-01,-7.408892650039411443e-02,-3.424801100095519746e-01
-8.948648876485163939e+00,3.939220123293458165e-01,4.833590967739731070e+00,7.687044821526021199e-01,3.630425312018947248e-01,-5.332695307133062945e-01,-1.258772791803303015e+01,-2.362169171844013871e+00,-2.475678569417845143e+00,3.046610498992740057e-01,2.007916937824708037e-01,-2.417085304522621048e+00,-1.521988683874134018e+01,7.480030537155119008e-01,2.063225535816684086e+01,1.905426772016425074e+00,7.786891566552045063e+00,3.024218454901698827e+00,-1.017238391628190008e+01,1.197617640312816922e+00,-8.804189251500026403e-01,2.372729108166667100e-01,7.444824708219674458e-02,1.236409370319097922e+00,-1.017238391628190008e+01,1.197617640312816922e+00,-8.804189251500026403e-01,2.372729108166667100e-01,7.444824708219674458e-02,1.236409370319097922e+00,-1.079519142171385049e+01,-4.235301820627327629e+00,7.348003978538830694e-01,3.890324781421020117e-01,-9.448822454318002440e-02,-3.425456877365378183e-01
-1.030922121667807012e+01,5.341352410724156119e-01,4.452194505474501796e+00,6.718934288666340571e-01,5.460283600778993440e-01,-5.278077482582130830e-01,-1.140871846755224084e+01,-2.536452112796669045e+00,-2.668183323394563100e+00,2.569389139124202970e-01,9.795525473248284376e-02,-2.225561664828385133e+00,-1.520261949301528936e+01,-6.631110519540952541e-01,2.322775121735983106e+01,1.695070530009920029e+00,7.244792597625728803e+00,2.874082842500892188e+00,-1.005958964235039055e+01,1.550340175628662109e+00,-1.702965548602483947e+00,1.026570447770658034e-01,1.451475051462010057e-01,1.150636429107317005e+00,-1.005958964235039055e+01,1.550340175628662109e+00,-1.702965548602483947e+00,1.026570447770658034e-01,1.451475051462010057e-01,1.150636429107317005e+00,-1.077539634924329981e+01,-4.298928128226378043e+00,1.386815418937056066e+00,3.855423035984216207e-01,-1.345776024685111094e-01,-3.165852220560181896e-01
-1.161660574206648988e+01,3.461821593366145033e-01,3.691654446395704170e+00,5.653063930913426738e-01,6.472088292300220980e-01,-4.577020962488845268e-01,-9.431235095167776805e+00,-3.727440637402721801e+00,-2.266909993474528928e+00,7.571422364994259691e-02,7.343793061247071152e-02,-2.082503492679911083e+00,-1.806629298435651165e+01,-5.174463632095792853e+00,2.695479590260040936e+01,1.568220149797691976e+00,4.742689702990356970e+00,2.135462055742289866e+00,-9.697898149093653331e+00,1.453087221366196946e+00,-2.074750737620273178e+00,-7.250430980409043602e-02,1.807871243967590080e-01,1.050282594566535943e+00,-9.697898149093653331e+00,1.453087221366196946e+00,-2.074750737620273178e+00,-7.250430980409043602e-02,1.807871243967590080e-01,1.050282594566535943e+00,-1.049983492988681988e+01,-4.291919081419179882e+00,2.083397787551548141e+00,3.939685625953078807e-01,-1.466328892976022924e-01,-2.705478639226757132e-01
-1.251692917886166079e+01,1.963215427761414930e-02,2.851091923244354120e+00,4.553730417332392255e-01,5.773919506245717148e-01,-3.255883475340511923e-01,-7.549088010040845731e+00,-3.530864734620358991e+00,-2.797689371211554032e+00,1.176111260500554978e-02,7.913646234711560479e-02,-1.782605824016388896e+00,-2.022963012227569024e+01,-7.668319506177092570e+00,2.700827501214726922e+01,1.455597672300120049e+00,1.278428053575151990e+00,8.168360006865689193e-01,-9.866344293935203069e+00,1.087799633458768067e+00,-2.371308344727714790e+00,-2.349093852481717870e-01,1.748893758881965022e-01,9.743222782566678397e-01,-9.866344293935203069e+00,1.087799633458768067e+00,-2.371308344727714790e+00,-2.349093852481717870e-01,1.748893758881965022e-01,9.743222782566678397e-01,-1.014642882466148066e+01,-4.180154832891978423e+00,2.459445650027208163e+00,4.133593998253231039e-01,-1.080455255236000972e-01,-2.187226553714743948e-01
-1.270407775604927991e+01,-1.429333667368729022e-01,2.295091886340907994e+00,3.328097579635191927e-01,3.480924323721986124e-01,-1.586386161765618030e-01,-6.362149075938143383e+00,-5.371459938722124017e-01,-3.286046141594300973e+00,1.635243661590105868e-01,9.030381747569499878e-03,-1.310622733960334019e+00,-7.525554567621233204e+00,-4.197308823321331595e+00,2.363380133574641917e+01,7.130715194812994318e-01,-1.689663235737125957e+00,-1.266447516996556999e+00,-9.916940783319164510e+00,6.279570701850691883e-01,-2.619955851389963897e+00,-3.483057328242735728e-01,1.588320617854754868e-01,9.049350016098481886e-01,-9.916940783319164510e+00,6.279570701850691883e-01,-2.619955851389963897e+00,-3.483057328242735728e-01,1.588320617854754868e-01,9.049350016098481886e-01,-9.957400389216886083e+00,-4.061910887587226959e+00,2.448064745609209947e+00,4.331519274236784733e-01,-2.980027084510487173e-02,-1.700876042939142019e-01
-1.221867780515757929e+01,-1.464888453483582098e-01,2.211189838403564867e+00,2.099877685617426992e-01,1.204851029106280974e-01,9.040088013136852660e-03,-5.850469870562439390e+00,3.741869064031718928e+00,-3.154627774870219170e+00,4.442991712919823200e-01,-8.476365808038927030e-02,-7.228645275433248640e-01,3.452117095145557979e+00,-7.525201067856754911e+00,1.542063810479606012e+01,2.917364229469954218e-01,-1.992581430141254106e+00,-2.322622696202619075e+00,-9.912196042534027640e+00,1.844049239644653948e-01,-2.402047271247528037e+00,-3.706850292732393748e-01,1.350307308167935927e-01,8.525045929096077835e-01,-9.912196042534027640e+00,1.844049239644653948e-01,-2.402047271247528037e+00,-3.706850292732393748e-01,1.350307308167935927e-01,8.525045929096077835e-01,-9.956015883747028283e+00,-3.945072782631720898e+00,2.175693045563412031e+00,4.514157813112978923e-01,6.651831899339946674e-02,-1.250017357373079119e-01
-1.157506782773909926e+01,-1.464888453483582098e-01,2.400433498904019025e+00,8.612254423703333273e-02,6.838224436308196208e-02,1.756738765356171128e-01,-5.325551572239099585e+00,5.965432303109293954e+00,-1.824175507806840013e+00,7.769196005628711266e-01,-1.454309557668991004e-01,-1.736582532993347083e-01,-4.600701886571131105e+00,-1.051136478032445964e+01,1.200901564169832980e+01,1.166862022019141021e+00,-2.135265223075351049e+00,-2.666908996262674858e+00,-9.847712057097291805e+00,-3.846449241600953806e-01,-2.080141256778047953e+00,-2.898175013510865816e-01,1.150492116204299975e-01,8.172301558958161571e-01,-9.847712057097291805e+00,-3.846449241600953806e-01,-2.080141256778047953e+00,-2.898175013510865816e-01,1.150492116204299975e-01,8.172301558958161571e-01,-1.008384293251423003e+01,-3.719587896356323142e+00,1.919176271854954097e+00,4.751432596508097794e-01,1.209756358952555066e-01,-8.323774121260194003e-02
-1.122639130673274011e+01,-1.345595572576256949e-01,2.404858350753784180e+00,-1.271523838095356060e-02,1.528859527162471921e-01,3.443712268544878996e-01,-5.237840196137787174e+00,5.440912492874642403e+00,2.069945813629240072e-01,1.067543030181909991e+00,-2.086358546840643979e-01,2.232255270586364082e-01,6.416175666942374178e+00,-5.482002294248187191e+00,1.319418613629625980e+01,7.808478944099896957e-01,-2.698420505036652983e+00,-3.398955672494918812e+00,-9.786342924091673723e+00,-3.470390353884014734e-01,-1.925000646147309924e+00,-1.815506776082350948e-01,1.241955642463973969e-01,7.844782900151019422e-01,-9.786342924091673723e+00,-3.470390353884014734e-01,-1.925000646147309924e+00,-1.815506776082350948e-01,1.241955642463973969e-01,7.844782900151019422e-01,-1.020609416959229065e+01,-3.449845318176004039e+00,1.867732644081115945e+00,4.925222380181425996e-01,1.271712439530227889e-01,-3.601598163450876744e-02
-1.102773534903695030e+01,-8.656443161074467429e-02,2.178202713628456966e+00,-6.192550039719037225e-02,1.413119143162150093e-01,4.797361901919779958e-01,-5.048633107938880649e+00,4.435867822716417663e+00,1.475514820295128038e+00,1.336383186202541040e+00,-3.057385159097181782e-01,5.772312440651287124e-01,6.060959492696470718e+00,-4.829130128237711261e+00,7.291040052147600647e+00,8.838945535284203903e-01,-2.067193762068709972e+00,-3.219927771149746043e+00,-9.834827847384953969e+00,2.338515305628197094e-01,-2.021743202001966999e+00,-1.541322458191654865e-01,1.299647334064303050e-01,7.534946703535485568e-01,-9.834827847384953969e+00,2.338515305628197094e-01,-2.021743202001966999e+00,-1.541322458191654865e-01,1.299647334064303050e-01,7.534946703535485568e-01,-1.012136827346336965e+01,-3.117665150966796084e+00,1.871563289548114017e+00,4.984898593897462149e-01,1.237799366485562991e-01,5.530474286517860286e-03
-1.059383188072865067e+01,9.348695361066403087e-02,2.041696109163778861e+00,-5.258262696968275807e-02,-6.463497332728831979e-02,5.548256856627300504e-01,-4.329277791368978612e+00,4.086470496086847426e+00,2.054190938053408910e+00,1.528995750274525944e+00,-3.716424231499020903e-01,9.190624289889854914e-01,1.089173223542911018e+00,-1.383833843136957009e+00,8.871475321051406127e+00,8.173749833093565398e-01,-2.219419170054667045e+00,-3.465705827084553992e+00,-9.839284157179223556e+00,4.719805266809232180e-01,-2.063168343097443902e+00,-1.956459371648686940e-01,1.207417265521110034e-01,7.221704610970102189e-01,-9.839284157179223556e+00,4.719805266809232180e-01,-2.063168343097443902e+00,-1.956459371648686940e-01,1.207417265521110034e-01,7.221704610970102189e-01,-9.980647366325584358e+00,-2.856079091306625184e+00,1.871105347258412044e+00,4.975256310155153905e-01,1.422861565198715872e-01,4.077245229374674290e-02
-9.772733616093491449e+00,2.885028403502686856e-01,2.312973917392675993e+00,-5.373824004436230165e-03,-2.426798193445283136e-01,5.711164501264764937e-01,-4.076269444782064433e+00,4.081285547550922210e+00,2.180357554541206166e+00,1.599105041514160996e+00,-3.984339063022909189e-01,1.247386198759810938e+00,1.075918862064924042e+00,-6.264545047246549148e-01,1.032359562882142079e+01,5.834972130232937149e-01,-2.501411377223893950e+00,-3.619614822554454214e+00,-9.818861690752182625e+00,3.951070688604835235e-01,-2.075138264179657188e+00,-2.394983475436844034e-01,1.015477331657270998e-01,6.865858132610640485e-01,-9.818861690752182625e+00,3.951070688604835235e-01,-2.075138264179657188e+00,-2.394983475436844034e-01,1.015477331657270998e-01,6.865858132610640485e-01,-9.866942735391496910e+00,-2.695454955909676986e+00,1.717672069903052989e+00,5.032018041863997038e-01,1.869034465389491084e-01,7.501957979986369207e-02
-8.727933810175960261e+00,5.076760787324178237e-01,2.796514219555314984e+00,6.460981569465114316e-02,-2.456984740958053082e-01,5.422362330337701097e-01,-4.223930185474742416e+00,4.146086921157192684e+00,2.119658112251264104e+00,1.565597068604235975e+00,-4.368142137352589160e-01,1.582345729278896052e+00,7.951795687050516870e-01,-1.787205780058256088e-01,1.062152383233800990e+01,4.053329164776167115e-01,-2.901821525548830216e+00,-3.403096242428864215e+00,-9.774264347351824256e+00,2.730382912307290910e-01,-2.103661262433588863e+00,-2.648366740344428871e-01,8.124322431801955791e-02,6.562876752627793131e-01,-9.774264347351824256e+00,2.730382912307290910e-01,-2.103661262433588863e+00,-2.648366740344428871e-01,8.124322431801955791e-02,6.562876752627793131e-01,-9.728853859212385657e+00,-2.530310467051496204e+00,1.480473831461895928e+00,5.118492515432260248e-01,2.035142229878305897e-01,1.018478206629318955e-01
-8.012072537473940770e+00,6.319878564559064937e-01,3.117822570063429222e+00,1.340639041646116969e-01,-9.747245472403319455e-02,4.820615912377986811e-01,-4.449665548553056738e+00,4.548029615288963434e+00,2.331178205593607888e+00,1.455412941605104038e+00,-4.867849336436009811e-01,1.920104527156127894e+00,8.395293309208800014e-01,9.831115973877772030e-01,9.886977991200811999e+00,2.097682602974431931e-01,-3.205768134736795005e+00,-3.157959147715532211e+00,-9.818488267385653501e+00,6.191198581739790208e-02,-2.039011353920321845e+00,-2.656419268951942803e-01,6.697736563403948462e-02,6.324200706248184201e-01,-9.818488267385653501e+00,6.191198581739790208e-02,-2.039011353920321845e+00,-2.656419268951942803e-01,6.697736563403948462e-02,6.324200706248184201e-01,-9.577821406514942737e+00,-2.382670140122995051e+00,1.365318333402296913e+00,5.279717890291348859e-01,2.011461904312726867e-01,1.166975734514370949e-01
-7.793130435570141401e+00,5.513125233769813338e-01,3.303964814109694892e+00,1.794778198606374886e-01,1.052934812042898016e-01,4.086715363353177755e-01,-4.584943275600613433e+00,4.953741291667843605e+00,2.489861710034019016e+00,1.252840314368067975e+00,-5.302617672676772642e-01,2.241178868842817806e+00,1.401492066798678993e+00,1.643409021239754964e+00,8.674763523020267542e+00,-2.140451611446294103e-02,-3.420207711564858144e+00,-2.840961305399062109e+00,-9.932335462438345530e+00,4.844989235399894262e-02,-1.929149470754117024e+00,-2.592223199876955153e-01,5.310302713282188947e-02,6.135319669354712957e-01,-9.932335462438345530e+00,4.844989235399894262e-02,-1.929149470754117024e+00,-2.592223199876955153e-01,5.310302713282188947e-02,6.135319669354712957e-01,-9.473693496148332116e+00,-2.155317017034263039e+00,1.353111917544320919e+00,5.495654115632926384e-01,2.034494020202189946e-01,1.247406834217806015e-01
-7.907553872728903421e+00,3.347184657554658216e-01,3.188975849484842140e+00,1.836467774061117109e-01,2.571197151145999116e-01,3.412385805077640111e-01,-4.779816221461533843e+00,4.903677825996089368e+00,2.654159422279640079e+00,9.724729065246318083e-01,-5.615421219044789414e-01,2.534912777423064867e+00,1.894247709743438035e+00,2.266540612584801107e+00,7.814608575195394202e+00,-2.461046915180901129e-01,-3.508311329349394825e+00,-2.437952746627150891e+00,-9.924878089540550619e+00,1.906873556386793900e-01,-1.973097856899511893e+00,-2.560069809439972088e-01,4.523338879791537204e-02,5.999846286098066139e-01,-9.924878089540550619e+00,1.906873556386793900e-01,-1.973097856899511893e+00,-2.560069809439972088e-01,4.523338879791537204e-02,5.999846286098066139e-01,-9.402354997840415507e+00,-1.888646510836105907e+00,1.338993072997952893e+00,5.653195062774754032e-01,2.029761068307441019e-01,1.290787102367098871e-01
-8.148827221273659660e+00,1.150133290673650971e-01,2.935781388891256949e+00,1.639019777302428982e-01,3.159139195821141777e-01,2.875145497905540748e-01,-4.993371668231787908e+00,4.504922317662099829e+00,2.735469229712951034e+00,6.403050532219551894e-01,-5.749764714490646078e-01,2.801505833265343082e+00,1.229327558540403986e+00,2.469712572214957991e+00,7.554802920591597193e+00,-4.357354102855788835e-01,-3.570164624606846804e+00,-1.996385130979303035e+00,-9.827353395441527084e+00,3.655657864386036016e-01,-2.022316014040328014e+00,-2.687444550162148005e-01,4.237752061964789735e-02,5.882355100792369118e-01,-9.827353395441527084e+00,3.655657864386036016e-01,-2.022316014040328014e+00,-2.687444550162148005e-01,4.237752061964789735e-02,5.882355100792369118e-01,-9.339423031301542721e+00,-1.639978426987857008e+00,1.329847510188771897e+00,5.718594340410100285e-01,1.800144864804184008e-01,1.286785813669364120e-01
-8.393004336959648981e+00,-9.363020137128863496e-03,2.607856649577792840e+00,1.196097154821282038e-01,3.182831671155226805e-01,2.518360547739508792e-01,-5.099652439382552416e+00,4.081289711581994162e+00,2.643897298141277830e+00,2.656940119816629808e-01,-5.768885670009746836e-01,3.045142767967341957e+00,2.761354582757138965e-01,2.280087232528682950e+00,7.683951143234495795e+00,-5.911139797398327067e-01,-3.678950947245390068e+00,-1.554125599444859063e+00,-9.766057234177832669e+00,4.434460754028649032e-01,-2.002148530493315981e+00,-2.989520535386053224e-01,3.740868921457585206e-02,5.750705269300631084e-01,-9.766057234177832669e+00,4.434460754028649032e-01,-2.002148530493315981e+00,-2.989520535386053224e-01,3.740868921457585206e-02,5.750705269300631084e-01,-9.249006273193476346e+00,-1.438176549158521000e+00,1.395459982015752942e+00,5.670860024274951838e-01,1.411267745404428120e-01,1.323838781868716119e-01
-8.553652364517498441e+00,-2.412735213462901054e-02,2.373697917541336189e+00,7.267259992897465160e-02,3.057921113322877860e-01,2.207678574673012928e-01,-5.206475389002227061e+00,3.601112149311476163e+00,2.428223025217326025e+00,-1.219047840955071044e-01,-5.820977762007648604e-01,3.280132773041251948e+00,-5.249839491602524832e-01,1.781487209308108000e+00,8.074949212534397347e+00,-6.868103156164231393e-01,-3.847071691275802952e+00,-1.146664244853415893e+00,-9.818459055329736174e+00,4.678598297287792085e-01,-2.030271483899016793e+00,-3.264099424824126183e-01,2.887567870854889154e-02,5.633095853675406106e-01,-9.818459055329736174e+00,4.678598297287792085e-01,-2.030271483899016793e+00,-3.264099424824126183e-01,2.887567870854889154e-02,5.633095853675406106e-01,-9.069715079982927364e+00,-1.263460792760362050e+00,1.425597528878512987e+00,5.579398312642511737e-01,9.362842376026471458e-02,1.377910673618316928e-01
-8.593154238519069565e+00,5.903500733240597820e-02,2.153651084901123003e+00,2.149601263233648016e-02,2.783690777795290727e-01,1.970897455394627074e-01,-5.408932788750738574e+00,2.975973716393089052e+00,2.154060639996969950e+00,-4.827585218162674940e-01,-6.018603457755168362e-01,3.514638080985081903e+00,-1.330199107281637039e+00,1.431768521611203049e+00,8.454545205418698472e+00,-7.695588758943817664e-01,-4.066908963311727021e+00,-7.498947170140601859e-01,-9.810915013670570062e+00,4.679968060321728074e-01,-2.115579127258365055e+00,-3.491991580707474729e-01,2.421946253598453863e-02,5.575853269520999467e-01,-9.810915013670570062e+00,4.679968060321728074e-01,-2.115579127258365055e+00,-3.491991580707474729e-01,2.421946253598453863e-02,5.575853269520999467e-01,-8.914848789092033599e+00,-1.071976283056822910e+00,1.488534409512755952e+00,5.394496632977381356e-01,4.660034191704565815e-02,1.376242551569198946e-01
-8.534412649763266856e+00,1.325564992350773963e-01,1.862425026996759048e+00,-2.246788057833470909e-02,2.453856715091163043e-01,1.652494297985931115e-01,-5.766983320599219809e+00,2.349413484247213191e+00,1.862136037801636945e+00,-7.990206300289213193e-01,-6.403103704017971687e-01,3.745595069116503861e+00,-2.065924409377839055e+00,1.427703687159944890e+00,8.506872744714652157e+00,-8.558724052573720709e-01,-4.293133394675143322e+00,-4.056234229859080886e-01,-9.725606523534302994e+00,4.719727134329200213e-01,-2.116137387565752981e+00,-3.751692889335517811e-01,2.774723189612550087e-02,5.572129994310358603e-01,-9.725606523534302994e+00,4.719727134329200213e-01,-2.116137387565752981e+00,-3.751692889335517811e-01,2.774723189612550087e-02,5.572129994310358603e-01,-8.778660453897956017e+00,-9.182304790004117701e-01,1.550340175628662109e+00,5.194884519118012633e-01,1.469045096347408944e-02,1.358888589734610908e-01
-8.413791599979202118e+00,2.296282346763882931e-01,1.772096900343056003e+00,-4.957064408363132807e-02,2.101916184933287080e-01,1.227805394358417040e-01,-6.186078255199738862e+00,1.803676697881906987e+00,1.562566390784654979e+00,-1.081482422882876993e+00,-6.946039895979612133e-01,3.966731236521793047e+00,-2.705205673446303916e+00,1.253593394283875062e+00,8.380467094034642628e+00,-9.525811260197019070e-01,-4.493087482891874096e+00,-1.055940406113726054e-01,-9.741214146844743738e+00,4.437314574526862176e-01,-2.026869491234684961e+00,-4.100145731690535977e-01,3.132376880681755904e-02,5.589887667471166166e-01,-9.741214146844743738e+00,4.437314574526862176e-01,-2.026869491234684961e+00,-4.100145731690535977e-01,3.132376880681755904e-02,5.589887667471166166e-01,-8.637893576300374576e+00,-8.629132559048324769e-01,1.557964929648798957e+00,5.013303147927146153e-01,-2.920214712579730088e-02,1.313821822404860895e-01
-8.279798961454822859e+00,3.153688691392411148e-01,1.781991832465680936e+00,-6.376002650685069773e-02,1.895427752192730131e-01,7.901189869572063096e-02,-6.574653121370153563e+00,1.279808665518112010e+00,1.258418772828787890e+00,-1.335467331634965005e+00,-7.590434996385695410e-01,4.168601739334873990e+00,-3.398129734235582955e+00,1.000644603673342958e+00,8.292775259453707193e+00,-1.050789487830322999e+00,-4.666268875637661573e+00,1.404243272504046014e-01,-9.822547813945902817e+00,4.029912076210367955e-01,-1.997896061360554087e+00,-4.484678246753345254e-01,2.425848246631815905e-02,5.682032119753174237e-01,-9.822547813945902817e+00,4.029912076210367955e-01,-1.997896061360554087e+00,-4.484678246753345254e-01,2.425848246631815905e-02,5.682032119753174237e-01,-8.539468382470786878e+00,-8.404062151466398234e-01,1.614406840193673087e+00,4.826741559350137822e-01,-7.756546789318471968e-02,1.323821094084011996e-01
-8.217028275185588981e+00,3.054741697507031839e-01,1.818035820158578897e+00,-8.598876891765482033e-02,1.848907497121594079e-01,4.356066002503335144e-02,-7.034387664362819592e+00,7.203836781441838033e-01,9.131069061744843118e-01,-1.553882982382071898e+00,-8.376292699463279146e-01,4.350700041403404938e+00,-4.105590768246178968e+00,6.627876282699646238e-01,8.347043424890522090e+00,-1.152114871917965022e+00,-4.804619778807932562e+00,3.411715108971837829e-01,-9.810930638158882999e+00,2.693050258614014814e-01,-1.961570172155465919e+00,-4.692253093171421807e-01,2.241811628335305118e-02,5.895136873685152823e-01,-9.810930638158882999e+00,2.693050258614014814e-01,-1.961570172155465919e+00,-4.692253093171421807e-01,2.241811628335305118e-02,5.895136873685152823e-01,-8.497140402434975925e+00,-8.301033973693847656e-01,1.712055519703896023e+00,4.606473691040470220e-01,-1.163477103716584055e-01,1.371249100694091894e-01
-8.239415697292834295e+00,2.336843485191691105e-01,1.866570184420917045e+00,-9.694716325378990862e-02,1.952167599496898998e-01,1.978609534632521857e-02,-7.580644234974853291e+00,2.630475819389396785e-01,5.738245273518540746e-01,-1.729959564605179079e+00,-9.210334562214459453e-01,4.523427936762491441e+00,-4.883384532603780137e+00,3.792310521229729781e-01,8.547773984579245976e+00,-1.257651149501846977e+00,-4.922989948235597879e+00,4.736100194603108937e-01,-9.846955581622067299e+00,1.913493302957376130e-01,-1.940977096557616965e+00,-4.802667057886528812e-01,2.491469855510419079e-02,6.172713043136713873e-01,-9.846955581622067299e+00,1.913493302957376130e-01,-1.940977096557616965e+00,-4.802667057886528812e-01,2.491469855510419079e-02,6.172713043136713873e-01,-8.420091465464569325e+00,-8.320064656212344811e-01,1.796391369773745028e+00,4.340132104782903899e-01,-1.589347321688404091e-01,1.328524026071370989e-01
-8.311498028891428191e+00,1.366066609819729938e-01,1.867732644081115945e+00,-1.076286108720869994e-01,2.038127815439587931e-01,1.500493381172419028e-03,-8.188936904351180601e+00,-3.653159818156984789e-02,2.752695930880951214e-01,-1.849739250317234962e+00,-1.000341449746213973e+00,4.688362927579622585e+00,-5.559878227103994597e+00,5.328629521869536825e-03,8.790223936148318984e+00,-1.357285202526155032e+00,-5.026224586698743835e+00,5.488666565569010336e-01,-9.948574379618609242e+00,2.639833390960676929e-01,-1.876279262731677999e+00,-4.895320187171289805e-01,2.492791476150366115e-02,6.524775600778176532e-01,-9.948574379618609242e+00,2.639833390960676929e-01,-1.876279262731677999e+00,-4.895320187171289805e-01,2.492791476150366115e-02,6.524775600778176532e-01,-8.316736900556165324e+00,-8.442125857730918836e-01,1.814302659376548110e+00,4.006410368774954156e-01,-2.081762980107033090e-01,1.280810746082466922e-01
-8.468139824695750661e+00,7.470531126158376500e-02,1.820071798012959041e+00,-1.370752320431662119e-01,2.019310647999144059e-01,-1.248542181434677059e-02,-8.857171176582255612e+00,-3.518269947432917100e-01,2.602276799526052897e-02,-1.900763297273267094e+00,-1.079103982790396987e+00,4.847984075118991321e+00,-5.928514322173970896e+00,-5.475896589228197442e-01,8.987758125342278248e+00,-1.413826317136660959e+00,-5.101245350809636925e+00,5.888944538713020149e-01,-9.969484312867258780e+00,3.051850795745850164e-01,-1.851403523236035964e+00,-5.051510747654190947e-01,2.668988732073937845e-02,6.923409274014105108e-01,-9.969484312867258780e+00,3.051850795745850164e-01,-1.851403523236035964e+00,-5.051510747654190947e-01,2.668988732073937845e-02,6.923409274014105108e-01,-8.176753948611546363e+00,-8.716317219250824255e-01,1.865032756342315023e+00,3.588875506135699167e-01,-2.322173550311114887e-01,1.201050427875688942e-01
-8.591074856633980517e+00,1.762440991008022055e-03,1.747421077801265099e+00,-1.763615542206221076e-01,2.070921622164252907e-01,-2.324222963011044960e-02,-9.626685775736326889e+00,-6.768655294158553160e-01,-1.514986870296325949e-01,-1.878366653209945891e+00,-1.157927794802573018e+00,5.006739164338744885e+00,-6.189447123115216165e+00,-8.531100940054195947e-01,9.334419002393772757e+00,-1.420438089072818988e+00,-5.132177959039718296e+00,5.937412692740180464e-01,-9.945070983566385081e+00,1.515674453192470128e-01,-1.847440125908047959e+00,-5.109353461176446842e-01,2.847929265735412926e-02,7.400033012970984592e-01,-9.945070983566385081e+00,1.515674453192470128e-01,-1.847440125908047959e+00,-5.109353461176446842e-01,2.847929265735412926e-02,7.400033012970984592e-01,-8.019172062660841149e+00,-9.738845334580348290e-01,1.924162055075008038e+00,3.096633442580645768e-01,-2.388370584758038873e-01,1.095911737592931007e-01
-8.665493696577049931e+00,-5.956812642793196666e-02,1.602695182110795979e+00,-2.231799945410740116e-01,2.166026585906576096e-01,-2.662657819406014093e-02,-1.054166132745777062e+01,-1.026767308086049990e+00,-3.894774146164404205e-01,-1.789823354145104961e+00,-1.237589032632903097e+00,5.166202243510968017e+00,-6.538882370598106064e+00,-1.099499080026407949e+00,9.921165926484221131e+00,-1.406379260159966949e+00,-5.122316338258256607e+00,5.663938122660466812e-01,-9.985337323795754116e+00,2.753728919162301003e-01,-1.681615122513349103e+00,-5.176491565845956488e-01,3.237723949791160988e-02,7.919818304833912137e-01,-9.985337323795754116e+00,2.753728919162301003e-01,-1.681615122513349103e+00,-5.176491565845956488e-01,3.237723949791160988e-02,7.919818304833912137e-01,-7.939425118507877244e+00,-1.036813564152212042e+00,1.980580828431564022e+00,2.531288831842384845e-01,-2.275634746020016030e-01,9.964662058974191328e-02
-8.786392702668125665e+00,-6.103701516985893250e-02,1.480033619307397963e+00,-2.576692062298944763e-01,1.991124927265119915e-01,-1.627927207418026004e-02,-1.150902228261431937e+01,-1.373682786047168980e+00,-6.677155934745221399e-01,-1.652782308298637926e+00,-1.327431510316767094e+00,5.323652008838717364e+00,-7.148944248008045399e+00,-1.250536842585465047e+00,1.067062673944725937e+01,-1.374112801739818979e+00,-5.107511646858680088e+00,5.080210801521082287e-01,-9.953481902695337169e+00,2.329156341251240048e-01,-1.874029298987047953e+00,-5.396474775379390687e-01,4.337639987667071123e-02,8.450240063389605760e-01,-9.953481902695337169e+00,2.329156341251240048e-01,-1.874029298987047953e+00,-5.396474775379390687e-01,4.337639987667071123e-02,8.450240063389605760e-01,-7.896291388344654827e+00,-1.113855245887958034e+00,2.064949819843890033e+00,1.910101785946826114e-01,-2.084315763571845115e-01,8.773086683541399255e-02
-8.860793622888078147e+00,8.188990171448576327e-02,1.369900666510994958e+00,-3.053896737687569751e-01,1.403136652183251953e-01,-1.810656745289028827e-02,-1.244782906560121916e+01,-1.620895304606013054e+00,-9.722481268342189065e-01,-1.500892209704570046e+00,-1.403419652933715955e+00,5.470908659089240622e+00,-8.015824621928786087e+00,-1.175902811754349964e+00,1.168341000467962054e+01,-1.327767047246745102e+00,-5.081358550071838565e+00,4.146099277865821220e-01,-9.819532275627164353e+00,1.748634021609060119e-01,-1.973803596577764052e+00,-5.561010903248222448e-01,5.513978152999848142e-02,9.033802857215258442e-01,-9.819532275627164353e+00,1.748634021609060119e-01,-1.973803596577764052e+00,-5.561010903248222448e-01,5.513978152999848142e-02,9.033802857215258442e-01,-7.880117772737007087e+00,-1.206100140177907010e+00,2.085033112149222045e+00,1.275277258132276048e-01,-1.967520746684159050e-01,7.656453210476028837e-02
-8.779200825151638909e+00,2.879303386477831128e-01,1.367229223251342995e+00,-3.503295221483774813e-01,7.528692118049094828e-02,-1.920068191142186922e-02,-1.342235216628082917e+01,-2.063052745992809189e+00,-1.435509065207126955e+00,-1.332432465054594894e+00,-1.404034959006418948e+00,5.597330214302171925e+00,-9.325323176274102011e+00,-4.155033194654059736e-01,1.242953650364190032e+01,-1.340845017816491902e+00,-5.070946684935980997e+00,2.889981197886630215e-01,-9.774004841619824191e+00,2.154412143600898111e-01,-2.017844820516935922e+00,-5.788044441940993767e-01,6.086979638348845312e-02,9.635523013035345308e-01,-9.774004841619824191e+00,2.154412143600898111e-01,-2.017844820516935922e+00,-5.788044441940993767e-01,6.086979638348845312e-02,9.635523013035345308e-01,-7.838110834417339134e+00,-1.277611826181136889e+00,2.152045032454104945e+00,6.090575451851196198e-02,-1.885261122806267953e-01,7.339226828217429444e-02
-8.622286060927038420e+00,4.478141854832370927e-01,1.438692140322858970e+00,-3.899808733877133116e-01,6.432267738896275955e-02,-2.443750410713160098e-02,-1.485910378745196958e+01,-3.196688077050603205e+00,-1.811661777896754089e+00,-1.050078989433375964e+00,-1.387053406839791059e+00,5.694459136485808592e+00,-1.080703029293234962e+01,-6.693182145909921665e-01,1.244048808293261033e+01,-1.347702326656196048e+00,-5.043008915215071220e+00,1.832843474442044096e-01,-9.867032174141176171e+00,3.450888510673276732e-01,-2.115499905543758885e+00,-5.913781325937965683e-01,6.053822112202462274e-02,1.021951606562975901e+00,-9.867032174141176171e+00,3.450888510673276732e-01,-2.115499905543758885e+00,-5.913781325937965683e-01,6.053822112202462274e-02,1.021951606562975901e+00,-7.790572071649205732e+00,-1.378472459679435991e+00,2.232990656763361059e+00,-7.926334749527669254e-03,-1.660690905838151932e-01,6.689980202743137094e-02
-8.404037339102593762e+00,6.065104197094639549e-01,1.321368578422758899e+00,-4.513879042067285852e-01,9.952260756600959934e-02,-2.873607442503975026e-02,-1.649363869333297927e+01,-4.261555314140296424e+00,-2.161233654406614857e+00,-7.334068257764447818e-01,-1.430693433518144042e+00,5.754396487106059332e+00,-1.214490061405600940e+01,-1.195509915847440929e+00,1.221829815660352025e+01,-1.187162726831453963e+00,-4.899141407281477179e+00,8.167318321748257004e-02,-9.912411689758300781e+00,5.159780022033911839e-01,-2.229312760842436791e+00,-6.076708353467502599e-01,5.769502203141498725e-02,1.078212581278342963e+00,-9.912411689758300781e+00,5.159780022033911839e-01,-2.229312760842436791e+00,-6.076708353467502599e-01,5.769502203141498725e-02,1.078212581278342963e+00,-7.827511224218173247e+00,-1.450749784368537076e+00,2.282784461975098100e+00,-7.454340144349139163e-02,-1.334352134069544116e-01,6.397662809244744619e-02
-8.196241084125302834e+00,6.937330075816553476e-01,1.068311119528170039e+00,-5.133327004333685384e-01,1.775165101219791930e-01,-3.613423755394577774e-02,-1.759466366982850971e+01,-4.463363007932413140e+00,-2.935004901568420976e+00,-6.219815835967414941e-01,-1.450782762931996039e+00,5.745792586539611335e+00,-1.423170391254650013e+01,3.963733892096231171e-01,1.216086804592115023e+01,-1.055043135767280926e+00,-4.687505476790944314e+00,-3.512773414953586967e-03,-9.807365873198111927e+00,5.737479329109191895e-01,-2.214013785474798990e+00,-6.194953762578525591e-01,5.731887358903151736e-02,1.131632746685119040e+00,-9.807365873198111927e+00,5.737479329109191895e-01,-2.214013785474798990e+00,-6.194953762578525591e-01,5.731887358903151736e-02,1.131632746685119040e+00,-7.976235439157442819e+00,-1.572813942740385107e+00,2.273794972687490201e+00,-1.440792091352016968e-01,-1.054650698548210974e-01,5.560180466398433746e-02
-8.012556493259431534e+00,7.196367990798198111e-01,8.119884097864513706e-01,-5.794449444313322095e-01,2.336275646300683961e-01,-5.298740373232767309e-02,-1.859981721057548043e+01,-4.963114974167044835e+00,-3.759508401899290142e+00,-7.184947524350873138e-01,-1.412086943650572080e+00,5.637436746894879391e+00,-1.628573888019213101e+01,1.988303726405747929e+00,1.110002319678200955e+01,-1.071313520804052954e+00,-4.410745846848321605e+00,-5.735104855659690914e-02,-9.891065199610427072e+00,6.626215296610664662e-01,-2.072013254951731831e+00,-6.152994767218564753e-01,5.131744196297310240e-02,1.182553653800654025e+00,-9.891065199610427072e+00,6.626215296610664662e-01,-2.072013254951731831e+00,-6.152994767218564753e-01,5.131744196297310240e-02,1.182553653800654025e+00,-8.128196512978492549e+00,-1.683654661538017017e+00,2.220466432102750964e+00,-2.192472541251389018e-01,-1.148522734214865032e-01,3.851046018342486887e-02
-7.900903992779228169e+00,6.726133727575711596e-01,7.461593772695812588e-01,-6.446199090368202045e-01,2.454101407911656874e-01,-6.695030015174137372e-02,-1.945925603848750995e+01,-6.623586065804907719e+00,-4.535421696412488046e+00,-8.513380213532247831e-01,-1.356400089202258963e+00,5.431335659769429114e+00,-1.831330490112305043e+01,4.215035626537910751e+00,9.698347678626431545e+00,-1.074456071279870972e+00,-4.058627176699855177e+00,-3.742400409355262775e-02,-9.864294539459899980e+00,8.292127278482248620e-01,-1.876880412826889000e+00,-5.986175487057343592e-01,4.594594321160729716e-02,1.231340605176173053e+00,-9.864294539459899980e+00,8.292127278482248620e-01,-1.876880412826889000e+00,-5.986175487057343592e-01,4.594594321160729716e-02,1.231340605176173053e+00,-8.247999511006790740e+00,-1.749169923101884905e+00,2.138255114837359194e+00,-2.959413535652621885e-01,-1.427638662175008122e-01,2.279904861641209035e-02
-7.814838415345374933e+00,6.356851957149869392e-01,7.565589380957163934e-01,-6.774861819688252629e-01,2.654699387951431899e-01,-7.771223055985959638e-02,-1.942854729465283015e+01,-8.733188341449077186e+00,-5.469391727056909680e+00,-9.253449466856191741e-01,-1.296689893820061945e+00,5.164455833652329630e+00,-1.996749839645987024e+01,5.496288004375640135e+00,7.979847740772987308e+00,-1.175321927268383915e+00,-3.690719810315906901e+00,7.971565938887080482e-02,-9.693584671860298485e+00,9.638411419867369823e-01,-1.717839329309535978e+00,-5.670154760623273837e-01,5.193033098218979154e-02,1.283644051721485990e+00,-9.693584671860298485e+00,9.638411419867369823e-01,-1.717839329309535978e+00,-5.670154760623273837e-01,5.193033098218979154e-02,1.283644051721485990e+00,-8.351127560184780307e+00,-1.825638792326520043e+00,2.013938821706303894e+00,-3.700099246886113802e-01,-1.521805051032824874e-01,1.397177829905060960e-02
-7.777025118428237960e+00,6.228806251969397634e-01,8.163806285612840163e-01,-6.991064337809006490e-01,2.815932469780498826e-01,-8.734945146429407004e-02,-1.865709634549208928e+01,-1.041386946584539963e+01,-6.876789733296424068e+00,-1.006188122881034097e+00,-1.179896323534098013e+00,4.849609551136188301e+00,-2.084708599548066132e+01,7.752600847888997393e+00,6.665318714585176885e+00,-1.318710554825516912e+00,-3.228625258547418220e+00,4.273991275788054933e-01,-9.712414706357613170e+00,1.089857635684825965e+00,-1.591640984407767911e+00,-5.310454575971523816e-01,5.200985648573452219e-02,1.340944295334193015e+00,-9.712414706357613170e+00,1.089857635684825965e+00,-1.591640984407767911e+00,-5.310454575971523816e-01,5.200985648573452219e-02,1.340944295334193015e+00,-8.442320478632483471e+00,-1.873479250160805964e+00,1.881912441706020012e+00,-4.342660175717726889e-01,-1.695617343236016927e-01,9.416958656137701042e-03
-7.764203918320704112e+00,6.106656883534631319e-01,8.417197860003403642e-01,-7.183980279532562463e-01,3.017945029075310148e-01,-1.032224543391704052e-01,-1.767171003875888857e+01,-1.199737688998228968e+01,-8.632528044416913460e+00,-1.181088751606371945e+00,-1.004969320828891011e+00,4.490450101208820932e+00,-2.413185614045314864e+01,1.032729446503424064e+01,6.011034934751449121e+00,-1.280792892253892923e+00,-2.891094680755368795e+00,3.904117229759417884e-01,-9.850630586497931773e+00,1.175669966991496951e+00,-1.631103155723717002e+00,-4.986262620067560269e-01,4.666956870246982692e-02,1.397567405203888891e+00,-9.850630586497931773e+00,1.175669966991496951e+00,-1.631103155723717002e+00,-4.986262620067560269e-01,4.666956870246982692e-02,1.397567405203888891e+00,-8.624458426735973404e+00,-1.966654190862761054e+00,1.782280921936034934e+00,-4.884378625657327944e-01,-2.269625498536360919e-01,9.134482017984994762e-03
-7.811550482949266794e+00,5.508174800955195627e-01,8.065792151576469671e-01,-7.355382559883233418e-01,3.460570518535336926e-01,-1.140320599765733967e-01,-1.595716329013342083e+01,-1.419278340331726973e+01,-9.510345447510498929e+00,-1.241938357696205975e+00,-7.547159464322970024e-01,4.102757346930675730e+00,-2.628134331287563086e+01,9.984365011137333212e+00,5.539714447472137593e+00,-1.282643160685128070e+00,-2.804224400304883957e+00,3.846849788246852753e-01,-1.000518857816275009e+01,1.301310413871370031e+00,-1.801626436416148946e+00,-4.733043476305920927e-01,4.698209673418061311e-02,1.448162327286407036e+00,-1.000518857816275009e+01,1.301310413871370031e+00,-1.801626436416148946e+00,-4.733043476305920927e-01,4.698209673418061311e-02,1.448162327286407036e+00,-8.851871057289875111e+00,-2.035399673049480995e+00,1.795737024642275914e+00,-5.345332449689104148e-01,-2.860695658900980765e-01,1.410444681425968017e-02
-7.955664241124713598e+00,4.421386341604890968e-01,7.699571029229220764e-01,-7.505441926499849536e-01,4.159311671868631266e-01,-1.226291674519739000e-01,-1.376983810020482046e+01,-1.666605921275055024e+01,-9.767722853867139676e+00,-1.014298650526231027e+00,-4.331683907572024816e-01,3.698719007078953069e+00,-2.758963817434316113e+01,1.036826391117546997e+01,3.494261421061025885e+00,-1.067123385923554935e+00,-2.932965974348725968e+00,3.346729164879199137e-01,-1.015579683234746078e+01,1.548815226686087954e+00,-1.964629360415879988e+00,-4.678320688832420804e-01,5.513204052008695288e-02,1.490572617802534028e+00,-1.015579683234746078e+01,1.548815226686087954e+00,-1.964629360415879988e+00,-4.678320688832420804e-01,5.513204052008695288e-02,1.490572617802534028e+00,-9.075112167331059965e+00,-2.084232077258060922e+00,1.882445919077385010e+00,-5.715279663222385675e-01,-3.355769476135094243e-01,2.868962432356755854e-02
-8.114023426105703152e+00,9.415042109354580802e-02,6.857142714792607840e-01,-7.644526184840918503e-01,4.499447490893149770e-01,-1.259627048930213877e-01,-1.187949082598708017e+01,-1.837413936606199982e+01,-9.481453318749704096e+00,-6.536449318588604118e-01,-1.396517137533337116e-01,3.282960885406089879e+00,-2.666141057206714038e+01,9.214099320836826479e+00,4.169579104197463915e-01,-5.944863691016255558e-01,-3.138958483549143086e+00,2.457126856201148901e-01,-1.031035358174544037e+01,1.793334997499897998e+00,-1.981924666726033957e+00,-4.844597279872884243e-01,6.228059068316459113e-02,1.531505381716133929e+00,-1.031035358174544037e+01,1.793334997499897998e+00,-1.981924666726033957e+00,-4.844597279872884243e-01,6.228059068316459113e-02,1.531505381716133929e+00,-9.365794885938413472e+00,-2.135293870160864138e+00,2.026666512365394190e+00,-6.059859132067736409e-01,-3.791879563474452874e-01,5.150876577260123795e-02
-8.391792432137533453e+00,-1.407883065636806041e-01,6.836146116256713867e-01,-7.616681644260975270e-01,4.788895558377014861e-01,-1.322928124354915136e-01,-1.041202421992745997e+01,-1.904287902380889008e+01,-8.303568451196760236e+00,-2.185220148065827872e-01,9.824307531625714462e-02,2.825532121602177149e+00,-2.546100087148741054e+01,7.818371268156180776e+00,-2.870905604226829055e+00,1.203867679188115047e-01,-3.106168079119857151e+00,3.604395894807725931e-01,-1.051747573885251974e+01,1.924244824329168102e+00,-1.860440749998786947e+00,-5.114890101638598363e-01,6.832728258961219547e-02,1.574572421716206039e+00,-1.051747573885251974e+01,1.924244824329168102e+00,-1.860440749998786947e+00,-5.114890101638598363e-01,6.832728258961219547e-02,1.574572421716206039e+00,-9.619682525254907191e+00,-2.185125112533568892e+00,2.149748215186494171e+00,-6.338257575086971851e-01,-4.372208132857354212e-01,7.607815550366300861e-02
-8.624904798573359344e+00,-1.703005480992111909e-01,7.193321221527515519e-01,-7.282529950035101507e-01,4.941830320263982945e-01,-1.251579978513180924e-01,-9.696491004135200598e+00,-1.938576339881846167e+01,-6.635751916394132977e+00,2.466967512538233986e-01,2.257800830963996863e-01,2.288034419554414001e+00,-2.495024298986938049e+01,7.019345798851250429e+00,-8.839778648699400776e+00,6.868560820463249783e-01,-2.933154641163144838e+00,5.138629084852976980e-01,-1.066060744562457074e+01,1.985475076783087989e+00,-1.661388235707436989e+00,-5.382086836522625983e-01,7.402953841993885342e-02,1.619070893333804051e+00,-1.066060744562457074e+01,1.985475076783087989e+00,-1.661388235707436989e+00,-5.382086836522625983e-01,7.402953841993885342e-02,1.619070893333804051e+00,-9.724819360706423055e+00,-2.189606207030143192e+00,2.229704837403589934e+00,-6.490822342497033492e-01,-5.236624626302847085e-01,1.018187010084547067e-01
-8.916373465650824670e+00,-1.589978401321694990e-01,7.202367782592773438e-01,-6.815712719896299676e-01,5.320557618959097512e-01,-1.218480221742141018e-01,-9.754779455589451587e+00,-1.914359815615355132e+01,-5.788418469135455879e+00,5.943883795500504164e-01,2.756458437943998807e-01,1.652150188718487955e+00,-2.504376238428869073e+01,5.436571642672532789e+00,-9.421751465482463672e+00,1.706258080270250055e+00,-2.116974154436703781e+00,8.070743942391975789e-01,-1.080668770255343958e+01,1.993942565257611044e+00,-1.401315542337272957e+00,-5.631357710782290971e-01,8.643247692838729179e-02,1.669579434727457068e+00,-1.080668770255343958e+01,1.993942565257611044e+00,-1.401315542337272957e+00,-5.631357710782290971e-01,8.643247692838729179e-02,1.669579434727457068e+00,-9.680253519135380458e+00,-2.216257726389263993e+00,2.326124345499371859e+00,-6.700510899195351033e-01,-6.181797505386414926e-01,1.325958081627436058e-01
-9.173633520260139562e+00,-1.467904363531395973e-01,7.321426346325836665e-01,-6.376980679101108551e-01,5.548826768361051487e-01,-1.290611676076361125e-01,-1.031937770081835914e+01,-1.804785653679101998e+01,-5.798552523131683678e+00,6.542367894366014625e-01,2.330227425789445916e-01,9.317630066710520520e-01,-2.710687140168537113e+01,7.346591271161575065e+00,-1.901371511490842892e+01,9.922554458772938624e-01,-9.211483870031098586e-01,1.387883933271288006e+00,-1.109865034584870003e+01,1.949451365046054097e+00,-1.225481426004745966e+00,-5.933518486409325998e-01,1.003353431395504064e-01,1.730046682216177967e+00,-1.109865034584870003e+01,1.949451365046054097e+00,-1.225481426004745966e+00,-5.933518486409325998e-01,1.003353431395504064e-01,1.730046682216177967e+00,-9.548211566497288416e+00,-2.255119261775819783e+00,2.362746631342266923e+00,-6.894736906930354348e-01,-6.785078203211182268e-01,1.623080077209627936e-01
-9.358531391271231570e+00,-1.226802602272995951e-01,7.324442267417907715e-01,-6.095338662058538137e-01,5.200216245455944186e-01,-1.448702595781825031e-01,-1.009434101658482952e+01,-1.669756176651165092e+01,-6.989132065926828119e+00,2.143933550324491066e-01,2.471039326440903072e-01,1.420693931079680117e-01,-2.393304347198537130e+01,6.272745918894979233e+00,-1.505581567730837023e+01,1.950398410524676107e+00,9.886750623661990645e-01,1.529237709902288911e+00,-1.146070490380217066e+01,1.856139336797411055e+00,-1.151837943046694068e+00,-6.278738857963456210e-01,1.173888022020701943e-01,1.805428188695167080e+00,-1.146070490380217066e+01,1.856139336797411055e+00,-1.151837943046694068e+00,-6.278738857963456210e-01,1.173888022020701943e-01,1.805428188695167080e+00,-9.437336683944574034e+00,-2.312901361506705999e+00,2.392651081085205078e+00,-7.083963280310556776e-01,-7.018987662367482949e-01,1.909507583394849106e-01
-9.755868192917098725e+00,-1.458794905644487105e-01,1.732273134832176043e+00,-4.536624537926545186e-01,4.451741604955740117e-01,-1.192308860689946931e-01,-1.148616959022434969e+01,-1.575102470614731942e+01,-9.421329193256827494e+00,-8.335419284134748530e-01,4.511787720233427224e-01,-6.157824915127978471e-01,-3.423870589436474177e+01,3.842800558437399872e+00,-4.586116121807771862e+01,8.585792876059025747e-03,3.004941445479194950e+00,1.917272880742078023e+00,-1.193181468936277057e+01,1.705929891243997076e+00,-8.609250652686302185e-01,-6.666516544143786804e-01,1.479119461085084963e-01,1.898607276979008107e+00,-1.193181468936277057e+01,1.705929891243997076e+00,-8.609250652686302185e-01,-6.666516544143786804e-01,1.479119461085084963e-01,1.898607276979008107e+00,-9.409857501233988231e+00,-2.401596810689214934e+00,2.421724724137757079e+00,-7.198419305140010271e-01,-7.169228792724712251e-01,2.193045143627994908e-01
-1.073016399715151081e+01,2.463501135299641931e-01,4.841056479578698557e+00,-2.340752070958292963e-01,2.130836580340222108e-01,-5.919215333605221119e-02,-1.529335891303196071e+01,-1.879022312335215972e+01,-2.220455624626285029e+01,-1.381165989258321902e+00,1.236917067263838099e+00,-1.723196474813341039e+00,-5.573701546855052591e+00,4.141628753937517615e+00,-1.646632412208755980e+01,9.364045621360869376e+00,5.811869191958607850e+00,-1.027634060465246080e+00,-1.343297472894840006e+01,1.422082009288637039e+00,-1.473747380301937970e-01,-6.811161565518204508e-01,1.461023305268961126e-01,2.016292352400530064e+00,-1.343297472894840006e+01,1.422082009288637039e+00,-1.473747380301937970e-01,-6.811161565518204508e-01,1.461023305268961126e-01,2.016292352400530064e+00,-9.646050221145221926e+00,-2.423581257742863926e+00,2.613995169091893001e+00,-7.191140916197061861e-01,-7.009586889597634318e-01,2.506748674854371028e-01
-1.270651986576389980e+01,-8.623576094984001239e-01,9.596756637813429691e+00,1.410974830594977081e-01,-4.062187812110638202e-02,1.755836021878819098e-01,-2.977422008670664155e+01,-1.078592486398011019e+01,-2.333114242395009086e+01,-2.288861971098644921e-01,7.948087451629495259e-01,-2.765459377217525105e+00,-5.137153596388579757e+01,1.513193154966694998e+01,1.085564453669886973e+02,1.752653004890305066e+00,1.141352949718591026e+00,1.899566312979358074e+00,-1.600772598921428980e+01,5.962125758444475343e-01,2.594401459059407777e-01,-6.151194090850525820e-01,5.626357755889849904e-02,2.184341378384104804e+00,-1.600772598921428980e+01,5.962125758444475343e-01,2.594401459059407777e-01,-6.151194090850525820e-01,5.626357755889849904e-02,2.184341378384104804e+00,-1.053373751662294033e+01,-2.294626223601504034e+00,2.962475216333766870e+00,-6.899754727765712303e-01,-5.985417835723418900e-01,2.785010803061696016e-01
-1.566098269090321971e+01,-4.176271147466074751e+00,1.449005490755885006e+01,6.494785942306073867e-01,-1.740592751256627990e-01,6.169244662745633212e-01,-3.839718679433470072e+01,1.339361829436706897e+00,5.794284455514424614e+00,4.292432918738441905e-01,-4.464986257451495910e-01,-2.890005563572906944e+00,-5.156525265468552277e+01,5.027880127589884296e+01,-2.323375152357407103e+01,-7.298532135597693760e+00,-9.185962328468905147e-01,-4.572400053342182136e-01,-1.848901151625123873e+01,-2.924089450987539252e-01,-3.279608747160542848e-01,-4.695472729109961274e-01,-5.317033038881215784e-02,2.381151913497995043e+00,-1.848901151625123873e+01,-2.924089450987539252e-01,-3.279608747160542848e-01,-4.695472729109961274e-01,-5.317033038881215784e-02,2.381151913497995043e+00,-1.219819653598677078e+01,-2.055138307609977844e+00,3.425838820977622046e+00,-6.660738036337794377e-01,-4.392274776504629941e-01,2.821866471786648178e-01
-2.022208157266802075e+01,-1.013955866700018937e+01,1.324362783579701919e+01,-1.822847004516869041e-01,1.258711702437921964e+00,1.515302731257524016e+00,-1.992456830683208935e+01,-1.914677742347921985e+00,1.733445199184154006e+01,-5.169646706226096455e-01,5.308755931148330109e-01,-2.989661618586509029e+00,1.887173235317236930e+01,-2.493206780762125874e+01,1.477296793361669991e+01,3.078117647504250876e+00,2.958716215587495757e-01,-2.722200447529206979e+00,-2.032790990634412154e+01,-1.421421057708313063e-01,-1.473800615443167983e+00,-3.177387812112276166e-01,-7.700234374540892990e-02,2.594641012280634040e+00,-2.032790990634412154e+01,-1.421421057708313063e-01,-1.473800615443167983e+00,-3.177387812112276166e-01,-7.700234374540892990e-02,2.594641012280634040e+00,-1.432192589808530059e+01,-1.936366297257902991e+00,4.348332399902676393e+00,-7.171918743324694479e-01,-2.584027725615299920e-01,2.922413115440066766e-01
-2.159905373494684966e+01,-1.170707450716298936e+01,1.592913008932572039e+00,-1.348458183174918945e+00,3.491867101320655919e+00,1.634978259336137052e+00,-7.749075731740386885e+00,-2.575068257417180817e+00,9.698936684157258625e+00,-3.490726723465868986e-01,1.066196078185662088e+00,-2.879552168688650049e+00,-6.794397653217382427e+00,-1.841228527273205984e+01,1.599647796196748928e+01,-1.985269941248408054e+00,3.692183024300041971e-01,1.454377217593098015e+00,-2.090691880647548828e+01,2.250747064295421929e+00,-2.755083759167960000e+00,-3.453858558773322818e-01,4.063596745740281208e-02,2.831606037697301126e+00,-2.090691880647548828e+01,2.250747064295421929e+00,-2.755083759167960000e+00,-3.453858558773322818e-01,4.063596745740281208e-02,2.831606037697301126e+00,-1.511302811612364927e+01,-1.712974347094053940e+00,5.690225149995537635e+00,-8.756400122437424383e-01,-2.860913334354278081e-01,3.457582967896615234e-01
-1.636066955515634902e+01,-9.804135482208119257e+00,-1.404263857898732049e+01,-1.133256403143398927e+00,1.057078129988300086e+00,1.074245293029959081e+00,-6.619524938233542599e+00,-4.177731898260318211e+00,3.048966445416902982e+00,6.079022916334013704e-01,7.625882228571552179e-01,-2.525404692733697942e+00,-4.861280948575931404e+00,-9.008611677734462475e+00,6.022123260808085021e+00,2.354107227915001044e+00,7.581935624850555389e-02,-2.535425892838074069e-01,-2.115727917652289136e+01,3.345058147676922999e+00,-4.189932161344600559e+00,-7.111340082233256199e-01,2.506362767381234979e-01,3.030661147203646877e+00,-2.115727917652289136e+01,3.345058147676922999e+00,-4.189932161344600559e+00,-7.111340082233256199e-01,2.506362767381234979e-01,3.030661147203646877e+00,-1.280315858845093047e+01,-1.289522425627626090e+00,7.330569866966014203e+00,-9.881759046226583632e-01,-7.868476355562560309e-01,4.002569801375913117e-01
-1.274897887279123054e+01,-5.327092869579982626e+00,-1.018132926858871024e+01,-3.668139292280860886e-01,-3.367229477145305072e+00,8.117950655650640890e-01,-5.761559920865209072e+00,-4.144726024726019808e+00,-4.733812791441748047e+00,8.325974378320906144e-01,5.970418450469795468e-01,-2.435063617509020784e+00,-2.736283271974598197e+00,1.377870870841903006e+01,1.101175288544961006e+01,3.412877272494586195e-02,7.003142659856478880e-02,6.689778473898129185e-01,-2.207545708755437985e+01,-6.007254253700948787e-01,-5.199578741179084140e+00,-1.228895626676064001e+00,4.206735879961063795e-01,3.143751554042330199e+00,-2.207545708755437985e+01,-6.007254253700948787e-01,-5.199578741179084140e+00,-1.228895626676064001e+00,4.206735879961063795e-01,3.143751554042330199e+00,-9.455852840170150486e+00,-1.349846319424697016e+00,8.779352501973212597e+00,-9.289410518519521931e-01,-1.002597021620913020e+00,3.867321231741510101e-01
-9.375638921516520341e+00,1.425694746024656956e+00,8.297112535691976376e+00,-7.129756509227949679e-02,-3.212502647276147094e+00,4.358479088305328153e-01,-7.311900314159169412e+00,2.722194800377502055e-01,-5.603966904553278283e+00,5.167828313071668456e-01,3.782648888540097731e-01,-2.129879353233197214e+00,-5.854198543615238393e+00,4.243114984072114737e+00,7.238157080859327408e+00,8.477281687396860665e-02,-9.922877390412598864e-02,-1.703185802559271933e-01,-2.255857783687218898e+01,-6.469276794029759969e+00,-4.884439504763070872e+00,-1.341887139688072939e+00,5.496591389621763302e-01,3.236214939045161998e+00,-2.255857783687218898e+01,-6.469276794029759969e+00,-4.884439504763070872e+00,-1.341887139688072939e+00,5.496591389621763302e-01,3.236214939045161998e+00,-8.224551016918510982e+00,-1.767006398101752085e+00,8.294356468009777217e+00,-8.707161606098127171e-01,-2.343678671480919073e-01,3.436072824874973897e-01
-7.766895152194416951e+00,5.097170097179898995e+00,1.528530688121612080e+01,-9.219317548811595264e-01,-3.436061136244262237e-01,1.648820429189518932e-01,-9.658901462020297757e+00,4.037724105341096159e-01,-5.861663121382498787e-01,-1.425124927315777890e-01,3.812086011389069773e-01,-1.785419985714908009e+00,-5.170343300591843771e+00,-2.666264321916357982e+00,9.807487539981368130e+00,-2.403744012966209931e-01,-6.824619463500430916e-02,1.389320879026338940e-01,-2.249919456741682922e+01,-7.730262609384405792e+00,-4.211205746565130248e+00,-1.047909766004589960e+00,6.679124414470700710e-01,3.347874422682456164e+00,-2.249919456741682922e+01,-7.730262609384405792e+00,-4.211205746565130248e+00,-1.047909766004589960e+00,6.679124414470700710e-01,3.347874422682456164e+00,-1.002024365985204035e+01,-1.981862236583044057e+00,5.493234783884078709e+00,-8.369785769591255864e-01,7.426424906367347090e-01,2.788035324405109816e-01
-1.079657752794934034e+01,5.925727942620656385e+00,1.069598223423662020e+01,-1.183659204223100003e+00,1.592030524429371097e+00,-1.125589656483482054e-01,-1.102716045531015965e+01,-7.014413645106652717e-02,6.809018202244291329e-01,-6.907991635657492191e-01,4.485118618560217096e-01,-1.502574560188111974e+00,-6.311552329840854014e+00,-1.109914429331333025e-01,8.776203221544939481e+00,1.256333982144318961e-01,-1.312534201271413903e-01,-2.079388875745967133e-02,-2.208682551885038947e+01,-5.411138952854087414e+00,-3.830912178584681804e+00,-8.325504941807869708e-01,7.480059024177774241e-01,3.408610778872311009e+00,-2.208682551885038947e+01,-5.411138952854087414e+00,-3.830912178584681804e+00,-8.325504941807869708e-01,7.480059024177774241e-01,3.408610778872311009e+00,-1.300521071912628024e+01,-1.630773494616827968e+00,2.576865248897996175e+00,-7.360257514762341691e-01,9.607607351593853151e-01,1.686935317618553920e-01
-1.376726002646181968e+01,6.385117287369096672e+00,3.470347790929857013e+00,-1.029632654016735094e+00,1.552206671361533896e+00,-2.403659402168348003e-01,-1.012730274532449037e+01,-1.277488422930873890e-01,-1.802741099606246067e+00,-9.738388341275430182e-01,4.884760240716298219e-01,-1.275746382306605975e+00,-2.597870038514435986e+00,1.290882448558845930e+00,9.436124530465512805e+00,-6.406562107005538131e-02,-7.056709158712061447e-02,5.646742877912055286e-02,-2.101380971975956058e+01,-4.044307123375621593e+00,-3.485698000321435064e+00,-8.242688518088107097e-01,7.838711925671153491e-01,3.384596727349729939e+00,-2.101380971975956058e+01,-4.044307123375621593e+00,-3.485698000321435064e+00,-8.242688518088107097e-01,7.838711925671153491e-01,3.384596727349729939e+00,-1.401024078517098914e+01,-8.742404085470967257e-01,1.276250303752960891e+00,-5.713893326540147033e-01,3.884813340005969784e-01,7.659694732963673314e-02
-1.456868958067347997e+01,5.195450826657348031e+00,-1.485442396652433938e+00,-1.084739997996329031e+00,2.396811360390073975e-01,-2.508223825539027119e-01,-9.355354012836343713e+00,-1.899283193357925059e+00,-2.261331980991009960e+00,-8.617075175813626586e-01,4.052745349868286939e-01,-1.078375966375286099e+00,-3.275655194136807946e+00,7.512692642968604728e-01,9.008519867359295219e+00,-1.103278849057477973e-01,-7.237295842640595334e-02,-1.835808933776663862e-02,-1.892975048156987938e+01,-4.115363940909405827e+00,-2.744703118885350790e+00,-7.458220327809964578e-01,8.274519467012002583e-01,3.256823664375652960e+00,-1.892975048156987938e+01,-4.115363940909405827e+00,-2.744703118885350790e+00,-7.458220327809964578e-01,8.274519467012002583e-01,3.256823664375652960e+00,-1.299885429764673006e+01,-4.959702774332965247e-01,1.470973331715837107e+00,-4.786381145821921868e-01,-2.008396884721178888e-01,6.023385670728489266e-02
-1.256598416268368013e+01,3.189441937730058907e+00,-3.490520499909894880e+00,-1.261138021213485061e+00,-1.178999733151196105e+00,-1.344602856664887935e-01,-9.898710746794431969e+00,-3.836271426321586908e+00,-2.337078246969001016e-01,-4.818974916236616890e-01,3.015233887518992129e-01,-9.215840611997341281e-01,-3.842951890769374934e+00,-4.615245910005859320e-02,9.089156773007644574e+00,-1.416208657314813879e-01,-7.466614331929422033e-02,-2.243110351264477123e-02,-1.613376828038278887e+01,-4.715423332291498681e+00,-3.065695739778074191e+00,-2.481170719157836102e-01,9.277412570134695446e-01,2.992930693554996857e+00,-1.613376828038278887e+01,-4.715423332291498681e+00,-3.065695739778074191e+00,-2.481170719157836102e-01,9.277412570134695446e-01,2.992930693554996857e+00,-1.153763499380774959e+01,-3.239242560229004253e-01,2.207313711728041028e+00,-5.049770640837191182e-01,-1.699188893690938007e-01,1.179372419700664004e-01
-9.491687559678624098e+00,1.377092579451208110e+00,-1.672897102508676959e+00,-1.448912160554056916e+00,-1.725477947159663072e+00,2.159553721329674977e-02,-1.153099967239304036e+01,-3.690738832692734839e+00,1.409071489697486967e+00,-4.783738356164211197e-02,2.854318454142615868e-01,-7.698324328651047210e-01,-4.229628000809831256e+00,-1.919683580056293914e+00,9.152561157476515774e+00,-2.326823479994380092e-02,-8.492827809067494960e-02,1.921640874687816081e-02,-1.339305082908119005e+01,-3.691500423293935906e+00,-2.596168675028355910e+00,9.780046851953602682e-02,9.409792905304289468e-01,2.719085532338327837e+00,-1.339305082908119005e+01,-3.691500423293935906e+00,-2.596168675028355910e+00,9.780046851953602682e-02,9.409792905304289468e-01,2.719085532338327837e+00,-1.058032454360282060e+01,-9.425578355651847984e-02,2.048348235049371802e+00,-5.576724364048875060e-01,1.828278855530804936e-01,2.136612790734475908e-01
-7.497329963362814098e+00,-2.510009730623576907e-01,2.158004296904684871e+00,-1.563005028026716925e+00,-1.233246295045955065e+00,1.650667689482228917e-01,-1.165543102595479930e+01,-1.999970199440114893e+00,1.175914205255963019e+00,1.952790764837130100e-01,3.402641456568479272e-01,-6.314066310403168014e-01,-4.294618101770754315e+00,-1.874896735254345970e+00,9.178772947330692489e+00,1.698370022305054905e-01,-9.764273864536764103e-02,9.247663350721706255e-02,-1.104253133182776914e+01,-1.009930243551860896e+00,-2.007927979334175994e+00,-1.425059334494523933e-01,8.161413697584267712e-01,2.451860700422009209e+00,-1.104253133182776914e+01,-1.009930243551860896e+00,-2.007927979334175994e+00,-1.425059334494523933e-01,8.161413697584267712e-01,2.451860700422009209e+00,-1.011871186110892040e+01,1.543848987132752926e-01,1.241570451323094071e+00,-5.555202637842479030e-01,3.669504714024354186e-01,3.045451767013980238e-01
-7.577325464088490392e+00,-1.838905024516295006e+00,4.922121215647936587e+00,-1.557580534031131059e+00,-5.216304782989754640e-01,3.134007580841557949e-01,-1.049913571763515030e+01,1.966685784348327914e-01,5.304829266076812599e-01,1.470520384666922920e-01,4.123809512492880858e-01,-5.260037440812349585e-01,-3.739845872322006048e+00,-4.632251646273393142e-01,9.238004472330764827e+00,2.444508317405071907e-01,-8.811303894058163111e-02,1.316812693927792988e-01,-8.816979601635910768e+00,4.467609508990234152e-02,-2.198448385328009014e+00,-5.626226596751704445e-01,6.643165802259781705e-01,2.123800256102132966e+00,-8.816979601635910768e+00,4.467609508990234152e-02,-2.198448385328009014e+00,-5.626226596751704445e-01,6.643165802259781705e-01,2.123800256102132966e+00,-9.747997089587173036e+00,5.216961477239865363e-01,5.981174264002078189e-01,-5.137632266373678425e-01,3.285607460540987956e-01,3.723070737045053868e-01
-8.734001717910395257e+00,-3.366028118719369910e+00,5.515930748791348925e+00,-1.400279975681925082e+00,-2.274282654823170102e-01,4.399907901703868918e-01,-1.001040212686642050e+01,1.027084294063371095e+00,1.054566247353674990e+00,-7.099101680708683193e-02,4.949807609133083930e-01,-4.572982449057341747e-01,-3.641406513029529002e+00,-1.005826243057778013e+00,9.241003990173339844e+00,2.924985860899296797e-01,-7.032219079049868704e-02,2.046134713150206119e-01,-6.365786423897385582e+00,5.561594732437589172e-01,-2.351874292484246176e+00,-8.757930394554358511e-01,5.997514050870154101e-01,1.797731314367023048e+00,-6.365786423897385582e+00,5.561594732437589172e-01,-2.351874292484246176e+00,-8.757930394554358511e-01,5.997514050870154101e-01,1.797731314367023048e+00,-9.249728687407952066e+00,7.968373263780917926e-01,5.461035608848596734e-01,-4.747421563236199904e-01,2.254672289165479959e-01,3.941465318202971857e-01
-9.454367701717091066e+00,-4.630236951669811418e+00,4.840501708684101345e+00,-1.133958558991702059e+00,-2.751648802504287894e-01,5.316916455551800036e-01,-1.037351784801336940e+01,4.196771336409428899e-01,1.088296588329064951e+00,-2.399422050941558138e-01,5.846427400723763768e-01,-4.206336673808843130e-01,-4.276210053175825365e+00,-1.734070127277697049e+00,9.113323441665110991e+00,4.420770040488645747e-01,-5.927317928860448282e-02,2.905559024320036876e-01,-4.197073358832134282e+00,3.104463161708725050e+00,-3.008183591484519859e+00,-1.166748408469900022e+00,5.833000252742125413e-01,1.592613287318703108e+00,-4.197073358832134282e+00,3.104463161708725050e+00,-3.008183591484519859e+00,-1.166748408469900022e+00,5.833000252742125413e-01,1.592613287318703108e+00,-8.772594513431672070e+00,8.689477059148973392e-01,8.679069893151384329e-01,-4.730934931935252830e-01,2.137403110823324071e-01,3.916189112970905883e-01
-9.413502255592252510e+00,-5.673757387541454200e+00,3.763840351530844064e+00,-8.938797099415402014e-01,-3.463470884847391074e-01,5.715229433349908739e-01,-1.046021678880130068e+01,-1.790768094607576022e-01,-3.380261782638305790e-01,-2.193958979439951940e-01,6.175789258841072327e-01,-3.941075872493037813e-01,-3.740453282808927860e+00,-2.959404558218020065e-01,9.153152616708874589e+00,5.258634369677296361e-01,-4.859170284459850969e-02,3.120747169225079887e-01,-2.747115789539420039e+00,6.957308710391949091e+00,-2.918192860534854827e+00,-1.666577608945746913e+00,4.500398133577068194e-01,1.429345413769739004e+00,-2.747115789539420039e+00,6.957308710391949091e+00,-2.918192860534854827e+00,-1.666577608945746913e+00,4.500398133577068194e-01,1.429345413769739004e+00,-8.414220996081837711e+00,8.789330124855042614e-01,1.167492068608805056e+00,-4.762956354074284193e-01,2.715083175098851886e-01,3.757892436587855212e-01
-9.007746942794293332e+00,-6.259551087216745913e+00,2.487319824501201815e+00,-7.378533785648021537e-01,-3.274137729202665215e-01,5.600457472897638622e-01,-1.008737503877983066e+01,-3.951138848800324066e-01,-1.564466570379547061e+00,-3.987177636396165015e-02,5.855688507121705744e-01,-3.627541818285501263e-01,-3.374480600075091985e+00,6.274945738353574498e-01,9.143946450146916760e+00,4.841032359674219965e-01,-3.283395754185555737e-02,2.967191085946037088e-01,-2.472625185777613144e+00,5.399322886302764246e+00,-3.518959435499701804e+00,-2.394056102894070115e+00,1.651026201222796086e-01,1.084813015002505932e+00,-2.472625185777613144e+00,5.399322886302764246e+00,-3.518959435499701804e+00,-2.394056102894070115e+00,1.651026201222796086e-01,1.084813015002505932e+00,-8.416468874100715425e+00,8.500662243601241341e-01,1.257362484931946023e+00,-4.702760022814556073e-01,2.849982870362138265e-01,3.523901918615918727e-01
-8.497599575987120346e+00,-6.215169925660397610e+00,1.514610311021209021e+00,-6.048429546085187791e-01,-3.278933606137695023e-01,5.233053135844419890e-01,-9.676688055611901262e+00,-2.537899223338294097e-01,-2.134386291977508954e+00,1.605844634219014133e-01,5.092246167511453869e-01,-3.394580020400118081e-01,-3.600757390581151185e+00,8.222823463994541893e-01,9.062104147394924425e+00,4.208042844328829246e-01,-3.001342255515329974e-02,2.329155642499206036e-01,-2.265484194942286145e+00,-1.784330514986435023e+00,-3.653238084635405780e+00,-2.718188730749536042e+00,7.266522864070974579e-03,5.726625594849900081e-01,-2.265484194942286145e+00,-1.784330514986435023e+00,-3.653238084635405780e+00,-2.718188730749536042e+00,7.266522864070974579e-03,5.726625594849900081e-01,-8.650624087475394575e+00,7.113558256060064089e-01,1.244041072213053045e+00,-4.650321645314358099e-01,2.378029462570389052e-01,3.322893860824400747e-01
-7.949295957033847060e+00,-5.678719003145907607e+00,1.453646540031471979e+00,-4.495294582946007811e-01,-3.955203940350222047e-01,4.308056167263570879e-01,-9.440794807791526466e+00,4.226743123893226817e-01,-2.095923007450161801e+00,2.449758436341988865e-01,4.336146839111814089e-01,-3.216921581147086928e-01,-3.416118217707747817e+00,1.120210857499992940e+00,9.104310391883942088e+00,3.323542095780844807e-01,-1.975437765827782119e-02,1.656830781982784884e-01,-2.107990817977285936e+00,-5.693994733866343694e+00,-2.095008313922932963e+00,-2.565917836003564823e+00,1.001803957769079045e-01,6.409571290725843418e-02,-2.107990817977285936e+00,-5.693994733866343694e+00,-2.095008313922932963e+00,-2.565917836003564823e+00,1.001803957769079045e-01,6.409571290725843418e-02,-8.859243287468835604e+00,6.580934102145817866e-01,1.195212936743186072e+00,-4.618270818661007748e-01,1.422621962913354077e-01,3.013166768149235786e-01
-7.399964715539645965e+00,-4.784708149788382769e+00,2.082612285629882987e+00,-3.289397442136369754e-01,-4.462300969265817208e-01,2.723300983157452837e-01,-9.621933365649264047e+00,1.056591840817979078e+00,-1.693238996043668010e+00,1.843149637608446079e-01,3.875189365817666154e-01,-3.153991415002079246e-01,-3.429073846041088114e+00,6.827238704293920879e-01,9.095118964078544366e+00,2.751221779411534007e-01,-1.211907511817350916e-02,1.318973895187141032e-01,-2.952779141946927144e+00,-3.923729334966361115e+00,9.264986179068132044e-01,-2.484029670813225898e+00,1.200819364992662952e-01,-2.514717765548203920e-01,-2.952779141946927144e+00,-3.923729334966361115e+00,9.264986179068132044e-01,-2.484029670813225898e+00,1.200819364992662952e-01,-2.514717765548203920e-01,-8.848167080588092759e+00,5.604452803973183350e-01,1.276216561489430079e+00,-4.895975011404811728e-01,5.807153072218179668e-02,2.578159835722174109e-01
-7.076495713649326724e+00,-3.798285130820964195e+00,2.753292026614984067e+00,-2.332386089038042953e-01,-4.361156056071616161e-01,8.717155451774903641e-02,-9.953671626292678098e+00,8.619126741604139497e-01,-1.391468941097190992e+00,1.050383639805633068e-01,3.667575489449245163e-01,-3.299772799228681830e-01,-3.929198063245339156e+00,5.083642136145840595e-01,9.164131908033471774e+00,2.490271826216403084e-01,1.261612056336965972e-02,7.549110181609632042e-02,-3.602869808239010929e+00,-1.604047781554772900e+00,4.059159312009597897e+00,-2.165272639653113007e+00,5.990938180012173736e-02,-3.846116887192619904e-01,-3.602869808239010929e+00,-1.604047781554772900e+00,4.059159312009597897e+00,-2.165272639653113007e+00,5.990938180012173736e-02,-3.846116887192619904e-01,-8.547478784966159537e+00,3.241234981627392764e-01,1.462618165508696055e+00,-5.291118531881366938e-01,2.136295661330223083e-02,2.014054025633149059e-01
-7.115616224768157139e+00,-3.237378986821992211e+00,2.901787011674954009e+00,-1.329870724588780861e-01,-3.297537729367241988e-01,-9.450353598981450776e-02,-1.005325593914182036e+01,5.437763867412417351e-01,-1.245155096054076926e+00,8.409654092724605512e-02,3.591848082012600862e-01,-3.580439167637978759e-01,-4.245265002074878780e+00,3.844769488213248820e-01,9.040130914081627722e+00,2.183685479385238104e-01,2.809917833763368039e-02,-1.019859674820152995e-01,-3.606451610876729053e+00,-2.187941024670280843e+00,3.666055747196727221e+00,-1.489829787262513028e+00,2.121665404050401132e-02,-5.224980563344981954e-01,-3.606451610876729053e+00,-2.187941024670280843e+00,3.666055747196727221e+00,-1.489829787262513028e+00,2.121665404050401132e-02,-5.224980563344981954e-01,-8.172401067772092631e+00,-6.602905450121061143e-03,1.699000901851217105e+00,-5.776587800745864865e-01,3.629022975769678749e-02,1.468381257860056077e-01
-7.473387168360805966e+00,-3.127695377948525035e+00,2.501361235800731997e+00,-1.178736412870048066e-02,-2.363986706144677041e-01,-2.500953473955683237e-01,-9.795631730001034043e+00,5.037851015299452673e-01,-1.345177090296181044e+00,9.828491538335773492e-02,3.493723922732909770e-01,-3.870753324373649162e-01,-2.543410125865714022e+00,3.204236460276759790e-01,8.975472824011724526e+00,2.229246233136860933e-01,1.259834767467907062e-02,4.320824082760107293e-02,-2.892576371713960981e+00,-3.286305831019474155e+00,1.276447140157253024e+00,-8.267079846665483789e-01,8.229469212012424650e-03,-7.436794453380173309e-01,-2.892576371713960981e+00,-3.286305831019474155e+00,1.276447140157253024e+00,-8.267079846665483789e-01,8.229469212012424650e-03,-7.436794453380173309e-01,-7.907104698926804787e+00,-1.863457374103058006e-01,1.796760376163220041e+00,-6.214531060447462396e-01,1.214352239436421038e-01,9.799668307025585778e-02
-7.958432890730398057e+00,-3.160742320711650954e+00,2.015015385789378222e+00,7.879025571113112969e-02,-2.152096418557994939e-01,-3.633884813958904170e-01,-9.599479472913344580e+00,5.083298256024041395e-01,-1.437108113261293063e+00,1.198381759978723038e-01,3.340288094654593198e-01,-4.152359387053122797e-01,-3.625398704472163836e+00,5.610154817272807737e-01,9.065250331782953808e+00,1.938051177075260090e-01,8.704338312870070829e-03,7.969377869315716345e-02,-1.964059116256599014e+00,-3.765408156211987212e+00,-8.374095639757717091e-02,-2.774102771896703734e-01,7.187542492760047586e-02,-1.013315336478133100e+00,-1.964059116256599014e+00,-3.765408156211987212e+00,-8.374095639757717091e-02,-2.774102771896703734e-01,7.187542492760047586e-02,-1.013315336478133100e+00,-7.846007767253316167e+00,-4.016413885498401060e-01,1.670264609335387895e+00,-6.523393477156609332e-01,2.113711933136017129e-01,5.779084309817336673e-02
-8.244659225257851887e+00,-3.304269453922073829e+00,1.633754861241933920e+00,1.185991300595578973e-01,-2.479598330343840973e-01,-4.162678801329934841e-01,-9.624988880025625804e+00,5.282092687377731854e-01,-1.364964895259400013e+00,1.332305229444931960e-01,3.208282870081712868e-01,-4.485445619316145160e-01,-3.524241141529588894e+00,4.229529958962631175e-01,9.012102683680197401e+00,1.739972160801789014e-01,6.515250610287540330e-03,5.884998078979757075e-02,-1.764785458415335073e+00,-3.294704949251518133e+00,-1.326500361502032932e-01,2.191622821004710064e-01,1.557231565362298120e-01,-1.269225422687793925e+00,-1.764785458415335073e+00,-3.294704949251518133e+00,-1.326500361502032932e-01,2.191622821004710064e-01,1.557231565362298120e-01,-1.269225422687793925e+00,-7.894828220897807114e+00,-5.770205537010103525e-01,1.539283041291070964e+00,-6.650691062398946807e-01,2.544126739660370062e-01,3.301973005864283772e-02
-8.073993235509812294e+00,-3.415133222699120008e+00,1.528538479311734033e+00,1.154742843991678064e-01,-2.863028590134478191e-01,-4.259623275029341127e-01,-9.664968247940333157e+00,5.105141410293002613e-01,-1.268409041563161033e+00,1.318627326410375111e-01,3.234620430734083119e-01,-4.888436557937488880e-01,-3.654908696744286978e+00,5.078360921332919498e-01,9.032260017268075813e+00,1.466543793231991910e-01,1.452752141074313032e-02,4.651685954132016299e-02,-2.011946625201753047e+00,-2.299074451459226953e+00,1.525417585049859970e-01,6.456447227822366131e-01,2.076259024329669134e-01,-1.495851280685271956e+00,-2.011946625201753047e+00,-2.299074451459226953e+00,1.525417585049859970e-01,6.456447227822366131e-01,2.076259024329669134e-01,-1.495851280685271956e+00,-7.945872790983701250e+00,-6.469923853874206543e-01,1.507000373549127969e+00,-6.594485267672601791e-01,2.543195094832196856e-01,2.912678122415562898e-02
-7.760231851326065744e+00,-3.429952098178020936e+00,1.680356208316559075e+00,1.039261464942635022e-01,-2.509514431817331248e-01,-4.085205460226399854e-01,-9.666009818231882988e+00,6.426450940687352675e-01,-1.308498614089524947e+00,1.109771655268750046e-01,3.360815290008761225e-01,-5.374940945683415183e-01,-3.476653416035912159e+00,4.199271594873770774e-01,8.987086455759731862e+00,1.168530716713855055e-01,3.423569759871873674e-02,1.954497135574779013e-02,-2.160138406420267110e+00,-1.667516895184075087e+00,1.395897506996111870e-01,9.454954330944367324e-01,2.330704865699630979e-01,-1.717966447090772952e+00,-2.160138406420267110e+00,-1.667516895184075087e+00,1.395897506996111870e-01,9.454954330944367324e-01,2.330704865699630979e-01,-1.717966447090772952e+00,-8.011318159109498183e+00,-6.337331796772973647e-01,1.624530193000180978e+00,-6.351891396873174944e-01,2.534271360069395018e-01,3.756923939841472215e-02
-7.490390964160423160e+00,-3.287747654767771088e+00,1.969687147313220921e+00,1.036103367805480957e-01,-1.616059964114811009e-01,-3.654211256212023806e-01,-9.575009944602804524e+00,8.357016623332957916e-01,-1.489348477183910946e+00,6.669122200093531572e-02,3.353944573354494807e-01,-5.934241246615636900e-01,-3.675665947332543038e+00,5.658253098504700818e-01,9.007844845087664254e+00,8.795975596170454991e-02,6.163426200514472708e-02,-8.226871356717133446e-03,-2.209250916351998217e+00,-1.212290576489041927e+00,-1.477638026610023081e-01,1.081426703379094079e+00,2.638934831734917053e-01,-1.960553959391569956e+00,-2.209250916351998217e+00,-1.212290576489041927e+00,-1.477638026610023081e-01,1.081426703379094079e+00,2.638934831734917053e-01,-1.960553959391569956e+00,-8.087933296219237178e+00,-5.538501643148866505e-01,1.809964357852996919e+00,-5.960598167789649127e-01,2.701405147446966915e-01,5.038805996230769774e-02
-7.400005147778452752e+00,-2.963135134070657983e+00,2.262627223290814893e+00,1.243936289261568934e-01,-7.913836598697643332e-02,-3.008493730433844937e-01,-9.532877140125727067e+00,8.322846095708151815e-01,-1.556996194650769105e+00,2.504822435819445067e-02,3.270465452784264149e-01,-6.506109951507659250e-01,-3.350337688159685801e+00,7.476952480671730239e-01,8.997467587855627613e+00,4.897634834470721704e-02,7.215295172631779053e-02,-1.976025548298568010e-02,-2.422782014286708030e+00,-7.442640633810133632e-01,-5.098044340099606719e-01,1.064748395056952068e+00,2.956480610938299058e-01,-2.203478703423152218e+00,-2.422782014286708030e+00,-7.442640633810133632e-01,-5.098044340099606719e-01,1.064748395056952068e+00,2.956480610938299058e-01,-2.203478703423152218e+00,-8.124551677362038760e+00,-4.594621461245321226e-01,1.866682643745108061e+00,-5.465528421290886119e-01,2.704538792158113214e-01,6.107776535935299789e-02
-7.409564225869941012e+00,-2.550351854995124068e+00,2.448741727930805911e+00,1.623878758903838093e-01,-1.870619357986710168e-02,-2.294487117683211008e-01,-9.518436664809829750e+00,7.213431639788521199e-01,-1.561441265492945041e+00,2.010283709007290934e-02,3.188888764784266749e-01,-7.145039378772682914e-01,-4.202351921409200664e+00,7.452626101218671195e-01,9.101223899105910675e+00,1.655793215538705135e-02,1.101774222637621065e-01,-1.055284070153374998e-01,-2.663601102748427873e+00,-5.939946984097510541e-01,-7.071389281630729995e-01,1.000305824414646994e+00,3.139315758759572139e-01,-2.438118294495465133e+00,-2.663601102748427873e+00,-5.939946984097510541e-01,-7.071389281630729995e-01,1.000305824414646994e+00,3.139315758759572139e-01,-2.438118294495465133e+00,-8.174429404267149479e+00,-4.438851083017685828e-01,1.791230589788395999e+00,-4.868297219337460180e-01,2.545959630528836781e-01,6.098600362117489321e-02
-7.445522324705984296e+00,-2.182855010963379971e+00,2.536821313266273137e+00,2.081106921633364137e-01,2.031955404788099093e-02,-1.630872890103355899e-01,-9.479602599745138747e+00,6.636308759058022755e-01,-1.558105596167993045e+00,3.418168622576502058e-02,3.094711180237089132e-01,-7.871337521782638680e-01,-4.248176574707031250e+00,6.055125241912496792e-01,8.955988886779605807e+00,-3.273005738022857769e-02,1.121555194258690019e-01,-3.535126319016108076e-01,-2.895244183819329020e+00,-6.463984836156657643e-01,-7.044551812904986665e-01,9.629477868463514056e-01,3.246389984199353762e-01,-2.674491081816516846e+00,-2.895244183819329020e+00,-6.463984836156657643e-01,-7.044551812904986665e-01,9.629477868463514056e-01,3.246389984199353762e-01,-2.674491081816516846e+00,-8.266619880078575733e+00,-4.638813138008118231e-01,1.683707500795065926e+00,-4.321667103929454079e-01,2.661620009398680264e-01,5.564582651729956669e-02
-7.494014388694358431e+00,-1.816679741224588973e+00,2.539139986038208008e+00,2.571522587185309794e-01,5.772892562378068027e-02,-1.145340770799617020e-01,-9.528434873542844130e+00,5.992722487791464214e-01,-1.527034876380769957e+00,4.690156035369411752e-02,3.089860947015831139e-01,-8.583061375864577958e-01,-2.010371220154573813e+00,5.285936666645884019e-01,8.936432165057000887e+00,-1.901609333746108119e-02,8.882089650865951369e-02,-1.188247451912544939e-01,-3.219739419559032978e+00,-7.437470345689966011e-01,-6.193124949703260329e-01,9.450778910989861004e-01,3.152619051847855847e-01,-2.918987974627475168e+00,-3.219739419559032978e+00,-7.437470345689966011e-01,-6.193124949703260329e-01,9.450778910989861004e-01,3.152619051847855847e-01,-2.918987974627475168e+00,-8.305316045090826549e+00,-4.749185913338940801e-01,1.504888195591201905e+00,-3.791365709555311048e-01,2.656848813364930950e-01,4.856696187933068343e-02
-7.649714797689434853e+00,-1.355462397527402052e+00,2.491641572818228845e+00,3.073258998184342783e-01,1.138163982045059947e-01,-9.036513882332958270e-02,-9.617212103649976029e+00,6.525344022345973549e-01,-1.524814498923459993e+00,5.204817787447889310e-02,3.109282138641186188e-01,-9.291881329268999457e-01,-3.700711817956833904e+00,6.524453121645722442e-01,9.063346337191841684e+00,-2.627386547659394875e-02,8.048718719797190446e-02,-8.647267113330192601e-02,-3.553809383037286107e+00,-7.893115376681375528e-01,-3.448235921598917786e-01,9.540360990032743516e-01,2.918155006143869912e-01,-3.158357804661874102e+00,-3.553809383037286107e+00,-7.893115376681375528e-01,-3.448235921598917786e-01,9.540360990032743516e-01,2.918155006143869912e-01,-3.158357804661874102e+00,-8.479419509361227014e+00,-5.491752804218463790e-01,1.486940229859337936e+00,-3.376795265162101933e-01,2.584022084732028879e-01,3.380863437308168767e-02
-7.915248559590233768e+00,-9.866231560523999189e-01,2.347833886336352816e+00,3.377836790743061202e-01,1.891212182959383925e-01,-8.452995815614144925e-02,-9.682670390419804818e+00,5.660648432676830266e-01,-1.466035087760952926e+00,4.573788635846535999e-02,3.121892385068438802e-01,-9.964706222511234834e-01,-3.448703826389370786e+00,5.896401031546512073e-01,9.046914019709175747e+00,-4.293429313410652287e-02,8.518314866861256829e-02,-1.118265475831731054e-01,-3.991747412076759982e+00,-7.452578257006932105e-01,-1.313237230073286965e-01,9.831340270846200546e-01,2.514125775866726253e-01,-3.380682212205118109e+00,-3.991747412076759982e+00,-7.452578257006932105e-01,-1.313237230073286965e-01,9.831340270846200546e-01,2.514125775866726253e-01,-3.380682212205118109e+00,-8.727999331504697977e+00,-6.724368364561020828e-01,1.611230390868022111e+00,-2.957353173854880835e-01,2.498693428537870909e-01,2.030765915185338971e-02
-8.207520601127816562e+00,-7.272912291563169429e-01,2.082648875083811024e+00,3.552229247484716135e-01,2.410586589176585137e-01,-8.334492239946136860e-02,-9.745935375964254632e+00,2.553224336122705829e-01,-1.307351802180173994e+00,4.505406663054511290e-02,3.184999139959688863e-01,-1.055894499215163096e+00,-3.523014716907971078e+00,4.816291727307784876e-01,9.103644807528215921e+00,-4.480834178217436847e-02,9.965177893764487482e-02,-9.293801944264679094e-02,-4.572596095368854030e+00,-7.604202538789752719e-01,5.117201910311756918e-02,1.005697007697786916e+00,1.829549041631522988e-01,-3.583077658004047983e+00,-4.572596095368854030e+00,-7.604202538789752719e-01,5.117201910311756918e-02,1.005697007697786916e+00,1.829549041631522988e-01,-3.583077658004047983e+00,-8.983300433030098731e+00,-7.346488377371411804e-01,1.732266934842928041e+00,-2.497967397504468057e-01,2.320989630529917969e-01,8.559537633445791355e-03
-8.512405996453273005e+00,-5.896343237733188136e-01,1.659705134287271955e+00,3.567321018813406908e-01,2.445473252502206041e-01,-8.435440971835019008e-02,-9.815828897790385810e+00,1.054386531999225995e-01,-1.193014663785151086e+00,5.107559274243633762e-02,3.230658328771193744e-01,-1.104356422995568909e+00,-4.455277205062900592e+00,3.253963789876400114e-01,9.118314198573552076e+00,-5.703351364260719758e-02,1.501054006623447068e-01,-1.983596488978394967e-01,-5.162978667814966727e+00,-8.535948277709884957e-01,2.586803891629639862e-01,1.067082513146160982e+00,1.116529583986279051e-01,-3.774313481260196834e+00,-5.162978667814966727e+00,-8.535948277709884957e-01,2.586803891629639862e-01,1.067082513146160982e+00,1.116529583986279051e-01,-3.774313481260196834e+00,-9.169784931909470416e+00,-7.534649486091279380e-01,1.784484252493867995e+00,-2.157970276387972119e-01,2.102946752822527077e-01,-2.996064422111356824e-03
-8.710687239700368067e+00,-5.740853796567884082e-01,1.244420853697310925e+00,3.474137694642828733e-01,2.238334235607707945e-01,-8.230643670234588649e-02,-9.953409275517852706e+00,4.109763475330484306e-02,-1.165247576089009973e+00,5.049664665850930878e-02,3.309256482661471765e-01,-1.137372891535469055e+00,-3.438366465474565814e+00,2.942149909005801200e-01,9.026219946727259469e+00,-4.956785341930231015e-02,1.456470212264837916e-01,-2.354507213065104021e-01,-5.833123176328597559e+00,-8.991755855980738676e-01,2.572836771882074935e-01,1.147244033359346105e+00,3.592569987574297657e-02,-3.958445802628535848e+00,-5.833123176328597559e+00,-8.991755855980738676e-01,2.572836771882074935e-01,1.147244033359346105e+00,3.592569987574297657e-02,-3.958445802628535848e+00,-9.305257400975616378e+00,-8.111078967147158369e-01,1.807708294160903950e+00,-1.938401118447337923e-01,1.558659038293288002e-01,-1.425591770619634956e-02
-8.953513464355664198e+00,-5.974907449182758068e-01,9.717771228793458116e-01,3.274118652486904812e-01,1.650730826484304026e-01,-6.978241918147594369e-02,-1.014647699375852952e+01,-1.563400707400607881e-01,-1.188541435667453072e+00,4.845368977968433216e-02,3.406411369707739167e-01,-1.157382137855067050e+00,-2.952672811147804222e+00,3.625092624519278273e-01,9.137156789753294817e+00,-8.574716592301970947e-03,1.432400986483569061e-01,-8.097249283219262739e-02,-6.625606221394702899e+00,-7.667680575358459816e-01,1.634945208801588945e-01,1.218182475408488008e+00,-5.894130781249049683e-02,-4.136500607161824661e+00,-6.625606221394702899e+00,-7.667680575358459816e-01,1.634945208801588945e-01,1.218182475408488008e+00,-5.894130781249049683e-02,-4.136500607161824661e+00,-9.381895226430117418e+00,-8.977496066167293121e-01,1.896372318252564027e+00,-1.804285315115138066e-01,7.313059988667294786e-02,-2.833428536729502845e-02
-9.126391725220399209e+00,-7.168467015081395610e-01,8.694376856706501622e-01,2.988141463148890065e-01,8.242481447125080130e-02,-5.489082288427032247e-02,-1.027196862864848015e+01,-5.956500192490896683e-01,-1.153105829275393068e+00,6.523755127187347291e-02,3.374424184964854856e-01,-1.163697987047147997e+00,-4.042139437200774843e+00,1.924154326619129107e-01,9.108583698592509492e+00,3.729836057366641214e-03,1.634092570651924925e-01,-8.581438959770130992e-02,-7.471740259125606798e+00,-5.592512702574135020e-01,1.101807212944419939e-01,1.262978836993223997e+00,-1.600731358502424928e-01,-4.316252047504087308e+00,-7.471740259125606798e+00,-5.592512702574135020e-01,1.101807212944419939e-01,1.262978836993223997e+00,-1.600731358502424928e-01,-4.316252047504087308e+00,-9.416311728545352366e+00,-9.365697100003194109e-01,2.044043124210388918e+00,-1.724790779619080894e-01,-3.118986196275198158e-03,-4.386474963762076323e-02
-9.226084205839368835e+00,-8.151832520961761475e-01,9.498038027021619145e-01,2.782821696665552236e-01,1.780246291309595108e-02,-3.370599728077650070e-02,-1.023983942200550956e+01,-9.765172398351271710e-01,-1.097542911794660903e+00,1.002879094660975995e-01,3.273447181318567267e-01,-1.159916774130776984e+00,-3.672967407346932056e+00,1.020018210996054969e-01,9.118309510773533688e+00,3.570241648780112659e-02,1.827443388967379123e-01,-3.886830062198672747e-02,-8.342177430351341627e+00,-3.919179538745907188e-01,-5.493956854524500999e-02,1.275003073006174104e+00,-2.667869443223089831e-01,-4.494995514999303943e+00,-8.342177430351341627e+00,-3.919179538745907188e-01,-5.493956854524500999e-02,1.275003073006174104e+00,-2.667869443223089831e-01,-4.494995514999303943e+00,-9.445129024315686905e+00,-9.765922427177429199e-01,2.135095696374210927e+00,-1.577179804129620888e-01,-5.666474273823354779e-02,-6.086706322053170998e-02
-9.276257523618943068e+00,-9.721445238419375023e-01,1.106425980312427004e+00,2.486485131800036941e-01,-9.933064028569232179e-03,-8.195512520570316303e-03,-1.019318199157715021e+01,-1.038754351677432908e+00,-1.160744030904111046e+00,1.255492080466537874e-01,3.210276412661723922e-01,-1.146910147183501927e+00,-4.576857653192715425e+00,1.092447723812366017e-01,9.234785443824367945e+00,4.650879433550465791e-02,2.374494103010341972e-01,-1.011961056731291025e-01,-9.197013115214410561e+00,-2.614925501117205120e-01,-3.270368219192653081e-01,1.276071263083025098e+00,-3.613452046342702229e-01,-4.675821270196084178e+00,-9.197013115214410561e+00,-2.614925501117205120e-01,-3.270368219192653081e-01,1.276071263083025098e+00,-3.613452046342702229e-01,-4.675821270196084178e+00,-9.487352557262884289e+00,-9.765922427177429199e-01,2.204926981415678000e+00,-1.428709282547891979e-01,-8.329693139118228562e-02,-7.242293963738118123e-02
-9.313222357021865960e+00,-1.154569958280857955e+00,1.253255848465244071e+00,2.187405922457278107e-01,-2.375849552692905955e-03,2.366907210747343920e-02,-1.020426154716379941e+01,-1.197153508800480104e+00,-1.248438990875861077e+00,1.410767122328906997e-01,3.194748951798667136e-01,-1.129337046437475012e+00,-3.827310831647789957e+00,1.214506137125793972e-01,9.055660421985921360e+00,6.017529081830245291e-02,2.494556534066023901e-01,-1.421816414857466071e-01,-1.007944490563833995e+01,-1.313924706979306134e-01,-7.163744177728887941e-01,1.257463445236844057e+00,-4.387264269713204157e-01,-4.854953552931108973e+00,-1.007944490563833995e+01,-1.313924706979306134e-01,-7.163744177728887941e-01,1.257463445236844057e+00,-4.387264269713204157e-01,-4.854953552931108973e+00,-9.506159838192230538e+00,-9.655926136861884279e-01,2.323590803646819136e+00,-1.230672237114154022e-01,-9.523877994315077533e-02,-8.214169934832545039e-02
-9.337978682393485386e+00,-1.337681028196521904e+00,1.233632146030344101e+00,1.857178395931622095e-01,1.239855465809664055e-02,5.986632318872552039e-02,-1.025082925357703978e+01,-1.403851389884948953e+00,-1.309471010230838894e+00,1.687382311964291115e-01,3.187926932205968900e-01,-1.110210727384707052e+00,-3.170347950150889993e+00,2.494970041136909122e-01,9.092021793447516487e+00,9.838732467183182451e-02,2.540009512055305119e-01,-1.243301080189324059e-02,-1.105502700805664062e+01,2.883082543272296860e-03,-1.051425863589559029e+00,1.189978200993780044e+00,-5.043306650104610878e-01,-5.044906356367648392e+00,-1.105502700805664062e+01,2.883082543272296860e-03,-1.051425863589559029e+00,1.189978200993780044e+00,-5.043306650104610878e-01,-5.044906356367648392e+00,-9.535197480637606304e+00,-8.847781495509068339e-01,2.484465201655072786e+00,-1.010237081172096069e-01,-1.107479111609379063e-01,-8.844354023407627330e-02
-9.433573234467290902e+00,-1.413996346976712948e+00,1.221084056369903914e+00,1.681804367827801905e-01,1.904619824411613038e-02,9.410268646489333699e-02,-1.031853550813666054e+01,-1.381695854637911003e+00,-1.359430991243830933e+00,1.962330965421789919e-01,3.193762004375457764e-01,-1.089915701449795105e+00,-4.052431218726661122e+00,2.216037424100983089e-01,9.140850920831002924e+00,1.075010401226821066e-01,2.775317835070754136e-01,-1.142229051178982047e-02,-1.216450902940552048e+01,-1.540573301912116951e-02,-1.243848928992641101e+00,1.079915111995332078e+00,-5.627651586279923679e-01,-5.239321238555477933e+00,-1.216450902940552048e+01,-1.540573301912116951e-02,-1.243848928992641101e+00,1.079915111995332078e+00,-5.627651586279923679e-01,-5.239321238555477933e+00,-9.469776556807342871e+00,-7.226864071431781111e-01,2.661932453036400137e+00,-7.996317767710950375e-02,-1.333262772893613057e-01,-9.931560229135347195e-02
-9.471913870456459605e+00,-1.499104142250065053e+00,1.220740318298340066e+00,1.656230746005903087e-01,1.299825977654225917e-02,1.376258927853792058e-01,-1.032972588321825036e+01,-1.371635819238330001e+00,-1.412664712116282972e+00,2.187515326603461097e-01,3.198607762196830073e-01,-1.073983503620989932e+00,-3.673137901077407008e+00,2.197332531213760098e-01,9.120179831806193960e+00,1.230848598345574002e-01,3.122308185162196992e-01,4.465768448569801263e-03,-1.342842656055852046e+01,-2.174145845801465915e-01,-1.486653319962059072e+00,9.701032504891367036e-01,-6.144526800638763220e-01,-5.425606912952004812e+00,-1.342842656055852046e+01,-2.174145845801465915e-01,-1.486653319962059072e+00,9.701032504891367036e-01,-6.144526800638763220e-01,-5.425606912952004812e+00,-9.388728965551228711e+00,-5.852755005969202395e-01,2.856254170148813110e+00,-5.501638219617054071e-02,-1.272664395986178865e-01,-1.108710356614697051e-01
-9.496672658632183683e+00,-1.667601347091683062e+00,1.244467531908370006e+00,1.749055191103885964e-01,3.609716171218497940e-04,1.710392878535340055e-01,-1.028089911876988083e+01,-1.402718616694567100e+00,-1.463755615157597889e+00,2.503978891526327244e-01,3.248049828363230862e-01,-1.065240722985453026e+00,-4.321789762757706654e+00,2.892273354701244137e-01,9.188424524989912356e+00,1.198513275207890028e-01,3.677485698897962063e-01,-6.357421447306917106e-02,-1.481889389267075074e+01,-4.015006047959487900e-01,-1.859856430003909988e+00,8.728268639799973139e-01,-6.502374840289274482e-01,-5.599107017868630187e+00,-1.481889389267075074e+01,-4.015006047959487900e-01,-1.859856430003909988e+00,8.728268639799973139e-01,-6.502374840289274482e-01,-5.599107017868630187e+00,-9.338663101196289062e+00,-3.755373993585010006e-01,2.981765630073406115e+00,-2.888674691114916093e-02,-9.823200189966591056e-02,-1.204008900146927991e-01
-9.521083711189358922e+00,-1.862207832431634014e+00,1.197706742611978958e+00,1.980107941117739134e-01,-1.660694397626423166e-02,1.989580837145026038e-01,-1.027636465498929041e+01,-1.476959827034155071e+00,-1.449413518202470108e+00,2.939789770957877968e-01,3.329643149117719747e-01,-1.059801211692221079e+00,-3.871709141000200916e+00,1.887632689803709074e-01,9.111119009876667008e+00,1.277381161007088983e-01,4.020563528258263020e-01,-1.280850585934326935e-01,-1.634353931636026047e+01,-4.837810691088845760e-01,-2.170576696526513860e+00,7.914682659384322250e-01,-6.720551938226777544e-01,-5.746108656060205711e+00,-1.634353931636026047e+01,-4.837810691088845760e-01,-2.170576696526513860e+00,7.914682659384322250e-01,-6.720551938226777544e-01,-5.746108656060205711e+00,-9.343051053411949525e+00,-1.733788746293238869e-01,3.056238705112087839e+00,-9.746233662289950292e-04,-7.581388503999754447e-02,-1.233292309919260948e-01
-9.486188275351381094e+00,-2.093111714780238941e+00,1.172601452224143026e+00,2.287754658275820974e-01,-1.501450502884484062e-02,2.225781044728684099e-01,-1.026429818635650015e+01,-1.478375431396707018e+00,-1.421594524160781026e+00,3.492214406832039875e-01,3.413103348075480770e-01,-1.059888259467067995e+00,-3.220054156403021839e+00,2.294279201765946907e-01,9.095143965678646580e+00,1.697181862665944063e-01,4.199707882561807826e-01,4.384164415877853278e-03,-1.782982060291104176e+01,-5.005035400390625000e-01,-2.354672765866062889e+00,7.462000971426889784e-01,-6.747627920939057722e-01,-5.857871317515630949e+00,-1.782982060291104176e+01,-5.005035400390625000e-01,-2.354672765866062889e+00,7.462000971426889784e-01,-6.747627920939057722e-01,-5.857871317515630949e+00,-9.360884507761619844e+00,-6.008236335835320796e-02,3.091621312047796000e+00,4.440366938561449150e-02,-8.890686735833147614e-02,-1.191651284843435049e-01
-9.378407858801335095e+00,-2.277581507366535973e+00,1.100747491476341988e+00,2.628612920353908255e-01,6.128896358468825583e-04,2.367342521774926101e-01,-1.024527108626553940e+01,-1.391644001007080078e+00,-1.395056765352953088e+00,4.060282474350330739e-01,3.495695561063760226e-01,-1.066197212878948974e+00,-3.961939963510692220e+00,2.435198763067820960e-01,9.152411939911029748e+00,1.790640654125338072e-01,4.634038802299265125e-01,8.710081043142465021e-03,-1.919003674730938869e+01,-4.844530936415927247e-01,-2.412883642525331052e+00,7.485935609115710321e-01,-6.476536755173569748e-01,-5.914373966600903643e+00,-1.919003674730938869e+01,-4.844530936415927247e-01,-2.412883642525331052e+00,7.485935609115710321e-01,-6.476536755173569748e-01,-5.914373966600903643e+00,-9.331141976225044488e+00,1.972902560663577012e-02,3.174870126244048851e+00,7.712839343179192508e-02,-9.681427974907594325e-02,-1.113882801580960008e-01
-9.197401302840056303e+00,-2.436951102878440079e+00,1.015653450220812104e+00,3.094895709862435229e-01,2.078369866391939838e-02,2.475054166056230021e-01,-1.033397505528395932e+01,-1.424849152763353999e+00,-1.360555952159540061e+00,4.692169849979089258e-01,3.558784683115668868e-01,-1.078031973513509989e+00,-3.760864670375525076e+00,2.325688412730594901e-01,9.109235590687179140e+00,1.997124655959059969e-01,5.102924208075220180e-01,1.766381704444481074e-02,-2.036384485565490010e+01,-3.717805856949903953e-01,-2.449160637073208857e+00,8.190692331835471851e-01,-5.867387871776421626e-01,-5.900809517350989353e+00,-2.036384485565490010e+01,-3.717805856949903953e-01,-2.449160637073208857e+00,8.190692331835471851e-01,-5.867387871776421626e-01,-5.900809517350989353e+00,-9.247576456953792601e+00,1.449199382766996891e-01,3.197717822702859980e+00,1.102101026370899961e-01,-5.532519074506901668e-02,-1.071161399368927014e-01
-9.085444062658291742e+00,-2.465198474331995904e+00,9.894966312206774361e-01,3.533749382349691825e-01,4.626671663455424882e-02,2.529985735062232899e-01,-1.046710740573822918e+01,-1.442755084540132016e+00,-1.433629222012029913e+00,5.429140167378549986e-01,3.614183115122932000e-01,-1.098026118733854917e+00,-4.129738001974173400e+00,3.592957820055289742e-01,9.176188944976857442e+00,2.048640000492880087e-01,5.836246108850108305e-01,-2.844187892204810830e-02,-2.127789374662556909e+01,1.955808873473834086e-02,-2.642393443929922814e+00,9.408314799841281939e-01,-4.972635547716802162e-01,-5.821644601001533914e+00,-2.127789374662556909e+01,1.955808873473834086e-02,-2.642393443929922814e+00,9.408314799841281939e-01,-4.972635547716802162e-01,-5.821644601001533914e+00,-9.295150600595937007e+00,3.183283895181661105e-01,3.001149387407223923e+00,1.517849903714408033e-01,-3.124985198157630151e-02,-1.036103367805480957e-01
-9.034872603306572714e+00,-2.394741901146467900e+00,9.887996912002563477e-01,3.919807052305582795e-01,6.360100761115078383e-02,2.562639912083951033e-01,-1.058592489387319979e+01,-1.454787176335557985e+00,-1.519250629501460059e+00,6.103185638566031024e-01,3.660748878651967075e-01,-1.122492240071220948e+00,-4.069473601522900275e+00,3.546444424797617900e-01,9.133656808308192154e+00,2.131887361525542923e-01,6.502901131198519646e-01,-1.292416540802353020e-01,-2.163046807680089856e+01,7.247444598470778043e-01,-3.183668327990680780e+00,1.068387864990300029e+00,-3.793492754488614893e-01,-5.685450610531042948e+00,-2.163046807680089856e+01,7.247444598470778043e-01,-3.183668327990680780e+00,1.068387864990300029e+00,-3.793492754488614893e-01,-5.685450610531042948e+00,-9.381853881153276120e+00,3.915651187575359127e-01,2.883136401161802809e+00,1.867572819090201064e-01,-4.408981056795233805e-02,-1.049512648002206006e-01
-9.009763703247990918e+00,-2.321506443363015038e+00,9.532274302349312833e-01,4.345793482605174729e-01,6.927648629923109647e-02,2.594680568327538128e-01,-1.064371210821946079e+01,-1.484915321873079952e+00,-1.492734747365140002e+00,6.706146933882284333e-01,3.715152653040058039e-01,-1.150062107270763967e+00,-3.277885546318688004e+00,3.192861840809779195e-01,9.096409478597079712e+00,2.430041104738223934e-01,7.094168283486814719e-01,2.241524442783371027e-02,-2.130714575933930988e+01,1.642774880336838939e+00,-3.979619705391638007e+00,1.174749659738014040e+00,-2.659069916767342057e-01,-5.479321751761201398e+00,-2.130714575933930988e+01,1.642774880336838939e+00,-3.979619705391638007e+00,1.174749659738014040e+00,-2.659069916767342057e-01,-5.479321751761201398e+00,-9.409718776078818792e+00,4.626202693412198030e-01,2.901911688107316145e+00,2.138732219037647042e-01,-7.898468957976445548e-02,-1.122367404996433005e-01
-8.997208229454566109e+00,-2.260127432288669969e+00,9.996008771597675313e-01,4.855989047404701831e-01,6.009312463633675189e-02,2.688964181698255129e-01,-1.068471882850766974e+01,-1.448295225289053079e+00,-1.419494597032679994e+00,7.198803455045673649e-01,3.709479313866819727e-01,-1.186744051340919093e+00,-4.126321162435255374e+00,2.710881218108163737e-01,9.129243927373069667e+00,2.638511026647233915e-01,7.782936213691602489e-01,4.110536850508182682e-02,-2.031664686228635830e+01,3.742352678484972994e+00,-4.737844188799552825e+00,1.108406692449589004e+00,-1.313871026733353931e-01,-5.212082317417720212e+00,-2.031664686228635830e+01,3.742352678484972994e+00,-4.737844188799552825e+00,1.108406692449589004e+00,-1.313871026733353931e-01,-5.212082317417720212e+00,-9.406266433612325173e+00,5.083335107714432866e-01,2.937606763833619183e+00,2.330989947240768023e-01,-1.034404217132773030e-01,-1.186453314397473979e-01
-8.985001834516380015e+00,-2.210952348170811099e+00,1.238092834232682016e+00,5.015969151771894063e-01,2.558701350030025135e-02,2.816202660177881123e-01,-1.074022114551561913e+01,-1.323192194355981011e+00,-1.263302177969028994e+00,7.401260569943444168e-01,3.597005587881855204e-01,-1.239829333574419046e+00,-4.059185793591143288e+00,3.264359313387670825e-01,9.107988425166571034e+00,2.851562299016464075e-01,8.558170349607390204e-01,3.355553573857848054e-02,-2.009057356062389132e+01,7.518729132624449640e+00,-4.066218511025477156e+00,6.128329731031862959e-01,-1.531028240152310094e-01,-4.946551134692542817e+00,-2.009057356062389132e+01,7.518729132624449640e+00,-4.066218511025477156e+00,6.128329731031862959e-01,-1.531028240152310094e-01,-4.946551134692542817e+00,-9.451628008476065546e+00,4.664318866673878849e-01,2.900077985505443046e+00,2.536612376408545755e-01,-1.334228860005695905e-01,-1.244790807658252008e-01
-8.996505031969068256e+00,-2.114693901783342156e+00,1.588972267489811019e+00,4.771323834120608787e-01,6.931952563653512658e-03,2.944395823151181868e-01,-1.080010224633550031e+01,-9.862313545250607216e-01,-1.106494724140284047e+00,7.195249500407689958e-01,3.392257851379010258e-01,-1.307196687379700073e+00,-4.481115582351860027e+00,1.559819293118291927e-01,9.129872092453565458e+00,2.903146903086368247e-01,9.520212097376722360e-01,-7.626674050885823286e-02,-1.904417938418933076e+01,8.575981404646157102e+00,-3.484715942229990038e+00,2.234341573920428092e-01,-1.989177450238246991e-01,-4.544618656124757905e+00,-1.904417938418933076e+01,8.575981404646157102e+00,-3.484715942229990038e+00,2.234341573920428092e-01,-1.989177450238246991e-01,-4.544618656124757905e+00,-9.495528647562167635e+00,3.530992324208249156e-01,2.806787184507058885e+00,2.784527627622986889e-01,-1.725013563783693027e-01,-1.286405913049314120e-01
-8.985001834516380015e+00,-1.815523528692650101e+00,1.812547052240732093e+00,4.577234213229836035e-01,1.781864078379533090e-02,3.114047973611879239e-01,-1.077384050828579021e+01,-6.439995468464051465e-01,-1.169375815582007094e+00,6.540497254736215016e-01,3.151440709512650096e-01,-1.392400493055311106e+00,-3.729137438505937929e+00,2.043540813119406052e-01,9.061698954465155609e+00,3.239533743181806091e-01,1.028957982718158970e+00,3.319379180368443177e-02,-1.591924190814227913e+01,8.847073362597550172e+00,-5.106357284405264707e+00,1.143306497307051001e-01,-9.278009462428286891e-02,-4.009271166596850122e+00,-1.591924190814227913e+01,8.847073362597550172e+00,-5.106357284405264707e+00,1.143306497307051001e-01,-9.278009462428286891e-02,-4.009271166596850122e+00,-9.340332670695222106e+00,2.820547806548266978e-01,2.751034873788074986e+00,2.895016805733769960e-01,-2.260428841258707022e-01,-1.368016822295071988e-01
-8.996501996943484514e+00,-1.510377510308335003e+00,1.807050374883794941e+00,4.343507679113273179e-01,4.201212850430664780e-02,3.316043222643236255e-01,-1.058865442352900033e+01,-4.155110881070114837e-01,-1.214290553364179015e+00,5.641428291927329530e-01,3.027695272187944098e-01,-1.498611893587346033e+00,-3.918095052455916161e+00,4.852771009168316829e-01,9.092612454540839551e+00,3.237598064125224995e-01,1.123023472592822092e+00,1.630629145383407086e-01,-1.293221011284476951e+01,1.200139465427239926e+01,-6.222182086376745858e+00,-1.802409642244764132e-01,4.333223720387140848e-02,-3.407082882852724204e+00,-1.293221011284476951e+01,1.200139465427239926e+01,-6.222182086376745858e+00,-1.802409642244764132e-01,4.333223720387140848e-02,-3.407082882852724204e+00,-9.162492532973006476e+00,2.100976395684046871e-01,2.782002011258486007e+00,2.775611985771874735e-01,-2.561982653746147087e-01,-1.445483046164361129e-01
-8.973151121393447838e+00,-1.347425700927842973e+00,1.723726905954841904e+00,4.015176127079628232e-01,7.176498235363076850e-02,3.384166417850387742e-01,-1.056121908942455967e+01,-1.746144644767294030e-01,-1.180654144128427951e+00,4.691907122500433847e-01,3.009361977745351191e-01,-1.622942946821690935e+00,-4.486215378004382082e+00,4.079316394759036069e-01,9.082943762033801605e+00,3.165612629864260064e-01,1.249464666661846080e+00,1.694722569745588103e-02,-1.105867139412938016e+01,1.587087097475606079e+01,-5.345606574020932200e+00,-6.706226324682594830e-01,1.685720997592133896e-01,-2.684421971707361187e+00,-1.105867139412938016e+01,1.587087097475606079e+01,-5.345606574020932200e+00,-6.706226324682594830e-01,1.685720997592133896e-01,-2.684421971707361187e+00,-9.067026809002886267e+00,1.033175714109885041e-01,2.851764724307102039e+00,2.668459309800063073e-01,-2.456739991903305054e-01,-1.574776922006883018e-01
-8.984293994327355648e+00,-1.188729522842294051e+00,1.685685853483855912e+00,3.372917295120279046e-01,5.085474691466756320e-02,3.303059855417844193e-01,-1.088034540703145936e+01,-5.551290718897212290e-02,-1.275981384621027948e+00,3.793589626244642243e-01,2.931796447727910149e-01,-1.761191777478773091e+00,-3.903454799165007927e+00,3.334158727993614124e-01,9.151736845801686115e+00,3.232592330664716962e-01,1.376629100615589074e+00,4.803260531051382898e-02,-9.925703311018368780e+00,1.755953570875761116e+01,-4.196604658177120584e+00,-1.112599349900762036e+00,1.697711123252028109e-01,-1.826237148898641971e+00,-9.925703311018368780e+00,1.755953570875761116e+01,-4.196604658177120584e+00,-1.112599349900762036e+00,1.697711123252028109e-01,-1.826237148898641971e+00,-8.972843362439062886e+00,7.542744150153503357e-02,2.965997375742448039e+00,2.661598132388199867e-01,-2.452919718948194105e-01,-1.669779505353674864e-01
-9.020197492564825836e+00,-8.641776128943570168e-01,1.708320960871605898e+00,2.669666879601815812e-01,2.013446355373476118e-02,3.134681574746657207e-01,-1.131425280296883074e+01,-9.853754862818654703e-02,-1.420137795072986986e+00,3.217652051660349066e-01,2.868484895981132099e-01,-1.906805321038143042e+00,-3.742477563497704107e+00,5.378585393413850557e-01,9.224972104104672610e+00,3.438961530798271271e-01,1.528020105227059000e+00,2.212932086831611023e-01,-9.422849560662896806e+00,1.726129571853144995e+01,-3.108190482113219133e+00,-1.300937618528094086e+00,7.655962007249006440e-02,-9.240585969340417982e-01,-9.422849560662896806e+00,1.726129571853144995e+01,-3.108190482113219133e+00,-1.300937618528094086e+00,7.655962007249006440e-02,-9.240585969340417982e-01,-8.849476522991611915e+00,7.890276930495693231e-02,3.080631605826825048e+00,2.668459309800063073e-01,-2.399084391506342007e-01,-1.820099530307623115e-01
-8.950164623258055840e+00,-4.397306419787859744e-01,1.685334349408099008e+00,2.441612850431595927e-01,5.612186271987738666e-04,2.911909501319993043e-01,-1.184093598283146953e+01,-1.476497439798465927e-01,-1.624183033502287099e+00,3.128411270478738126e-01,2.862636148929595947e-01,-2.059653896902795989e+00,-4.290817777132658328e+00,5.261934398689211978e-01,9.413914229280205603e+00,3.369128433973193060e-01,1.733406975155785013e+00,7.177920479287383526e-02,-9.847454006595921072e+00,1.640339176080816941e+01,-2.100876443504783975e+00,-1.265989526291898981e+00,-6.065870805073832368e-03,-3.838181233995018732e-02,-9.847454006595921072e+00,1.640339176080816941e+01,-2.100876443504783975e+00,-1.265989526291898981e+00,-6.065870805073832368e-03,-3.838181233995018732e-02,-8.782783131542064581e+00,5.101207147264436720e-02,3.078855777079716916e+00,2.657778348334158269e-01,-2.224790321203916066e-01,-2.013490103015455890e-01
-8.770305224931968624e+00,-2.258416417540874133e-01,1.684621691703795943e+00,2.850060056878808146e-01,2.177085859225721953e-02,2.770590026313947130e-01,-1.228906460753112917e+01,-1.508465119475791982e-01,-2.100210772347362198e+00,3.513658101803114886e-01,2.896456547290311989e-01,-2.216142989114322059e+00,-3.558006472010303955e+00,6.984215650468157399e-01,9.458815672283501286e+00,3.779627451635487190e-01,1.980105188761277057e+00,5.087549475862879200e-02,-1.048060410802814957e+01,1.566876418506311985e+01,-1.413599181529259008e+00,-1.175503111608932949e+00,-8.320669238004954615e-02,8.020615254915559600e-01,-1.048060410802814957e+01,1.566876418506311985e+01,-1.413599181529259008e+00,-1.175503111608932949e+00,-8.320669238004954615e-02,8.020615254915559600e-01,-8.746167946496704815e+00,6.539736105902463348e-02,2.980786611139202069e+00,2.658544828996755038e-01,-2.216410112146713907e-01,-2.161095065254665104e-01
-8.717517940446519731e+00,-1.841847326531634021e-01,1.672772194523922007e+00,3.681733523810388209e-01,1.406299785471571973e-01,2.579872898806104264e-01,-1.250760408023339920e+01,1.126055374243769072e-02,-2.575446461923263097e+00,4.400049916962174845e-01,3.439738117182252752e-01,-2.386691885935609214e+00,-3.573573087550144134e+00,1.945826532303210898e+00,9.738374570407753339e+00,3.397719128086690854e-01,2.264438172977599972e+00,7.955724954931321646e-02,-1.044488423907862007e+01,1.472112331368409954e+01,-1.324919672075191013e+00,-1.158377377123011032e+00,-1.258127169279958935e-01,1.511906264488330986e+00,-1.044488423907862007e+01,1.472112331368409954e+01,-1.324919672075191013e+00,-1.158377377123011032e+00,-1.258127169279958935e-01,1.511906264488330986e+00,-8.718266939857565845e+00,8.327120768474755019e-02,3.003897471376054007e+00,2.711954277559341930e-01,-2.333519603930752084e-01,-2.278970961492944869e-01
-8.846397882963891846e+00,-3.489623859654402138e-01,1.553948970533008955e+00,4.867432364874066941e-01,2.696250357059892799e-01,2.294362106033686066e-01,-1.337985937587125918e+01,1.436210115631081086e-01,-2.339887768980208005e+00,5.735131986329534692e-01,4.487808451596362880e-01,-2.560927635300802141e+00,-3.241331977543965071e+00,7.099917518235077107e-02,1.003131838173196932e+01,3.790305960915327232e-01,2.604310055357629050e+00,1.842934370177260958e-02,-1.047168330177063922e+01,1.311782752471225066e+01,-1.900231665401074910e+00,-1.220733828143641064e+00,-9.005212124103806337e-02,2.067346477850319886e+00,-1.047168330177063922e+01,1.311782752471225066e+01,-1.900231665401074910e+00,-1.220733828143641064e+00,-9.005212124103806337e-02,2.067346477850319886e+00,-8.728293418884277344e+00,6.889032817696917610e-02,3.088005811941331835e+00,2.753916436167475057e-01,-2.280530431613682907e-01,-2.292707967225544874e-01
-8.980678025112357687e+00,-7.331005238717602790e-01,1.313411590232643977e+00,6.177770641221794756e-01,3.304567949105334246e-01,2.026695590265976121e-01,-1.486220066120839967e+01,-3.513026138420052846e-02,-1.838445233008060953e+00,7.596029113374587194e-01,5.252110410108876692e-01,-2.742522527593647119e+00,-3.349988336570434821e+00,8.771484719481581482e-01,1.005825921345294027e+01,4.420540428472921057e-01,3.037259012994800056e+00,-7.006130755830820844e-02,-9.890405589734193370e+00,9.976957409040744906e+00,-2.709563891540442082e+00,-1.218895843763134090e+00,-2.114836466008812848e-03,2.416185124926716998e+00,-9.890405589734193370e+00,9.976957409040744906e+00,-2.709563891540442082e+00,-1.218895843763134090e+00,-2.114836466008812848e-03,2.416185124926716998e+00,-8.715226837335903198e+00,5.536293207126900123e-02,3.209228575366946945e+00,2.756573230157827181e-01,-2.129075356516229034e-01,-2.254193821907166106e-01
-8.783284801413334009e+00,-1.301362620278263993e+00,1.104828603545666921e+00,7.470700579996863988e-01,3.145746465080543897e-01,1.821877688997214917e-01,-1.600039369766026098e+01,-1.000003720799537005e-01,-1.668066411802213045e+00,1.012940635419872004e+00,5.832379656295253456e-01,-2.943698357229362905e+00,-3.252948749420906172e+00,6.270664735653939115e-01,1.037116170890747036e+01,4.788122640351212822e-01,3.553067169985300033e+00,-5.453118016953110297e-02,-8.777268527793664177e+00,4.189893052773627780e+00,-4.977193301228581390e+00,-1.212546237344366951e+00,1.953400533802301109e-01,2.573890042478975904e+00,-8.777268527793664177e+00,4.189893052773627780e+00,-4.977193301228581390e+00,-1.212546237344366951e+00,1.953400533802301109e-01,2.573890042478975904e+00,-8.657224741715838334e+00,7.239892187519607336e-02,3.226744479367527951e+00,2.839685647500764798e-01,-1.946040624567831057e-01,-2.151947979271724987e-01
-8.611315982710701533e+00,-1.993470566092387930e+00,1.738207310838673969e+00,8.576461599316530515e-01,2.072972412964118050e-01,1.950569413206602876e-01,-1.718553290616743823e+01,1.695724340043908984e-01,-1.443812526006269970e+00,1.308133503759959071e+00,6.465667103448566877e-01,-3.149546207576650936e+00,-2.853953994822025830e+00,4.253276699149662887e-01,1.071232462625166981e+01,5.960289256821762471e-01,4.173434787082232589e+00,-1.293037187339546035e-01,-1.060881921574597087e+01,-2.178354640416234034e+01,-1.075964077086907977e+01,-1.566685377765705933e+00,3.825384211817913771e-01,1.885194622599084990e+00,-1.060881921574597087e+01,-2.178354640416234034e+01,-1.075964077086907977e+01,-1.566685377765705933e+00,3.825384211817913771e-01,1.885194622599084990e+00,-8.765198460281940385e+00,-8.515340905328062232e-04,3.013147387571101898e+00,2.999176688556189907e-01,-1.600484100561296030e-01,-2.159893838136827116e-01
-8.440413429257324296e+00,-3.174865473830509988e+00,4.825282228722429068e+00,9.220682208927484247e-01,-6.023754871889559770e-02,1.965073349952881077e-01,-1.953198077162290147e+01,9.163334656466719519e-01,-6.445546543973851294e-01,1.609402996008663100e+00,6.865840190749747940e-01,-3.356474514747362026e+00,-2.577716784914827919e+00,6.814146342782789745e-02,1.126223667254143024e+01,6.945111284819910358e-01,4.995586758887860412e+00,-8.292739802982687647e-02,-1.691363649641741063e+01,-3.432068506192990043e+01,-4.219375103376367342e+00,-1.050978554299228040e+00,2.017538720523462947e-01,1.225788475410547029e+00,-1.691363649641741063e+01,-3.432068506192990043e+01,-4.219375103376367342e+00,-1.050978554299228040e+00,2.017538720523462947e-01,1.225788475410547029e+00,-9.542870665109285611e+00,-1.676220843788757131e-01,2.663520395481091985e+00,3.088850502594275849e-01,-7.766303976285292288e-02,-2.506307859299918839e-01
-8.115587309077257672e+00,-3.707902279947442814e+00,6.648484780665444127e+00,6.514386449399683920e-01,-4.245754240232577081e-02,1.416228866319290958e-01,-2.328756572177037043e+01,2.573805952261341012e+00,1.402718582462710861e-01,1.923184811496770896e+00,6.272982179424330118e-01,-3.568685427374835850e+00,-1.476577000195590905e+00,8.352039370798355900e-02,1.181220934223775032e+01,8.028418962246200996e-01,6.003780708273923850e+00,2.857692017998684792e-03,-1.930881032842414058e+01,-7.455076807274275907e+00,2.066174444034801105e+00,1.570742153166259980e+00,3.607083020282892960e-01,1.951151122543977046e+00,-1.930881032842414058e+01,-7.455076807274275907e+00,2.066174444034801105e+00,1.570742153166259980e+00,3.607083020282892960e-01,1.951151122543977046e+00,-1.131739082431634991e+01,-8.614679993869673869e-01,2.333928055179176120e+00,3.204200071614423107e-01,8.412610852186618027e-02,-3.651290866220315845e-01
