-1.027993348672267082e+01,1.099336568210367071e+00,2.138834612936823198e+00,4.283752599095743130e-01,4.254996247849923696e-02,-2.371874640319192873e-01,-9.866341434235060603e+00,-2.413192935094320146e-02,-2.356547608462236099e+00,-6.529953882294692313e-01,3.277686310438657213e-01,-1.024818182769924979e+00,-3.679835164601902076e+00,1.473970470767844043e+00,9.166534503423061864e+00,4.868030154775242202e-02,-3.688254792393932946e-02,2.760885944289546978e-03,-1.226864971844124952e+01,3.958099250099963995e-01,-9.494862035040878556e-01,-2.475388420977278903e-01,-3.005387251446698937e-01,1.324584360022563967e+00,-1.226864971844124952e+01,3.958099250099963995e-01,-9.494862035040878556e-01,-2.475388420977278903e-01,-3.005387251446698937e-01,1.324584360022563967e+00,-1.092639500124725949e+01,-1.489687592901159041e+00,2.170778826197603983e+00,6.287669231701520367e-01,1.666559411982129063e-02,1.459114767518525924e-01
-1.047203135624702952e+01,1.360169089212823090e+00,1.897924623685314893e+00,3.368570664358699895e-01,-4.891712338693680190e-03,-2.525890573679913098e-01,-1.027182799701284921e+01,-1.527975093930890926e+00,-1.597120154291459926e+00,-4.116833696462688930e-01,2.589740443327313013e-01,-9.294025877231767430e-01,-3.919220233808843989e+00,1.246225357818554924e+00,9.061586831636134320e+00,1.553496773620885972e-02,-4.430947359424843718e-02,7.584765582678833391e-03,-1.190738673669708980e+01,3.578458274050099197e-01,-1.153911299518139089e+00,-2.208417765743735939e-01,-3.107139911470653271e-01,1.400193045237877909e+00,-1.190738673669708980e+01,3.578458274050099197e-01,-1.153911299518139089e+00,-2.208417765743735939e-01,-3.107139911470653271e-01,1.400193045237877909e+00,-1.064911878676642054e+01,-1.392031567437308048e+00,1.993488306090944961e+00,6.419229412835741888e-01,-5.527241155505180359e-03,1.277030031122859122e-01
-1.060887855477536057e+01,1.445613098507714023e+00,1.922992625040575998e+00,2.446589019746580052e-01,-1.697810858698381095e-02,-2.583795153768136954e-01,-1.015370111205393933e+01,-1.830088379616285899e+00,-1.200091999023676026e+00,-9.685014395181325286e-02,2.330675031167110944e-01,-8.454339977126316130e-01,-3.821571939201799051e+00,1.282071082445229937e+00,9.043201346564014642e+00,-5.500831449461337369e-03,-6.434480022101675412e-02,-1.059849228522550917e-02,-1.189828041182136076e+01,4.701819202866970859e-01,-1.181530410243619045e+00,-1.873245738481046918e-01,-3.261099599198811760e-01,1.492552000806079082e+00,-1.189828041182136076e+01,4.701819202866970859e-01,-1.181530410243619045e+00,-1.873245738481046918e-01,-3.261099599198811760e-01,1.492552000806079082e+00,-1.028936330894389961e+01,-1.321705290994773963e+00,1.925870179428234907e+00,6.448897997802683912e-01,-8.291473613619530780e-03,1.143451286382097948e-01
-1.055298518084783943e+01,1.270866735192399899e+00,2.215949130702167924e+00,1.506688616455600926e-01,-2.417352657398486038e-02,-2.482609081959488984e-01,-9.925373419167579314e+00,-2.911121141783912791e-01,-1.259626476236453962e+00,1.218116440591290039e-01,2.185196863480448892e-01,-7.685069810347811003e-01,-3.602571639963375816e+00,1.019168194766784108e+00,9.132525014071603664e+00,-2.101100876801482997e-02,-6.217079875438535908e-02,-2.421545236587479069e-02,-1.200826126717734077e+01,6.335506330344491399e-01,-1.214945206900923003e+00,-1.755213057962038137e-01,-3.520251752876157880e-01,1.584463632093048968e+00,-1.200826126717734077e+01,6.335506330344491399e-01,-1.214945206900923003e+00,-1.755213057962038137e-01,-3.520251752876157880e-01,1.584463632093048968e+00,-9.956448176868317290e+00,-1.215140671938210959e+00,1.971193246996489901e+00,6.340074903023958930e-01,1.801738727479150134e-02,1.007302644384867052e-01
-1.030245931142730953e+01,8.578149828672195776e-01,2.655993730817730825e+00,7.461230710204121153e-02,-3.519050038218093923e-02,-2.244277940308500030e-01,-9.930801084941309753e+00,3.050288278676275833e-01,-1.271388883292827954e+00,1.484227754543805122e-01,1.975799976818022885e-01,-7.090797793755333478e-01,-3.620187972154352174e+00,8.887670929432219813e-01,9.102565177039608102e+00,-1.588933087139654879e-02,-4.067602040384164785e-02,-2.801437453951738030e-02,-1.196966496419736004e+01,5.775654922142677838e-01,-1.239357680189139055e+00,-1.586055976462192874e-01,-3.790067840487725825e-01,1.677556747924469960e+00,-1.196966496419736004e+01,5.775654922142677838e-01,-1.239357680189139055e+00,-1.586055976462192874e-01,-3.790067840487725825e-01,1.677556747924469960e+00,-9.730137628394682991e+00,-1.156808443499063088e+00,2.017116390548156168e+00,6.134800554420261065e-01,5.458229645349643722e-02,9.242226384219714985e-02
-9.942666389651890313e+00,3.149075640551244892e-01,3.040238888708429066e+00,2.148220228893803901e-02,-4.800853211656375130e-02,-1.901363244497460137e-01,-9.830129484261835415e+00,5.349883043619546585e-01,-9.277626276016235352e-01,3.919827701631419664e-02,2.320899404675955124e-01,-6.725515595215407760e-01,-3.870253142032388904e+00,1.020010415477992094e+00,9.063304505956153889e+00,-2.911550626783410839e-02,-2.051494636356399059e-02,-6.201902680867721340e-02,-1.200689733994232000e+01,6.738508313257258742e-01,-1.241339603459715057e+00,-1.339320398921486077e-01,-4.070581033869741239e-01,1.765422356597107001e+00,-1.200689733994232000e+01,6.738508313257258742e-01,-1.241339603459715057e+00,-1.339320398921486077e-01,-4.070581033869741239e-01,1.765422356597107001e+00,-9.553020565934987829e+00,-1.047356429546900003e+00,1.953600232739437059e+00,5.878619917482041934e-01,8.081671002846402274e-02,8.919943722315260004e-02
-9.580324536185145234e+00,-1.316256118012963938e-01,3.294021077494137195e+00,-1.022655176704866976e-02,-5.526181840175004023e-02,-1.446053949724629972e-01,-9.687417674580350635e+00,1.245906632474178988e+00,-9.473025965412921190e-01,-1.389622941687579105e-01,2.710802891786007196e-01,-6.489237981310700398e-01,-3.670950404663603006e+00,7.196430581206170185e-01,9.125843699055018021e+00,-2.833524259715855878e-02,-1.745334090053477991e-02,-7.450758225898285181e-02,-1.205130379931230067e+01,8.563371417434533228e-01,-1.177104966096004013e+00,-9.763297775099354092e-02,-4.333726635848443864e-01,1.852668717221241934e+00,-1.205130379931230067e+01,8.563371417434533228e-01,-1.177104966096004013e+00,-9.763297775099354092e-02,-4.333726635848443864e-01,1.852668717221241934e+00,-9.382127399803444234e+00,-9.039806262579859197e-01,1.792227393195737095e+00,5.579740219547701940e-01,7.696201303170613350e-02,9.024926394216536973e-02
-9.287996207147882544e+00,-5.703601166491500951e-01,3.402640198904370195e+00,-2.108074190105558091e-02,-6.402815975290777895e-02,-9.732997717685840100e-02,-9.611726776978571252e+00,1.194356535436920108e+00,-1.257906300314743042e+00,-3.037477812734067917e-01,3.014621544635058270e-01,-6.230288093906760638e-01,-3.323046485908696113e+00,7.140142758086812647e-01,9.145977537162968574e+00,6.325715665178779229e-04,-7.208903030526716584e-03,-2.661559380806570105e-02,-1.201468298192001960e+01,9.803999387224642259e-01,-1.103862973695586946e+00,-3.319119364423726154e-02,-4.540000046839042791e-01,1.934299902926329917e+00,-1.201468298192001960e+01,9.803999387224642259e-01,-1.103862973695586946e+00,-3.319119364423726154e-02,-4.540000046839042791e-01,1.934299902926329917e+00,-9.220331660186213085e+00,-7.757014177026226864e-01,1.636429606784751023e+00,5.254058302501745104e-01,5.458711334053546749e-02,9.158902645065304660e-02
-9.088157543586156351e+00,-1.084951123331659106e+00,3.396886105179160786e+00,-1.377983120816374946e-02,-7.931677516300456032e-02,-5.387481503426060081e-02,-9.690220135603704321e+00,2.034416129192987976e-01,-1.459430718489070022e+00,-3.010350324677915079e-01,3.197406758064956778e-01,-5.935146038104733845e-01,-3.479592639841802004e+00,9.645457925525529053e-01,9.098530637276518007e+00,7.936121006307314887e-03,-3.935317458811627388e-03,-2.150377221109885800e-03,-1.194605104526240069e+01,1.143875716056955039e+00,-1.088254114950754969e+00,6.967049843406274146e-02,-4.743623487869724764e-01,2.011196683894409087e+00,-1.194605104526240069e+01,1.143875716056955039e+00,-1.088254114950754969e+00,6.967049843406274146e-02,-4.743623487869724764e-01,2.011196683894409087e+00,-9.043448670945215540e+00,-6.172339845204131148e-01,1.562764774802458900e+00,4.970745526995133945e-01,3.532489103454756335e-02,9.424979104670583308e-02
-8.915346600492977558e+00,-1.567471498794209106e+00,3.317896217367188871e+00,8.588115851949428003e-03,-9.517043644607189878e-02,-1.778031252820523947e-02,-9.833179349007014736e+00,-2.371795449086925023e-01,-1.551321384269908066e+00,-1.571559430167134008e-01,2.918211943351335935e-01,-5.695599615154293138e-01,-3.578005232752377029e+00,9.452236844250561099e-01,9.082307815551757812e+00,7.368880061192378816e-03,-1.437268603635552013e-02,-4.624128454334793664e-03,-1.181617408932116930e+01,1.605091525637720951e+00,-1.250723715309417949e+00,1.736717043163437113e-01,-4.784265912541900145e-01,2.085853627834859836e+00,-1.181617408932116930e+01,1.605091525637720951e+00,-1.250723715309417949e+00,1.736717043163437113e-01,-4.784265912541900145e-01,2.085853627834859836e+00,-8.887646145290798216e+00,-5.009410738090460669e-01,1.550340175628662109e+00,4.703717071522949267e-01,3.256893668684267273e-02,9.984310433321956502e-02
-8.753431527208430651e+00,-1.913201466361035941e+00,3.243341264049726114e+00,4.933194273220475878e-02,-1.193905688310178959e-01,8.083635598562233238e-03,-9.743001434171866038e+00,-2.972249671837330909e-01,-1.373461047350535980e+00,1.133122721747045064e-02,2.783944244208972907e-01,-5.391756640570748438e-01,-3.608129081997053067e+00,9.319297036898207542e-01,9.082307815551757812e+00,1.306085176689629999e-02,-2.589147541713474054e-02,-4.394130222117925179e-03,-1.184731747331341012e+01,2.013373006873417026e+00,-1.563788342234786910e+00,2.555215525962087897e-01,-4.640045314149799927e-01,2.154488396870437139e+00,-1.184731747331341012e+01,2.013373006873417026e+00,-1.563788342234786910e+00,2.555215525962087897e-01,-4.640045314149799927e-01,2.154488396870437139e+00,-8.759382171523458993e+00,-4.214975477287096206e-01,1.559438695314445011e+00,4.396925127381158260e-01,4.903501070538140300e-02,1.014740392565726956e-01
-8.578710832903462702e+00,-2.097029412397041881e+00,3.250994613093714847e+00,1.026209488957433996e-01,-1.466586596680126975e-01,2.265014804573515020e-02,-9.770403626296822353e+00,2.565070189252871904e-02,-1.283271080062496905e+00,1.217890862224350057e-01,2.725737472242998893e-01,-5.184663630593804307e-01,-3.641828361011687054e+00,9.303972748109639035e-01,9.082307815551757812e+00,2.030711411462721855e-02,-3.858704517342252671e-02,-2.961608040476999045e-03,-1.208767320129305034e+01,1.710331794292661023e+00,-2.065394716471543823e+00,2.725507739688650122e-01,-4.366673959609139177e-01,2.206005038394827977e+00,-1.208767320129305034e+01,1.710331794292661023e+00,-2.065394716471543823e+00,2.725507739688650122e-01,-4.366673959609139177e-01,2.206005038394827977e+00,-8.691897509482954476e+00,-3.573498228969532176e-01,1.571646541856861923e+00,4.140163469659490225e-01,6.482553742554135467e-02,1.006778876237918036e-01
-8.411643313275215306e+00,-2.176739585242471797e+00,3.342175472168706918e+00,1.519837777722619077e-01,-1.644298247711676042e-01,2.732137000574683117e-02,-9.839166641235351562e+00,2.602652089867724117e-01,-1.307682923732264912e+00,1.522073714912350051e-01,2.754516930486750059e-01,-5.087644547773396697e-01,-3.598412112482955116e+00,8.693646209486831644e-01,9.116291077634702589e+00,2.813563907930705099e-02,-4.557818142273095674e-02,2.500092074666952074e-03,-1.215828312010991930e+01,1.659625577075141134e-01,-2.139202015740531149e+00,2.621794275584675149e-01,-4.165013553131194923e-01,2.205954074859619141e+00,-1.215828312010991930e+01,1.659625577075141134e-01,-2.139202015740531149e+00,2.621794275584675149e-01,-4.165013553131194923e-01,2.205954074859619141e+00,-8.724948262570304536e+00,-2.963224519868931095e-01,1.547464111438944023e+00,3.905208138422432973e-01,9.144501953779324288e-02,9.562998712215395325e-02
-8.342806093857259242e+00,-2.197332620620727983e+00,3.393658161163330078e+00,1.912824025757408064e-01,-1.648952002205220924e-01,2.591922930571130892e-02,-9.836185523799327868e+00,7.017843008773756441e-01,-1.333588091234352957e+00,1.055442982035121047e-01,2.744892463059426801e-01,-5.142355930037738609e-01,-3.563177220496652975e+00,8.626986854178930741e-01,9.102569332747842523e+00,3.632810005834217343e-02,-4.580921141923816747e-02,8.908615432559482961e-03,-1.186473504904670051e+01,-5.130265511540891277e-01,-1.937780332492069935e+00,3.818068618385644930e-01,-3.848651662177103860e-01,2.208903614421607209e+00,-1.186473504904670051e+01,-5.130265511540891277e-01,-1.937780332492069935e+00,3.818068618385644930e-01,-3.848651662177103860e-01,2.208903614421607209e+00,-8.822366344336662891e+00,-2.352894109068653095e-01,1.529036625632248958e+00,3.670230963507251087e-01,1.176437923100076971e-01,8.842560153071141182e-02
-8.372936115731171469e+00,-2.140884441678203132e+00,3.330154045983341859e+00,2.277615744166165135e-01,-1.483248919610954120e-01,1.654118406622705900e-02,-9.785874660724379837e+00,7.793486440908097279e-01,-1.393569195142356110e+00,1.697550981061859976e-02,2.908616173865546939e-01,-5.216466534522271603e-01,-3.511583875605837957e+00,9.129084623242926799e-01,9.076895661929590631e+00,4.950816630859405237e-02,-4.486220702528954246e-02,1.472247582089651965e-02,-1.155433970869838944e+01,3.945310272779973260e-01,-2.085354815872888956e+00,4.886804915434326824e-01,-3.461862693207420905e-01,2.225002298218374808e+00,-1.155433970869838944e+01,3.945310272779973260e-01,-2.085354815872888956e+00,4.886804915434326824e-01,-3.461862693207420905e-01,2.225002298218374808e+00,-8.941329334921185534e+00,-2.015409086775120096e-01,1.525925397872925027e+00,3.355646938566239079e-01,1.374357042817949126e-01,7.776490642025846167e-02
-8.497468338217787576e+00,-2.007953707889844175e+00,3.170905872698753125e+00,2.589712994153139936e-01,-1.283643744405238984e-01,4.508043263828562068e-03,-9.709656211274939608e+00,5.444348676629153783e-01,-1.625508013385581041e+00,-3.509179371413052168e-02,2.945754308752743245e-01,-5.278602481788577938e-01,-3.465521234765275072e+00,1.041885933751518056e+00,9.075513630723929026e+00,5.066674177120480266e-02,-3.832260508012051703e-02,1.530683734604428026e-02,-1.136509227752686080e+01,1.518878773005476024e+00,-2.568470130210251057e+00,4.547873367066117001e-01,-3.129458505472911267e-01,2.227317612347858855e+00,-1.136509227752686080e+01,1.518878773005476024e+00,-2.568470130210251057e+00,4.547873367066117001e-01,-3.129458505472911267e-01,2.227317612347858855e+00,-8.972441673278808594e+00,-1.589384247196876099e-01,1.580495467995248982e+00,2.997955786965192937e-01,1.396762179562426875e-01,6.919965736160781089e-02
-8.647196045029289735e+00,-1.828105875644125078e+00,3.010874143044103057e+00,2.862902787290765860e-01,-1.139107932263080936e-01,-6.789909383077276719e-03,-9.595761575518176656e+00,2.778012413995056828e-01,-1.845544643818386010e+00,-4.887500816896076655e-02,2.737346193765103908e-01,-5.306746400110671225e-01,-3.420731934190314849e+00,1.191007602876918092e+00,9.056515361941132269e+00,3.404321279333837741e-02,-2.954643892111423129e-02,6.753636002283145388e-03,-1.133634593922604950e+01,1.820959499232658096e+00,-2.634523822415260064e+00,3.882889530778357856e-01,-2.892192132156808926e-01,2.216567602636139167e+00,-1.133634593922604950e+01,1.820959499232658096e+00,-2.634523822415260064e+00,3.882889530778357856e-01,-2.892192132156808926e-01,2.216567602636139167e+00,-8.917873549571234904e+00,-1.464888453483582098e-01,1.626453645767703904e+00,2.682544154597135133e-01,1.523874420586819045e-01,6.411019999951628190e-02
-8.753255090894176860e+00,-1.632797969101760893e+00,2.925976414651182189e+00,3.085057622291951795e-01,-1.077166622436876997e-01,-1.853890063601636162e-02,-9.608710709750903689e+00,2.274876818982065063e-01,-1.883650960895387971e+00,-4.382317942663366273e-02,2.600727383613312127e-01,-5.276650190353393555e-01,-3.441203123719481116e+00,1.190818005465251961e+00,9.045685768127441406e+00,1.327547305416791959e-02,-2.016626414202030843e-02,-7.846531094063941003e-03,-1.117857854558245911e+01,1.789802479084819931e+00,-2.416856397545537050e+00,3.207184694975359074e-01,-2.670186352870170254e-01,2.183127026482853950e+00,-1.117857854558245911e+01,1.789802479084819931e+00,-2.416856397545537050e+00,3.207184694975359074e-01,-2.670186352870170254e-01,2.183127026482853950e+00,-8.962859080500683362e+00,-1.192050110749019037e-01,1.444805271431415017e+00,2.455082811335081994e-01,1.729332922561561126e-01,5.585871534436345764e-02
-8.796383156111797774e+00,-1.465705543752670037e+00,2.947679310041491973e+00,3.223430441555866777e-01,-1.024948876052159952e-01,-2.905340171333855095e-02,-9.633122790610553210e+00,1.572148591142646101e-01,-1.929866670555050012e+00,-2.686449221425479122e-02,2.346684648991546884e-01,-5.276650190353393555e-01,-3.451942062646466969e+00,1.195039594782218106e+00,9.066061557216588795e+00,-2.858966777789430196e-03,-1.435977312094073935e-02,-2.089703471301979087e-02,-1.086647335065675080e+01,1.937404919467214048e+00,-2.142497635794124999e+00,2.515254396825066796e-01,-2.458056636532330863e-01,2.142951929624179019e+00,-1.086647335065675080e+01,1.937404919467214048e+00,-2.142497635794124999e+00,2.515254396825066796e-01,-2.458056636532330863e-01,2.142951929624179019e+00,-9.084663593467007914e+00,-9.168206850776655648e-02,1.279421456823697900e+00,2.307863659891656039e-01,1.736072365062024114e-01,4.624721983322285790e-02
-8.815642092329259327e+00,-1.347433557570804963e+00,3.006815344202049101e+00,3.287044507773240754e-01,-8.144271745800940598e-02,-4.113449288948919924e-02,-9.664202989177638869e+00,1.335408409136472907e-01,-1.747497627543804999e+00,-1.216974878977161029e-02,2.291333592458310031e-01,-5.278594278883387281e-01,-3.511775444241223898e+00,1.165035055010855025e+00,9.089099405731108305e+00,-1.686448456659432951e-02,-1.269745009560739081e-02,-3.157790541492452169e-02,-1.051941632974259022e+01,2.150746561173941807e+00,-1.937224101794448039e+00,1.819170760609467863e-01,-2.351736609294627078e-01,2.092093812477934911e+00,-1.051941632974259022e+01,2.150746561173941807e+00,-1.937224101794448039e+00,1.819170760609467863e-01,-2.351736609294627078e-01,2.092093812477934911e+00,-9.164387317663329924e+00,-6.726885512108779497e-02,1.345161478609778083e+00,2.219469471125498083e-01,1.982234567174896989e-01,3.663451742539178269e-02
-8.833003641136107476e+00,-1.235678912750145964e+00,3.041538653598923947e+00,3.337596172897668856e-01,-3.997987235539757211e-02,-5.563637832770666758e-02,-9.791076672364063427e+00,1.228131631497031973e-01,-1.580310271143974044e+00,-2.847710556741202877e-03,2.207185593660190015e-01,-5.310635038799832452e-01,-3.495284308609669210e+00,1.022598538053306028e+00,9.108096181331699626e+00,-1.993429350944321901e-02,-1.472042510830725084e-02,-2.799878829729460922e-02,-1.022327515997156944e+01,2.352428402463655921e+00,-1.892147541046143022e+00,1.161590287632596058e-01,-2.299309842826401107e-01,2.030559083161692868e+00,-1.022327515997156944e+01,2.352428402463655921e+00,-1.892147541046143022e+00,1.161590287632596058e-01,-2.299309842826401107e-01,2.030559083161692868e+00,-9.279960952982408529e+00,-6.103701516985893250e-02,1.406707540770490983e+00,2.240154597787626101e-01,2.422184052638844121e-01,2.224968404338787883e-02
-8.936869183260540694e+00,-1.155915451672403060e+00,3.044800206812845023e+00,3.395512265177548783e-01,-7.186616740880473128e-04,-6.935577202708489986e-02,-9.805500770094267793e+00,1.342814415693283081e-01,-1.477095842361449973e+00,-1.446791403148164033e-02,2.150210467928062863e-01,-5.342678879632636324e-01,-3.824082970863357911e+00,9.250186480547426537e-01,9.118929862976074219e+00,-1.590216705094902108e-02,-8.178878492946104611e-03,-5.106791156962613154e-02,-9.940434200883018434e+00,2.553011203565930920e+00,-1.831527676210656042e+00,4.482611359471237733e-02,-2.318366063086672035e-01,1.955827570779367086e+00,-9.940434200883018434e+00,2.553011203565930920e+00,-1.831527676210656042e+00,4.482611359471237733e-02,-2.318366063086672035e-01,1.955827570779367086e+00,-9.486935144866547986e+00,-5.194825697420851762e-02,1.388792537458876986e+00,2.381034453623459002e-01,2.422901882674284024e-01,9.410583120066866314e-03
-9.107760158037384812e+00,-1.135288476943969949e+00,3.004394680440892085e+00,3.461252921570220908e-01,1.343462831483415061e-02,-7.847147128935372251e-02,-9.852112078962688813e+00,1.291191141862166047e-01,-1.477095842361449973e+00,-2.324113591672950091e-02,2.206192058903848063e-01,-5.372138234468301077e-01,-4.050054795180852096e+00,8.015153135546004837e-01,9.051041991613317350e+00,-1.792418451150827943e-02,-2.839320899391089073e-02,-1.252623086040187961e-01,-9.720721034471401012e+00,2.622941491943227899e+00,-1.663396185932559890e+00,-2.970632257908525919e-02,-2.397366971544314940e-01,1.858855890254148990e+00,-9.720721034471401012e+00,2.622941491943227899e+00,-1.663396185932559890e+00,-2.970632257908525919e-02,-2.397366971544314940e-01,1.858855890254148990e+00,-9.646161046201488176e+00,-3.974125518082533698e-02,1.506673571334639972e+00,2.528075526692106778e-01,2.071829363741876928e-01,-3.133889948648790977e-03
-9.264556343593294940e+00,-1.177583116616460979e+00,2.943360917945427868e+00,3.511347357647209844e-01,2.783583402032813788e-03,-8.117923140525817871e-02,-9.868733062705080883e+00,3.411135530156728102e-02,-1.477095842361449973e+00,-1.626461168802853866e-02,2.294586023157725863e-01,-5.358882200911700977e-01,-3.158248419768983073e+00,7.609656443061183495e-01,9.105466822142242123e+00,8.215385745243724766e-03,-3.357200024108732833e-02,-7.765647989001051021e-02,-9.443593948732399213e+00,2.425434256155360124e+00,-1.713870707843546004e+00,-5.136173506098459796e-02,-2.433848546170157001e-01,1.738015084417410039e+00,-9.443593948732399213e+00,2.425434256155360124e+00,-1.713870707843546004e+00,-5.136173506098459796e-02,-2.433848546170157001e-01,1.738015084417410039e+00,-9.735001086456252395e+00,-3.662221133708953857e-02,1.786637487011083048e+00,2.690791781291678730e-01,2.100581363934586887e-01,-1.356596899010465915e-02
-9.396938136730733859e+00,-1.257870348638385094e+00,2.903473013054313157e+00,3.494051886775131899e-01,-1.952524470496990946e-02,-8.056251538573405702e-02,-9.951237342647914375e+00,-1.960529840060437901e-01,-1.479299454999754015e+00,3.337883351258851689e-02,2.261902551471829115e-01,-5.305481224263954854e-01,-3.221968529121558955e+00,8.002684952033919386e-01,9.131089199890816133e+00,4.463567309039596226e-02,-2.029480785131454121e-02,-9.442847902731243796e-04,-9.039235021295269235e+00,2.029466772958429921e+00,-1.910805505907847035e+00,1.551767748461523877e-01,-2.009824349125776122e-01,1.606039808642480082e+00,-9.039235021295269235e+00,2.029466772958429921e+00,-1.910805505907847035e+00,1.551767748461523877e-01,-2.009824349125776122e-01,1.606039808642480082e+00,-9.880919641749095206e+00,-2.753617714052161020e-02,1.913162841405104952e+00,2.909364564235111805e-01,2.305982677198779862e-01,-2.874266246292242130e-02
-9.497863131062652897e+00,-1.315127368255327944e+00,2.879059556137276044e+00,3.459147145304994897e-01,-4.100801540978341042e-02,-7.887776560139118931e-02,-9.983448055906452012e+00,-1.979589828281821118e-01,-1.515925744881966075e+00,8.939111026109569647e-02,2.217883946388125027e-01,-5.247560188862756547e-01,-3.586118462875568902e+00,8.260483646920809830e-01,9.109454363233544072e+00,5.851281599484525059e-02,-2.029480785131454121e-02,6.054068292160668177e-03,-8.785058838509725021e+00,1.824390408737351033e+00,-1.884491515010080054e+00,5.070423692995037479e-01,-1.889959970563288016e-01,1.504462484008566969e+00,-8.785058838509725021e+00,1.824390408737351033e+00,-1.884491515010080054e+00,5.070423692995037479e-01,-1.889959970563288016e-01,1.504462484008566969e+00,-1.002456887530511054e+01,-5.167399477292314303e-02,1.883337690298817924e+00,3.223870061619336091e-01,2.130039369761599910e-01,-3.947305959421530674e-02
-9.562168523533831177e+00,-1.309467046007249058e+00,2.840553183874797050e+00,3.456283202286369871e-01,-5.283428493419437683e-02,-8.414059910486010319e-02,-9.943158189028393323e+00,-4.148516745706642972e-02,-1.556950174474251991e+00,1.176890511136298029e-01,2.149304326297500900e-01,-5.123253466072170692e-01,-3.479144323380246817e+00,8.830250911152379700e-01,9.117566311327363948e+00,6.207192554720900729e-02,-1.198231324548244998e-02,6.883285162975430298e-03,-8.566870090354727907e+00,2.676226316722794873e+00,-1.229263050642857902e+00,6.487856158539384577e-01,-2.620152122909998882e-01,1.516823803514806945e+00,-8.566870090354727907e+00,2.676226316722794873e+00,-1.229263050642857902e+00,6.487856158539384577e-01,-2.620152122909998882e-01,1.516823803514806945e+00,-1.005889987945556996e+01,-7.012265124276582939e-02,1.894989599434556915e+00,3.517956316974608089e-01,1.820295827498313868e-01,-4.722271416787834214e-02
-9.610995510206794989e+00,-1.279892831079421978e+00,2.819910049438477007e+00,3.522451181771569240e-01,-5.677673234797431245e-02,-9.235540662424354674e-02,-9.853577667538065299e+00,7.104137143541904009e-02,-1.655066348123104936e+00,1.194155890726790042e-01,2.018156779833918946e-01,-5.055952464803361579e-01,-3.487229510020183998e+00,9.155552387237548828e-01,9.113507640953866229e+00,6.420809996285258003e-02,-1.778605604364025998e-03,7.002575908817591094e-03,-8.131172473430938297e+00,3.571499077257298094e+00,-1.496776414637710051e+00,6.899895729671348121e-01,-2.302092978740095108e-01,1.554340017722263934e+00,-8.131172473430938297e+00,3.571499077257298094e+00,-1.496776414637710051e+00,6.899895729671348121e-01,-2.302092978740095108e-01,1.554340017722263934e+00,-1.003164430038171062e+01,-1.005001181934011972e-01,1.913440152522055904e+00,3.700270827190118017e-01,1.709282645432081138e-01,-5.787933785210831739e-02
-9.659821384834691216e+00,-1.234344584115196097e+00,2.756504368449423037e+00,3.647751370229139201e-01,-6.199509203605640950e-02,-1.043118188126924001e-01,-9.886530897523339689e+00,3.002627542422663109e-02,-1.579152357834642029e+00,9.940187617014813182e-02,2.005552795972662117e-01,-4.943600525298426085e-01,-3.508968341370390043e+00,9.087710991477013778e-01,9.105361981320498899e+00,6.990592210195623046e-02,5.223438393219238807e-03,1.044509950219443990e-02,-7.839800043589509215e+00,3.556057821831457133e+00,-1.762641558601987013e+00,7.494670427797760492e-01,-2.540808048879434899e-01,1.518719125056473995e+00,-7.839800043589509215e+00,3.556057821831457133e+00,-1.762641558601987013e+00,7.494670427797760492e-01,-2.540808048879434899e-01,1.518719125056473995e+00,-9.995025741448250400e+00,-1.643710572205308862e-01,1.916562318801880105e+00,3.818003097028169757e-01,1.626817986081141865e-01,-6.883298788917258104e-02
-9.673426265784915046e+00,-1.187399707814698946e+00,2.688910277513619995e+00,3.811258568985915196e-01,-6.885533582245577378e-02,-1.191003979000138935e-01,-9.857719360843717027e+00,-7.324442267417907715e-02,-1.651663348370532969e+00,1.005341322256022990e-01,1.959621234841404103e-01,-4.909632839162356155e-01,-3.525220554362061165e+00,9.576154789342308238e-01,9.094515800476074219e+00,7.548285730915593739e-02,6.764526065859583284e-03,1.459843002992199969e-02,-7.091996716397162892e+00,2.322098670902347006e+00,-1.780679420184100969e+00,6.388014850292379476e-01,-3.417587749947053055e-01,1.363241273508813078e+00,-7.091996716397162892e+00,2.322098670902347006e+00,-1.780679420184100969e+00,6.388014850292379476e-01,-3.417587749947053055e-01,1.363241273508813078e+00,-9.949326150108815270e+00,-2.285235876232503960e-01,1.916562318801880105e+00,3.924804227301487147e-01,1.451224976635369923e-01,-7.553950184330383844e-02
-9.640089137932868368e+00,-1.157823682853633018e+00,2.701595405206079104e+00,3.949688826131558250e-01,-6.910067591203490622e-02,-1.329852907297233988e-01,-9.769579144666822756e+00,-8.494552860062243305e-02,-1.703185916496311902e+00,1.033100765970994955e-01,1.867339015007019043e-01,-4.842991940162149067e-01,-3.510307291169547206e+00,9.738767384399482641e-01,9.101298178903855174e+00,7.928054663141084757e-02,9.495072716671359644e-03,1.958307386866478886e-02,-5.862900804447870762e+00,9.925406030429306803e-01,-1.985606374279144992e+00,4.801410520749707089e-01,-4.279482600189024044e-01,1.082395535483154925e+00,-5.862900804447870762e+00,9.925406030429306803e-01,-1.985606374279144992e+00,4.801410520749707089e-01,-4.279482600189024044e-01,1.082395535483154925e+00,-9.864178517526051237e+00,-2.986337475075270809e-01,1.952886058291537053e+00,4.023659328950224823e-01,1.391327767423702899e-01,-8.405788667079475140e-02
-9.626476591450096265e+00,-1.154538710377976951e+00,2.722250938415526900e+00,4.013360309230017964e-01,-5.989831816586267677e-02,-1.487192068128815881e-01,-9.835003073719297717e+00,-2.700253341737484103e-01,-1.618689492617590098e+00,1.166396068653925977e-01,1.825697432936924103e-01,-4.741296540580057783e-01,-3.502168284522162001e+00,9.318317837185330355e-01,9.086377249823677005e+00,8.711338705486720846e-02,9.850696660578250885e-03,1.887061074376105915e-02,-4.904151225019840687e+00,3.760968471601799923e-02,-1.604530596708680923e+00,1.846580451005599977e-01,-4.889716401259450174e-01,7.516613395933028352e-01,-4.904151225019840687e+00,3.760968471601799923e-02,-1.604530596708680923e+00,1.846580451005599977e-01,-4.889716401259450174e-01,7.516613395933028352e-01,-9.821006103960966627e+00,-3.446341244054645925e-01,2.001714012956106181e+00,4.095953082044919147e-01,1.531610788745997043e-01,-9.128725662049243239e-02
-9.638684026168299113e+00,-1.138574721031291981e+00,2.729293851747430111e+00,4.014592258382684853e-01,-5.201053982900997325e-02,-1.645770760255932941e-01,-9.955402723777250884e+00,-2.805718306606541090e-01,-1.740019054578868074e+00,1.370421908376190101e-01,1.637285237114244896e-01,-4.718020604937672724e-01,-3.518441463362067090e+00,1.017270591428975024e+00,9.110786739970908599e+00,9.186071157455444336e-02,2.053050349889548945e-02,1.898891459180179070e-02,-5.093149902023417219e+00,-2.922207247826360987e+00,-9.260312113405434475e-01,-9.393958127077457754e-02,-5.488223380085388570e-01,3.585399709207031105e-01,-5.093149902023417219e+00,-2.922207247826360987e+00,-9.260312113405434475e-01,-9.393958127077457754e-02,-5.488223380085388570e-01,3.585399709207031105e-01,-9.814752578735351562e+00,-3.630952515200169817e-01,2.086865884459330189e+00,4.175932995757565824e-01,1.652368048174497894e-01,-9.928523863275205696e-02
-9.686100490569579335e+00,-1.130123031195827910e+00,2.741500320865450924e+00,3.993230935142759175e-01,-4.157655732056540071e-02,-1.801462161579892862e-01,-9.859933339388348372e+00,-9.055946794222063945e-02,-1.841858541967009932e+00,1.410421341119801053e-01,1.509108506510233871e-01,-4.662059929861265828e-01,-4.102914227349173437e+00,1.064764643777533992e+00,9.028079636696357824e+00,6.812956238225582883e-02,1.199136732140898033e-02,-7.949442641940243637e-02,-4.980181601385323731e+00,-4.985353182757631174e+00,4.376806395544859951e-01,-8.424368010933751261e-02,-6.004937693570131518e-01,-6.082714036103248345e-02,-4.980181601385323731e+00,-4.985353182757631174e+00,4.376806395544859951e-01,-8.424368010933751261e-02,-6.004937693570131518e-01,-6.082714036103248345e-02,-9.796591332064977564e+00,-3.662221133708953857e-01,2.184525056551862132e+00,4.229602848055176167e-01,1.692883053282346895e-01,-1.070358756036940001e-01
-9.766375788741513020e+00,-1.121207715576076014e+00,2.711463743999826814e+00,3.941068974283398751e-01,-3.278474202175749724e-02,-1.973984505998848948e-01,-9.807641313275286876e+00,-1.840094623279742991e-01,-1.819631188303044933e+00,1.250370057569366866e-01,1.384132510451887010e-01,-4.565301796438813176e-01,-3.333058556414254969e+00,9.901730479389089234e-01,9.064629152186409300e+00,7.226970890420325588e-02,4.507192842873083971e-03,-8.310581042286940834e-02,-4.885912826420417687e+00,-4.883303407790886119e+00,1.050744465656809901e+00,4.656621267639780848e-02,-5.954401093775555376e-01,-4.007338275681167072e-01,-4.885912826420417687e+00,-4.883303407790886119e+00,1.050744465656809901e+00,4.656621267639780848e-02,-5.954401093775555376e-01,-4.007338275681167072e-01,-9.790337562561035156e+00,-3.662221133708953857e-01,2.273095585938897045e+00,4.232602382757501003e-01,1.722188398068439097e-01,-1.208677697994943040e-01
-9.823666386622011970e+00,-1.082711217101534951e+00,2.622262999123516902e+00,3.841654917232634192e-01,-4.329738818512517129e-02,-2.130930953470848987e-01,-9.885816789808728799e+00,-3.884569984816370058e-01,-1.836196896575746029e+00,1.273766269996053080e-01,1.307463798494566121e-01,-4.455320849305107744e-01,-3.061020361113658161e+00,1.047080168114280063e+00,9.120308394805626051e+00,9.375827704569161813e-02,2.313745975030869970e-02,1.481870579005386060e-02,-5.253015914586447010e+00,-4.247671547092275013e+00,1.413235413132533980e+00,1.193509221136088982e-01,-6.650503365434758951e-01,-6.438293969846330400e-01,-5.253015914586447010e+00,-4.247671547092275013e+00,1.413235413132533980e+00,1.193509221136088982e-01,-6.650503365434758951e-01,-6.438293969846330400e-01,-9.754025968046052597e+00,-3.843777333326046097e-01,2.331303148862876817e+00,4.213979226876415907e-01,1.722456357145865091e-01,-1.345050064638269871e-01
-9.874364108419309005e+00,-1.055004595245641941e+00,2.519446195956840828e+00,3.767286570504829735e-01,-7.266576758256677870e-02,-2.257458057005692076e-01,-9.839750029557677635e+00,-3.561943083272979815e-01,-1.916562318801880105e+00,1.496168448233687054e-01,1.198742648422848056e-01,-4.295735717941213117e-01,-3.523930255969720982e+00,1.095969528894364942e+00,9.082307815551757812e+00,9.198184250549396035e-02,2.658885544740282117e-02,2.540901296616027844e-02,-5.065072132267832039e+00,-4.265560682468151121e+00,1.451033937995152012e+00,3.215767615539137925e-01,-7.077290227610943951e-01,-8.805552542636898572e-01,-5.065072132267832039e+00,-4.265560682468151121e+00,1.451033937995152012e+00,3.215767615539137925e-01,-7.077290227610943951e-01,-8.805552542636898572e-01,-9.668888255259469489e+00,-3.815594817575160835e-01,2.334744027560634816e+00,4.152903195014686077e-01,1.695889702273739863e-01,-1.473223560638020069e-01
-9.850936952152437698e+00,-1.042798478970818010e+00,2.464026609202011997e+00,3.743040535124033119e-01,-1.153009000286284030e-01,-2.331832839444059058e-01,-9.655331301066549798e+00,-3.906368911266326904e-01,-1.910761770564838979e+00,1.680798637625869896e-01,1.070051097749321056e-01,-4.148116137544374804e-01,-3.469596495765084221e+00,1.094583116872335893e+00,9.089085341232346238e+00,8.687725373154198127e-02,2.847901981083615988e-02,1.423950990541807994e-02,-5.005533701385103562e+00,-4.307903858056892688e+00,6.910237255952628166e-01,5.785989996246563294e-01,-6.887372627646459744e-01,-1.130858720531388029e+00,-5.005533701385103562e+00,-4.307903858056892688e+00,6.910237255952628166e-01,5.785989996246563294e-01,-6.887372627646459744e-01,-1.130858720531388029e+00,-9.586943919125829439e+00,-3.973977538342620131e-01,2.350582245918173108e+00,4.050745905697211158e-01,1.720867948535612091e-01,-1.580775902841090041e-01
-9.702155936287656601e+00,-1.009480223542182031e+00,2.524060702607708873e+00,3.707729340263323792e-01,-1.652112876950863063e-01,-2.325294743396096875e-01,-9.647473764492803028e+00,-3.964374393636729832e-01,-1.819628156214204928e+00,1.749328539668139892e-01,1.095751177040785035e-01,-4.034426503009326814e-01,-3.518422713921161904e+00,1.076991996279327957e+00,9.080963013435500386e+00,8.248717910300810974e-02,3.358780069766133247e-02,1.056814225755071945e-02,-5.114689354278829647e+00,-3.934665417951983990e+00,5.856803196534338812e-02,7.960474344320439544e-01,-6.657092972895577443e-01,-1.394370434165794093e+00,-5.114689354278829647e+00,-3.934665417951983990e+00,5.856803196534338812e-02,7.960474344320439544e-01,-6.657092972895577443e-01,-1.394370434165794093e+00,-9.513006510600899190e+00,-4.220436669854641942e-01,2.327229700884349217e+00,3.968119341601151207e-01,1.721999733003720945e-01,-1.661019722112052066e-01
-9.464628473038679601e+00,-9.958362851732520671e-01,2.653164635880202127e+00,3.617382619055001802e-01,-1.906200884319211863e-01,-2.264100075878213991e-01,-9.704160529185116957e+00,-4.810463658608015169e-01,-1.831110477447509988e+00,1.882477599226770881e-01,1.018444026621175974e-01,-3.984191417694091797e-01,-3.540147066116333008e+00,1.076935761352973087e+00,9.076875350729507019e+00,8.011108636856079102e-02,3.548375242918398037e-02,7.119117110741630602e-03,-5.462123149948482137e+00,-3.772087574005126953e+00,-4.270168977461657328e-02,9.824545649702198791e-01,-6.473837063740665032e-01,-1.672783725807613031e+00,-5.462123149948482137e+00,-3.772087574005126953e+00,-4.270168977461657328e-02,9.824545649702198791e-01,-6.473837063740665032e-01,-1.672783725807613031e+00,-9.391766909630067772e+00,-4.272591173648834229e-01,2.261810511030176052e+00,3.884951594551281917e-01,1.711318574719898067e-01,-1.668592624240390065e-01
-9.224228468469814146e+00,-1.022114160117947090e+00,2.759293352460550075e+00,3.487582589353869222e-01,-1.748660374821399965e-01,-2.164710312395140002e-01,-9.691954725927335090e+00,-3.597088920589293082e-01,-1.830386787172163965e+00,1.911267991178929870e-01,9.066592047465596438e-02,-3.984191417694091797e-01,-3.513057591239601152e+00,1.112210981614577099e+00,9.075535678302109943e+00,7.833334660652899184e-02,3.560743337992453711e-02,3.211961809206311923e-03,-6.002371980481067126e+00,-3.699091608440089107e+00,2.275433773189187991e-01,1.170153068690438891e+00,-6.550949897542710509e-01,-1.938791221966208900e+00,-6.002371980481067126e+00,-3.699091608440089107e+00,2.275433773189187991e-01,1.170153068690438891e+00,-6.550949897542710509e-01,-1.938791221966208900e+00,-9.334287582775317560e+00,-4.176622178316847789e-01,2.188580919508131828e+00,3.807914147207369093e-01,1.776214685221446932e-01,-1.649516068831836935e-01
-9.074850392027222767e+00,-1.051701179388282892e+00,2.781423407714446849e+00,3.367190017748727948e-01,-1.422053273600784873e-01,-2.034898899651080006e-01,-9.683376644143798728e+00,-2.636208462033123867e-01,-1.818903088569640891e+00,1.724042219662809960e-01,8.840198043109695480e-02,-3.986098575413524192e-01,-3.538720015572335953e+00,1.129852899102818942e+00,9.097187763932510052e+00,7.572157439662374756e-02,4.188367555490483951e-02,-1.068147830665111975e-03,-6.516780102342980996e+00,-3.377077362593226884e+00,3.286280446712909198e-01,1.344300065259691035e+00,-6.623791909684724200e-01,-2.182300652704515898e+00,-6.516780102342980996e+00,-3.377077362593226884e+00,3.286280446712909198e-01,1.344300065259691035e+00,-6.623791909684724200e-01,-2.182300652704515898e+00,-9.316858914792499391e+00,-3.766619299723600878e-01,2.067345949617882983e+00,3.758333734781668101e-01,1.828079378424800894e-01,-1.636549932785612005e-01
-9.005339290285952814e+00,-1.047974489078151050e+00,2.714802150321122820e+00,3.309628836312866196e-01,-1.183290143697759977e-01,-1.908363487990059892e-01,-9.728575452559432790e+00,-3.784295022487640936e-01,-1.820353223858768965e+00,1.624219070259753928e-01,8.381268266479724449e-02,-4.019407953015974866e-01,-3.915351643050264840e+00,1.114973556914524933e+00,9.064756742897557729e+00,6.351248154212368879e-02,3.443871063971647856e-02,-6.920785653876573851e-02,-6.903242798261745250e+00,-3.029645568153763957e+00,2.151171937718399929e-01,1.474306241585789046e+00,-6.721425432458145721e-01,-2.403066465931554152e+00,-6.903242798261745250e+00,-3.029645568153763957e+00,2.151171937718399929e-01,1.474306241585789046e+00,-6.721425432458145721e-01,-2.403066465931554152e+00,-9.323845299535594933e+00,-3.566255479627635783e-01,1.981057006693613065e+00,3.765992838610429105e-01,1.887596123741573928e-01,-1.634266227483749112e-01
-8.956515104539931826e+00,-1.037629246711730957e+00,2.631220433447095886e+00,3.319039635600581906e-01,-1.104719424453367016e-01,-1.815497110794735969e-01,-9.714918493629493668e+00,-3.806044285442037878e-01,-1.845492797930537110e+00,1.632997514430896968e-01,7.489721714672138708e-02,-4.071546374958088799e-01,-3.381396160758097125e+00,1.105437254499791022e+00,9.068667559640807951e+00,6.395487186889495246e-02,2.527662677737119862e-02,-7.413864615757191634e-02,-7.221104901776521423e+00,-2.963227220431769116e+00,4.691092577749431114e-02,1.582463151282877956e+00,-6.687701582435637837e-01,-2.620170843733970134e+00,-7.221104901776521423e+00,-2.963227220431769116e+00,4.691092577749431114e-02,1.582463151282877956e+00,-6.687701582435637837e-01,-2.620170843733970134e+00,-9.345648672906667898e+00,-3.156298167557211043e-01,1.936603251003450099e+00,3.770561814308167059e-01,1.884509742534654919e-01,-1.634266227483749112e-01
-8.914721439761450483e+00,-1.072792157662382895e+00,2.565014037618437825e+00,3.394156216995277142e-01,-1.137113280667776949e-01,-1.697657815563713979e-01,-9.680470466613769531e+00,-4.201168891272826778e-01,-1.874874961725683020e+00,1.617335215842367890e-01,7.690664380788803101e-02,-4.107386010768486195e-01,-3.160973795821599097e+00,1.124413854316302031e+00,9.093182544373799914e+00,7.334305073660160601e-02,3.499704997466358825e-02,-6.338753129938384627e-03,-7.584597673833645359e+00,-2.900291250750643979e+00,-1.515596277269793124e-01,1.689739337561988908e+00,-6.544140380083812714e-01,-2.836387798808137184e+00,-7.584597673833645359e+00,-2.900291250750643979e+00,-1.515596277269793124e-01,1.689739337561988908e+00,-6.544140380083812714e-01,-2.836387798808137184e+00,-9.331680939656189722e+00,-2.572101233432895206e-01,1.957554646281691069e+00,3.787353005068075928e-01,1.871544586590641879e-01,-1.651057418243659092e-01
-8.878092870957750904e+00,-1.133839347799421082e+00,2.532105309845070096e+00,3.513299406284650095e-01,-1.139659966974363031e-01,-1.572713326008741974e-01,-9.679745605787047680e+00,-5.041279538928135073e-01,-1.794488310813904031e+00,1.694650485985779997e-01,7.697007089990590134e-02,-4.201626646601088755e-01,-3.537371754096950038e+00,1.087902740033173998e+00,9.055230553798411464e+00,7.536267047424652366e-02,3.751151372439667786e-02,7.137392923670797182e-03,-8.006923695555359544e+00,-2.623027664376452961e+00,-3.590785837747155762e-01,1.787007628658372038e+00,-6.500714999543374395e-01,-3.044545282890958049e+00,-8.006923695555359544e+00,-2.623027664376452961e+00,-3.590785837747155762e-01,1.787007628658372038e+00,-6.500714999543374395e-01,-3.044545282890958049e+00,-9.307266592308002018e+00,-2.249587470073304007e-01,1.994175903380863035e+00,3.842296765910255263e-01,1.877654034375411951e-01,-1.664024430989486936e-01
-8.848503053226469461e+00,-1.215988870178495107e+00,2.491753942512084041e+00,3.635332287044480970e-01,-1.047680345413384007e-01,-1.447420267973028030e-01,-9.665375637751754567e+00,-5.564869422745961636e-01,-1.802429683746830102e+00,1.812118583468980970e-01,7.778527880067466482e-02,-4.266331631650207012e-01,-3.537487651205362127e+00,1.097216307514228939e+00,9.053784216135362328e+00,7.702298726446418775e-02,3.714196007657292325e-02,3.553474774689310139e-03,-8.510078926789596210e+00,-2.178674537099085207e+00,-5.475704775244776279e-01,1.866751567742424900e+00,-6.626930277102187627e-01,-3.239319820374753967e+00,-8.510078926789596210e+00,-2.178674537099085207e+00,-5.475704775244776279e-01,1.866751567742424900e+00,-6.626930277102187627e-01,-3.239319820374753967e+00,-9.302041053771972656e+00,-1.909529784360310956e-01,1.992420743068048949e+00,3.872802171750789890e-01,1.896728638454205085e-01,-1.683099035068280069e-01
-8.866299961263926832e+00,-1.313642804249091078e+00,2.430720189016902122e+00,3.795911845676239182e-01,-9.195095512594433917e-02,-1.339346887519954066e-01,-9.617989560609224498e+00,-4.760887324810028076e-01,-1.924438046511782963e+00,1.928983128038785910e-01,7.489668646006174269e-02,-4.342365479597481981e-01,-3.563106848317052044e+00,1.121752839148258074e+00,9.076868404929477663e+00,7.382949729127208371e-02,3.892928527318097187e-02,4.870382197681941160e-04,-8.967139853415591944e+00,-1.815165713702183936e+00,-7.135339036162403614e-01,1.938551392412424024e+00,-6.780783636201043185e-01,-3.418876354388904915e+00,-8.967139853415591944e+00,-1.815165713702183936e+00,-7.135339036162403614e-01,1.938551392412424024e+00,-6.780783636201043185e-01,-3.418876354388904915e+00,-9.311633376752951108e+00,-1.543354576327927996e-01,1.951439259040985919e+00,3.936126877895989029e-01,1.901303082704544067e-01,-1.696066457506912040e-01
-8.894024418734673532e+00,-1.397231971826909946e+00,2.355613062763849186e+00,4.025112411271469792e-01,-8.159544354965610202e-02,-1.247739405874344065e-01,-9.596463182921052493e+00,-4.775326189494901730e-01,-1.860578858724204032e+00,2.034534392177418105e-01,7.684347394012636112e-02,-4.437235415943208139e-01,-3.499679535127671048e+00,1.124407604533183003e+00,9.075541061124042130e+00,7.108986621936426442e-02,3.963753903463709816e-02,-4.864700404269379705e-03,-9.392118574104367568e+00,-1.424565817903264087e+00,-9.730325688079144442e-01,2.001877005092314921e+00,-6.861090087472507815e-01,-3.584065238421108024e+00,-9.392118574104367568e+00,-1.424565817903264087e+00,-9.730325688079144442e-01,2.001877005092314921e+00,-6.861090087472507815e-01,-3.584065238421108024e+00,-9.304658278237379676e+00,-1.560791492515561096e-01,1.940977096557616965e+00,4.027670512282708892e-01,1.808996414952862009e-01,-1.706746572662709016e-01
-8.920299498293047691e+00,-1.477505152637150099e+00,2.284235923585948846e+00,4.318378214591689912e-01,-7.735930324939642444e-02,-1.163922943185329018e-01,-9.617989930161925827e+00,-5.012252976102904434e-01,-1.940255338986389022e+00,2.116195760078065924e-01,7.583849877119064331e-02,-4.518951378898117821e-01,-3.695489775627867068e+00,1.182652336783245994e+00,9.076866842329470941e+00,6.386927732529239232e-02,4.591804952158021202e-02,-2.783856813758191912e-02,-9.902568254918794111e+00,-1.087782266616637905e+00,-1.197247414480292038e+00,2.046974443525750864e+00,-6.957220246174508071e-01,-3.736880690130215843e+00,-9.902568254918794111e+00,-1.087782266616637905e+00,-1.197247414480292038e+00,2.046974443525750864e+00,-6.957220246174508071e-01,-3.736880690130215843e+00,-9.263681599621399698e+00,-1.491062802344149119e-01,1.950567053744443058e+00,4.098627559012836818e-01,1.725068307756859043e-01,-1.717427729896502941e-01
-8.949886151112108834e+00,-1.527784946357904960e+00,2.251336146853731179e+00,4.614187958633599873e-01,-7.506035656190901406e-02,-1.089156654773539984e-01,-9.595738136518079386e+00,-5.134297459783520035e-01,-1.928769707679748979e+00,2.139440415855315969e-01,7.596429158145198701e-02,-4.706769002533788826e-01,-3.844157120398151939e+00,1.180147910871838901e+00,9.028184693738193545e+00,5.176025835119409807e-02,3.303574897042770714e-02,-9.151222446687118373e-02,-1.046043186705355055e+01,-9.268500711511357126e-01,-1.332888462088136050e+00,2.095790774896702846e+00,-7.006251252710788968e-01,-3.869672244045590848e+00,-1.046043186705355055e+01,-9.268500711511357126e-01,-1.332888462088136050e+00,2.095790774896702846e+00,-7.006251252710788968e-01,-3.869672244045590848e+00,-9.224445879482267685e+00,-1.656663282593797970e-01,1.991539498076126957e+00,4.154319754257774222e-01,1.667085777880913111e-01,-1.778448984269125899e-01
-8.967267500456943097e+00,-1.531099318069369053e+00,2.225061701403724168e+00,4.910369265464045174e-01,-7.247134165230831315e-02,-1.026694874636374932e-01,-9.607226371765136719e+00,-5.285119501070193460e-01,-1.928769707679748979e+00,2.195362957158925044e-01,7.791190048967938653e-02,-4.827408804358553907e-01,-3.243118932994280001e+00,1.174554706306500940e+00,9.052295772710703403e+00,5.350952957701023832e-02,3.224871203964276012e-02,-7.076232877349661332e-02,-1.099528436552131083e+01,-8.102009762619699629e-01,-1.608683587142879068e+00,2.160351781736456811e+00,-6.912492501831811742e-01,-3.983801022513368206e+00,-1.099528436552131083e+01,-8.102009762619699629e-01,-1.608683587142879068e+00,2.160351781736456811e+00,-6.912492501831811742e-01,-3.983801022513368206e+00,-9.206999837352560334e+00,-1.900829087946176998e-01,2.059551892703634035e+00,4.199340236566999063e-01,1.588501633110218914e-01,-1.836442936189409125e-01
-8.979473135738015088e+00,-1.568115477294057980e+00,2.195476553371138007e+00,5.170864928918998960e-01,-6.972008903606456698e-02,-9.486845015834932671e-02,-9.612247816473342255e+00,-5.888247698633211069e-01,-1.927335015196087076e+00,2.291485450283358982e-01,7.703217966290079599e-02,-4.998293285286848908e-01,-3.294698908404383175e+00,1.196325540542602983e+00,9.059375839106452943e+00,5.460528069843666871e-02,4.331774939589214807e-02,-2.279189273020788831e-02,-1.158389771918547062e+01,-6.519709881137593088e-01,-1.971706649537459999e+00,2.214071075213121187e+00,-6.800545008363811927e-01,-4.082773704133275672e+00,-1.158389771918547062e+01,-6.519709881137593088e-01,-1.971706649537459999e+00,2.214071075213121187e+00,-6.800545008363811927e-01,-4.082773704133275672e+00,-9.175615847133634873e+00,-2.144959284743379879e-01,2.113613599701298806e+00,4.225282725101699999e-01,1.561787100431328013e-01,-1.931797184224595121e-01
-8.949492418633244739e+00,-1.585107363456190965e+00,2.171062625640333810e+00,5.407472786624396566e-01,-6.897669410586525218e-02,-8.464021993925714693e-02,-9.698427516174707108e+00,-6.398154315754431831e-01,-1.899324491349271948e+00,2.385742517499505888e-01,7.904294133186340332e-02,-5.169843607983810596e-01,-3.564899243273249141e+00,1.196325540542602983e+00,9.041560078790354282e+00,5.127109587192534707e-02,4.438583512208244680e-02,-2.491360470171898045e-02,-1.212959919136953069e+01,-5.552126386247095979e-01,-2.335201454791218989e+00,2.248448992513991218e+00,-6.662887947958806567e-01,-4.174077628501989601e+00,-1.212959919136953069e+01,-5.552126386247095979e-01,-2.335201454791218989e+00,2.248448992513991218e+00,-6.662887947958806567e-01,-4.174077628501989601e+00,-9.158171781685433999e+00,-2.580868898067362194e-01,2.104911311003592189e+00,4.246645039219277273e-01,1.601445061529958025e-01,-1.988269934670106043e-01
-8.888456542223680756e+00,-1.553661985905729015e+00,2.139617385410184980e+00,5.646989714637022928e-01,-6.696875323776885214e-02,-7.395894752793194526e-02,-9.783896301687526886e+00,-7.202367782592773438e-01,-1.816040321490242970e+00,2.449189697397531063e-01,7.910556427436306326e-02,-5.351384845197475482e-01,-3.548049810523795866e+00,1.176038678501382995e+00,9.057892799377441406e+00,5.127109587192534707e-02,4.782070223664972031e-02,-2.836354202047918979e-02,-1.267117188224655955e+01,-5.023349741758961207e-01,-2.716312800440126907e+00,2.261511673514683185e+00,-6.365045148839232336e-01,-4.268221214253414608e+00,-1.267117188224655955e+01,-5.023349741758961207e-01,-2.716312800440126907e+00,2.261511673514683185e+00,-6.365045148839232336e-01,-4.268221214253414608e+00,-9.136380796088323208e+00,-2.685628831386566162e-01,2.080501390412727858e+00,4.309942309878382893e-01,1.621290863872275889e-01,-2.039374981713411028e-01
-8.827427290869204413e+00,-1.545162230314280905e+00,2.081911488682790967e+00,5.943460030240194092e-01,-5.716101625169207195e-02,-6.143360599421530260e-02,-9.679039308207908476e+00,-7.238147825891437792e-01,-1.766495525234260899e+00,2.496961336556675071e-01,8.048677680572657867e-02,-5.531716699425061057e-01,-3.572821989495266859e+00,1.139418549755568000e+00,9.064654697837184472e+00,5.186273433750659967e-02,5.020294710993766785e-02,-3.179818076113524045e-02,-1.337462384548502037e+01,-3.364340371760883852e-01,-3.045016750550279205e+00,2.219230078100685066e+00,-5.948481504672713527e-01,-4.373372327193520093e+00,-1.337462384548502037e+01,-3.364340371760883852e-01,-3.045016750550279205e+00,2.219230078100685066e+00,-5.948481504672713527e-01,-4.373372327193520093e+00,-9.102382133755389404e+00,-2.781481523881249029e-01,2.075258493423461914e+00,4.426644144229747169e-01,1.564874818850894023e-01,-2.117940743024142869e-01
-8.780453939009426279e+00,-1.543312294510954086e+00,1.994620598096418895e+00,6.309821091951823835e-01,-4.081710941234167195e-02,-4.693452124414151244e-02,-9.661055273113651864e+00,-7.834161731123131522e-01,-1.713321251177629012e+00,2.457364854015146871e-01,8.683240341754125402e-02,-5.693794049273011026e-01,-3.621275500788602830e+00,1.129841790955457004e+00,9.083622322121581050e+00,5.293080531147475315e-02,5.848481929036729310e-02,-3.299760509987548218e-02,-1.416671336765358014e+01,-1.401663708523931129e-01,-3.304509161621012048e+00,2.162331217506026082e+00,-5.473855761110142382e-01,-4.462704490589839423e+00,-1.416671336765358014e+01,-1.401663708523931129e-01,-3.304509161621012048e+00,2.162331217506026082e+00,-5.473855761110142382e-01,-4.462704490589839423e+00,-9.084931290105441093e+00,-2.999383802414246070e-01,2.075258493423461914e+00,4.538036914041431724e-01,1.607516621404339041e-01,-2.186611856291117983e-01
-8.701662612410059339e+00,-1.545160904505725963e+00,1.946156367680554000e+00,6.706660887355948564e-01,-2.511808865064199883e-02,-2.890535620866397856e-02,-9.743649636403738157e+00,-8.143258163981776931e-01,-1.787993230679939982e+00,2.466171878001059137e-01,9.211062530000094228e-02,-5.888558440868792987e-01,-3.882676095090885848e+00,1.142048482612896931e+00,9.047195562752344600e+00,5.104138479838447873e-02,5.865050365607585303e-02,-7.226651794807885387e-02,-1.480921464776253949e+01,-5.123264302780788926e-03,-3.573063053883985152e+00,2.160929707395698784e+00,-4.783205070172750206e-01,-4.507106897148328351e+00,-1.480921464776253949e+01,-5.123264302780788926e-03,-3.573063053883985152e+00,2.160929707395698784e+00,-4.783205070172750206e-01,-4.507106897148328351e+00,-9.111058841774664074e+00,-3.147688095753032878e-01,2.075258493423461914e+00,4.628077314234793072e-01,1.648741939829455883e-01,-2.250699061486456098e-01
-8.626937525046248112e+00,-1.543312294510954086e+00,1.940977096557616965e+00,7.124848099992596717e-01,-1.061749607386584977e-02,-8.610941767196686816e-03,-9.779554724510180819e+00,-7.568590044975280762e-01,-1.882077851603108032e+00,2.449799519026517047e-01,9.669445324603312408e-02,-6.121028644331771851e-01,-3.466122835985177009e+00,1.154255006265413996e+00,9.063136844251733493e+00,5.386620243391671697e-02,5.932164374673609686e-02,-8.043004281158012969e-02,-1.532460418311499062e+01,5.476173718449890426e-01,-3.822642352174503877e+00,2.201905528704326098e+00,-3.986069941163611907e-01,-4.500244739418205242e+00,-1.532460418311499062e+01,5.476173718449890426e-01,-3.822642352174503877e+00,2.201905528704326098e+00,-3.986069941163611907e-01,-4.500244739418205242e+00,-9.118929862976074219e+00,-2.886450115634677238e-01,2.056093533487977965e+00,4.872829369884987827e-01,1.513089586636267025e-01,-2.289627413087201024e-01
-8.592164718244116983e+00,-1.517051132455949025e+00,1.990167691868754085e+00,7.527488872019743038e-01,9.254820028980892746e-03,1.475717601997236957e-02,-9.803969558277371377e+00,-7.661211935167472342e-01,-1.916562318801880105e+00,2.525732802449093262e-01,1.059336592383090941e-01,-6.313293875751400108e-01,-3.280117734175612032e+00,1.179978649767617904e+00,9.093205813682818217e+00,5.767998099327086708e-02,8.182980379979548635e-02,-4.314349165650754880e-02,-1.569283073089419922e+01,1.418302233822668956e+00,-4.084283986175826442e+00,2.247921694505846002e+00,-3.189551659731235111e-01,-4.443776596651256128e+00,-1.569283073089419922e+01,1.418302233822668956e+00,-4.084283986175826442e+00,2.247921694505846002e+00,-3.189551659731235111e-01,-4.443776596651256128e+00,-9.128511248302569214e+00,-2.711893544945631063e-01,2.070005550711648823e+00,5.110892466213766694e-01,1.490810607217513128e-01,-2.313284371637067960e-01
-8.546677109528173943e+00,-1.466383454132665909e+00,2.054530615815123085e+00,7.862787409865523713e-01,4.627455787822348787e-02,4.223312117161272944e-02,-9.823404583879696617e+00,-9.141332310587702015e-01,-1.917984326466865008e+00,2.798336634552606728e-01,1.093865674069171012e-01,-6.507403241690769002e-01,-3.523797580256866180e+00,1.203083118540398955e+00,9.075550435524078807e+00,5.767998099327086708e-02,9.613330662250518799e-02,-3.534416674339373177e-02,-1.565726655285235047e+01,2.354516250685552148e+00,-4.640038202923503441e+00,2.279720680321783099e+00,-1.992530536442551903e-01,-4.346888031156259657e+00,-1.565726655285235047e+01,2.354516250685552148e+00,-4.640038202923503441e+00,2.279720680321783099e+00,-1.992530536442551903e-01,-4.346888031156259657e+00,-9.179040848018569676e+00,-2.589822784371396125e-01,2.027355493305281975e+00,5.343580339056250850e-01,1.487023928724859057e-01,-2.334646800951626910e-01
-8.485646679287864202e+00,-1.377256652665517001e+00,1.983945218343583949e+00,8.137251822248336985e-01,9.572638943791389465e-02,6.738232525568159381e-02,-9.758813404203850794e+00,-8.932731994574955037e-01,-1.940266183727791027e+00,3.157149798759010251e-01,1.168635488424245999e-01,-6.735445208438423093e-01,-3.573931402019885795e+00,1.208532929420470969e+00,9.070100784301757812e+00,5.767998099327086708e-02,1.038192638252797978e-01,-4.472821153208224321e-02,-1.535821910949944957e+01,3.261407775181929036e+00,-5.582900392189841909e+00,2.322737432908541955e+00,-5.279163228085415049e-02,-4.216692319740852568e+00,-1.535821910949944957e+01,3.261407775181929036e+00,-5.582900392189841909e+00,2.322737432908541955e+00,-5.279163228085415049e-02,-4.216692319740852568e+00,-9.249658212256443690e+00,-2.755166504720937826e-01,1.937576779327939036e+00,5.536657624515092246e-01,1.224851868073878053e-01,-2.381158841557370065e-01
-8.438657938487946097e+00,-1.267390033555408912e+00,1.825248975129355022e+00,8.412045616479146837e-01,1.426952216064646117e-01,8.796960455439394033e-02,-9.639591785925080814e+00,-9.313098404630903993e-01,-1.927350825306334947e+00,3.449239646143261728e-01,1.245879829864561944e-01,-7.031259616856934125e-01,-3.614695922400418926e+00,1.181508801237624029e+00,9.063344438875834186e+00,6.063574192070188273e-02,1.100192219018936018e-01,-5.456932570223128887e-02,-1.466422250413675066e+01,4.304989492014255958e+00,-6.728632668928798743e+00,2.401030613438507988e+00,8.261040386853998885e-02,-4.036826008109636099e+00,-1.466422250413675066e+01,4.304989492014255958e+00,-6.728632668928798743e+00,2.401030613438507988e+00,8.261040386853998885e-02,-4.036826008109636099e+00,-9.255841157794579388e+00,-2.616139903248866916e-01,1.926140447955990043e+00,5.684682697645074834e-01,9.608395718798967700e-02,-2.434555514197628001e-01
-8.395015600105107723e+00,-1.143485118130417977e+00,1.701680406144191915e+00,8.669697829539715350e-01,1.846424645270914044e-01,1.065803185156818933e-01,-9.571313653943725797e+00,-9.845435819689326573e-01,-1.903645579539964938e+00,3.806070562751989184e-01,1.360892546584293872e-01,-7.450316699476106086e-01,-3.774215923018536145e+00,1.173213956130813918e+00,9.044382559722102144e+00,6.361181055483181024e-02,1.064726767944209063e-01,-7.104700743957506615e-02,-1.370988101463655084e+01,5.642684224044621999e+00,-7.578186414160314577e+00,2.491832257202092116e+00,2.226051196778277008e-01,-3.819759085101170903e+00,-1.370988101463655084e+01,5.642684224044621999e+00,-7.578186414160314577e+00,2.491832257202092116e+00,2.226051196778277008e-01,-3.819759085101170903e+00,-9.272368778203851747e+00,-2.659341700135661735e-01,1.938348389850079956e+00,5.882217721297484658e-01,8.324934146709805916e-02,-2.487965334493454084e-01
-8.360235622410399969e+00,-1.016242505233692972e+00,1.618077006731237111e+00,8.843220725234058888e-01,2.209261333276409944e-01,1.210501448233546051e-01,-9.589890154825377877e+00,-9.190946348846965597e-01,-1.887900262887943104e+00,4.235136433520257926e-01,1.433176261683304920e-01,-7.909564615760897865e-01,-3.725300175667908054e+00,1.150345820174027978e+00,9.033478736877441406e+00,6.704394347106512608e-02,9.060799971014990573e-02,-8.602124108145824122e-02,-1.319101821515599937e+01,6.979365501291495910e+00,-7.908056417002288896e+00,2.494197896670757864e+00,3.672719351294951862e-01,-3.599287267104820831e+00,-1.319101821515599937e+01,6.979365501291495910e+00,-7.908056417002288896e+00,2.494197896670757864e+00,3.672719351294951862e-01,-3.599287267104820831e+00,-9.354249126884004895e+00,-2.685628831386566162e-01,1.864354661984005901e+00,6.095831757712941723e-01,6.944642257258633322e-02,-2.625174529113339927e-01
-8.314754605613771332e+00,-9.222536213250551729e-01,1.572918660157530013e+00,8.860806356454961064e-01,2.546537774325852155e-01,1.297279254294528006e-01,-9.711254793571821864e+00,-9.751768480001400397e-01,-1.816779996493236959e+00,4.700625534935745087e-01,1.464601043227508059e-01,-8.376292466568099337e-01,-3.426886235758150878e+00,1.075804736512901982e+00,9.067247578259070906e+00,8.183964683316147237e-02,8.661158305830791992e-02,-5.651721660824111232e-02,-1.301349624158721952e+01,8.312129220934449947e+00,-7.709733607383599363e+00,2.364637353516991780e+00,4.842958608464609793e-01,-3.345612971590131046e+00,-1.301349624158721952e+01,8.312129220934449947e+00,-7.709733607383599363e+00,2.364637353516991780e+00,4.842958608464609793e-01,-3.345612971590131046e+00,-9.518929087488595897e+00,-2.494103877012363024e-01,1.757131701148640923e+00,6.326192397703880310e-01,3.941168639135164686e-02,-2.818893068207221075e-01
-8.253718717202293220e+00,-1.066681450038565071e+00,1.555525933171941988e+00,8.587824961721981509e-01,2.931345994320230797e-01,1.306071516231769036e-01,-9.830961924116852657e+00,-9.338538598324540585e-01,-1.773823869179532053e+00,5.254274162187737574e-01,1.491508733078691917e-01,-8.974731924041868814e-01,-3.525597357954393996e+00,1.003864760437314985e+00,9.067503974057183669e+00,9.776949914548729859e-02,9.717861791548404460e-02,-2.943086966588038048e-02,-1.324197761498533055e+01,1.103962593046873053e+01,-6.394036974714037314e+00,2.098733482700216868e+00,4.492405075837390127e-01,-3.033392293845087018e+00,-1.324197761498533055e+01,1.103962593046873053e+01,-6.394036974714037314e+00,2.098733482700216868e+00,4.492405075837390127e-01,-3.033392293845087018e+00,-9.673292726282120668e+00,-2.441480606794357022e-01,1.733451247215270996e+00,6.561154824708161915e-01,4.397547674723781969e-03,-3.005059600357025129e-01
-8.227789878845214844e+00,-1.435038710305829079e+00,1.550340175628662109e+00,8.154445822063129956e-01,3.366330985267895759e-01,1.280172159957294054e-01,-1.014625867496726030e+01,-6.129404145365532353e-01,-1.670320554440571037e+00,5.584563389944997569e-01,1.591123274063676873e-01,-9.758173601126588492e-01,-3.454466933936750195e+00,9.900966605664642817e-01,9.126712341157215747e+00,1.149493610124922988e-01,1.345598225992533092e-01,-2.813568606441464032e-02,-1.362418722877517041e+01,1.415417721090556924e+01,-4.372859643940794960e+00,1.556938321432046912e+00,1.639846851039593045e-01,-2.655542558551398979e+00,-1.362418722877517041e+01,1.415417721090556924e+01,-4.372859643940794960e+00,1.556938321432046912e+00,1.639846851039593045e-01,-2.655542558551398979e+00,-9.848500724212364332e+00,-2.728710879275600965e-01,1.723876916486303035e+00,6.804518602822783313e-01,-2.247280760427877028e-02,-3.253660061216879229e-01
-8.326070706181834424e+00,-1.618397308116104050e+00,1.634581139401072081e+00,8.029808352473571942e-01,3.710496346402469836e-01,1.338664112102659898e-01,-1.094984411424205994e+01,-2.633873790777224166e-01,-2.264192136751341788e+00,5.560521439473200545e-01,1.411185755570363021e-01,-1.060190851787268018e+00,-3.564482011945181217e+00,1.311568507598301903e+00,9.185423253639307006e+00,1.137492007764386998e-01,2.008700313514560076e-01,-7.337230860111305930e-02,-1.277918255713677986e+01,1.289692488024311956e+01,-3.607090765430081003e+00,1.252661728089855986e+00,-3.745408752752889259e-02,-2.173095126305856883e+00,-1.277918255713677986e+01,1.289692488024311956e+01,-3.607090765430081003e+00,1.252661728089855986e+00,-3.745408752752889259e-02,-2.173095126305856883e+00,-9.887996673583984375e+00,-2.616215871844422836e-01,1.711669527608433938e+00,6.974794872284424407e-01,-8.809020227923820834e-02,-3.503941861036126149e-01
-8.503984363397695034e+00,-1.714837028500487914e+00,1.774042602691416004e+00,8.425290525356318172e-01,3.916098969262256091e-01,1.486863912113250974e-01,-1.055352432798304996e+01,-3.840543139221939128e-01,-2.750436003315269939e+00,5.684561726684747018e-01,1.458387478497550072e-01,-1.144327864029885955e+00,-3.388876427153836968e+00,1.474789311259572910e+00,9.193468318007507634e+00,9.168350796133692415e-02,2.659343594367603036e-01,-1.488909432621595974e-01,-1.116047575310853013e+01,1.217776144206874989e+01,-5.697848465121063910e+00,1.340452772014306015e+00,3.124530590848488901e-02,-1.667550462360787078e+00,-1.116047575310853013e+01,1.217776144206874989e+01,-5.697848465121063910e+00,1.340452772014306015e+00,3.124530590848488901e-02,-1.667550462360787078e+00,-9.859277451189413455e+00,-2.755016984157460103e-01,1.795194510581717973e+00,7.124320294416683907e-01,-1.432102836461557060e-01,-3.690955965478975864e-01
-8.623915725399433185e+00,-1.873521574233506959e+00,1.880240091086806897e+00,9.212184743906859374e-01,4.254404224172134152e-01,1.700743450373735921e-01,-1.068793909407168918e+01,-4.873162290073512759e-01,-2.612384319305419922e+00,6.112516167572557002e-01,1.914197163249294897e-01,-1.225657827309923897e+00,-2.870899184113593794e+00,1.410601155653846028e+00,9.271879732265492891e+00,7.881681256222233811e-02,3.664981562853560915e-01,-1.581870461550073936e-01,-9.234494964439422304e+00,1.380070630567904999e+01,-8.728124815955874638e+00,1.298424279120526936e+00,1.310846169893284952e-01,-1.149136257147211904e+00,-9.234494964439422304e+00,1.380070630567904999e+01,-8.728124815955874638e+00,1.298424279120526936e+00,1.310846169893284952e-01,-1.149136257147211904e+00,-1.000453891549059016e+01,-3.382069506266149883e-01,1.771039154672402915e+00,7.399499575663271989e-01,-1.395737799013264946e-01,-3.828350171195014084e-01
-8.739263156592020465e+00,-1.962030691759927059e+00,1.951651598451324077e+00,1.008161705004454900e+00,4.847176070174862850e-01,1.934122808346276090e-01,-1.122020380075558066e+01,-6.664854555036627826e-01,-2.602540897160413813e+00,6.916569522396636138e-01,2.156374822078067910e-01,-1.328189234536450991e+00,-3.132653869608397201e+00,1.443055113263455036e+00,9.306208934407933953e+00,5.919031988775964870e-02,4.881981214955716242e-01,-1.728848975458880111e-01,-8.574355429690116992e+00,1.534679169492524053e+01,-9.327609249536784830e+00,9.851255169267509881e-01,2.348659405752250018e-01,-6.156313894466728387e-01,-8.574355429690116992e+00,1.534679169492524053e+01,-9.327609249536784830e+00,9.851255169267509881e-01,2.348659405752250018e-01,-6.156313894466728387e-01,-1.019028464989727922e+01,-3.348691351540077910e-01,1.767438886535515952e+00,7.726014851150425633e-01,-1.348171612496749938e-01,-3.906270677592896812e-01
-8.913809165871587226e+00,-1.956548481885928892e+00,2.103904511396670785e+00,1.079805421368438045e+00,5.193049565756746588e-01,2.115438486143429997e-01,-1.169707495373127948e+01,-5.628045940142075709e-01,-2.415523697453211049e+00,7.930196857812477074e-01,2.686083400682803268e-01,-1.448358983095149988e+00,-3.232032684587839988e+00,1.424404349280099069e+00,9.377549504757782373e+00,3.600631334890649904e-02,6.198207401225472868e-01,-2.258335687382189982e-01,-8.781000344522203349e+00,1.634697534534052110e+01,-9.492951383604127713e+00,7.597302760651774012e-01,3.382384138938452911e-01,-9.248674862089634185e-02,-8.781000344522203349e+00,1.634697534534052110e+01,-9.492951383604127713e+00,7.597302760651774012e-01,3.382384138938452911e-01,-9.248674862089634185e-02,-1.022980403900145951e+01,-3.487429961945510137e-01,1.894503683542207995e+00,8.107358001875355491e-01,-1.638995114307190970e-01,-3.995478445911749277e-01
-9.137182006943366019e+00,-2.025172588523692863e+00,2.744603112851176085e+00,1.142208790998854973e+00,4.810315901294343055e-01,2.252692541386979996e-01,-1.260560998608989003e+01,-1.810108581858297094e-01,-1.961104059304815017e+00,8.748284039958831304e-01,3.139205962739964884e-01,-1.579488192835162064e+00,-3.099072454620249939e+00,1.324184516562112002e+00,9.529481762931460764e+00,2.470809658030806086e-02,8.032147633269451914e-01,-2.637475958400150033e-01,-9.807589888587950000e+00,1.653039343714424092e+01,-1.166998872899771023e+01,8.799337038504974062e-01,5.652906714756082973e-01,4.804464247266995724e-01,-9.807589888587950000e+00,1.653039343714424092e+01,-1.166998872899771023e+01,8.799337038504974062e-01,5.652906714756082973e-01,4.804464247266995724e-01,-1.022023433896226940e+01,-3.731546788572365214e-01,2.187159552336745971e+00,8.376915924118527590e-01,-1.803455424761933878e-01,-4.158589495947919157e-01
-9.430395531050226765e+00,-2.262828300882246069e+00,4.566437507670402240e+00,1.197400819806756944e+00,3.735829917997662841e-01,2.301061575007554982e-01,-1.385934071216104968e+01,-1.324875224448447131e-01,-1.457800254599594947e+00,9.488024070698727330e-01,3.488019381159094823e-01,-1.743929297693314062e+00,-3.096832166510874007e+00,1.154903527946671948e+00,9.743410934273448731e+00,2.254334677968678965e-02,1.051172868628424961e+00,-2.866836028643459100e-01,-1.223124640182049916e+01,1.577383011350617004e+01,-1.846280670605496965e+01,1.008121535994582096e+00,1.178701526558344037e+00,1.225724258272695044e+00,-1.223124640182049916e+01,1.577383011350617004e+01,-1.846280670605496965e+01,1.008121535994582096e+00,1.178701526558344037e+00,1.225724258272695044e+00,-1.051421824469542976e+01,-4.741137986045541042e-01,2.468875066122965034e+00,8.578388934997198678e-01,-1.098136053215933994e-01,-4.515971175064644738e-01
-9.893209832421462124e+00,-2.063032418718353078e+00,6.681406106817007640e+00,1.138368284281130904e+00,3.172399103641510010e-01,2.081739725330457869e-01,-1.610773261782761168e+01,1.305539088940143866e-01,-9.455691685388543100e-01,1.009318433608549892e+00,3.748857138603581829e-01,-1.944316613390405069e+00,-2.807771498645445174e+00,9.946002527743318389e-01,1.014684624288610948e+01,3.707233251964685283e-02,1.423409004548360945e+00,-2.841863896196095141e-01,-2.081616577517506883e+01,6.141495405575001953e+00,-1.709971650323508996e+01,-5.231582845244409086e-01,1.061556844800207955e+00,1.685123731176475959e+00,-2.081616577517506883e+01,6.141495405575001953e+00,-1.709971650323508996e+01,-5.231582845244409086e-01,1.061556844800207955e+00,1.685123731176475959e+00,-1.159110750324349048e+01,-8.927952931956394389e-01,2.689590120736720991e+00,8.686929732652670655e-01,6.934511108458409068e-02,-5.281855632106097209e-01
-1.102982977238668028e+01,-1.068494689629374994e+00,7.351706884973060241e+00,8.861426296322026941e-01,4.829258772726249260e-01,8.917311725482779394e-02,-1.910974839151538873e+01,6.999853996610293505e-01,-1.069692632862341064e+00,1.067440642679932994e+00,3.559684947661501120e-01,-2.172968682643316995e+00,-2.472049941635766857e+00,1.142275786141984106e+00,1.067975146758575988e+01,2.269414292893275065e-02,1.939153990213962064e+00,-2.726318505956805138e-01,-2.451010316539369072e+01,-7.455294471348069330e+00,-9.846892750624918200e-01,-9.284593928445548094e-01,9.242589542058712859e-02,1.566609125576255979e+00,-2.451010316539369072e+01,-7.455294471348069330e+00,-9.846892750624918200e-01,-9.284593928445548094e-01,9.242589542058712859e-02,1.566609125576255979e+00,-1.275520035870886026e+01,-1.307107651724912056e+00,2.868377283127801824e+00,8.370607438251005394e-01,1.768351940393813881e-01,-6.448199588501273283e-01
-1.354593056117650995e+01,5.528252818711686806e-02,6.169491711612487883e+00,6.544627480816325171e-01,9.234707610152159685e-01,-1.859799407262335003e-01,-2.063821920727352932e+01,1.174005734438416049e+00,-1.608946398362071095e+00,1.192189144026388092e+00,3.480692411288294763e-01,-2.401880079838880189e+00,-1.896238551146546047e+00,1.414077356389040974e+00,1.122230999334250079e+01,-4.742346761826401330e-02,2.630573569934794076e+00,-3.233411476069453783e-01,-1.622313100721319046e+01,-5.861586114225993960e+00,9.870533052852390909e+00,4.442398481773808250e-01,3.031052866349616126e-01,1.839744403925898109e+00,-1.622313100721319046e+01,-5.861586114225993960e+00,9.870533052852390909e+00,4.442398481773808250e-01,3.031052866349616126e-01,1.839744403925898109e+00,-1.263736942558888998e+01,-1.563835417105650993e+00,3.230612364182809948e+00,7.215102550818908167e-01,-5.670960963100495078e-02,-7.790063265236524259e-01
-1.704870086971660115e+01,2.375989140865212068e+00,3.052529002050729190e+00,6.805649079495899034e-01,1.361374460947462950e+00,-5.528723704178659659e-01,-2.120171045097276874e+01,1.164724102191325938e+00,-1.750602939405992986e+00,1.429047272089988940e+00,4.406044139992684183e-01,-2.598499621755332889e+00,-1.351910926522724044e+00,1.265541982867417925e+00,1.149646122208726062e+01,-5.042305817875501056e-02,3.458702061525094074e+00,-4.218273399032734794e-01,-1.278248301238446949e+01,4.761849886871763360e+00,7.284803855681627027e+00,1.021478280676858086e+00,5.515134632282238103e-01,2.139225406031454835e+00,-1.278248301238446949e+01,4.761849886871763360e+00,7.284803855681627027e+00,1.021478280676858086e+00,5.515134632282238103e-01,2.139225406031454835e+00,-1.108307672959809054e+01,-1.965293549642999071e+00,4.028246210308945585e+00,5.415062426940955298e-01,-4.290224479092504817e-01,-9.023278835227788175e-01
-1.854438767481380879e+01,4.499227206929459655e+00,-1.012256754187726981e+00,9.450275369525398261e-01,6.669153888758359017e-01,-7.776022919249965248e-01,-2.178387798732639169e+01,4.325136157327496012e-01,-1.408102784482706094e+00,1.848460398180512998e+00,5.623723617989108137e-01,-2.759004860792181102e+00,-1.126362631764096900e+00,1.134922883660745896e+00,1.166535485028854069e+01,5.933634870429559810e-02,4.356374371802568923e+00,-5.564393853903183418e-01,-1.089346152964374070e+01,6.476801769842981393e+00,3.057284938629955207e+00,9.575596433831404242e-02,4.374631937732926246e-01,1.897104755003931054e+00,-1.089346152964374070e+01,6.476801769842981393e+00,3.057284938629955207e+00,9.575596433831404242e-02,4.374631937732926246e-01,1.897104755003931054e+00,-9.141715703022153861e+00,-2.522110853795738183e+00,4.606311156840357413e+00,4.404784314583284899e-01,-4.733800482241852792e-01,-9.131575494710941765e-01
-1.565058456404783982e+01,4.146382221611598418e+00,-1.181966387465404056e+00,1.231011255774447033e+00,-1.158910832011617043e+00,-7.683502068763137238e-01,-2.206445983441377123e+01,3.402884097143252240e-01,-1.065925742257757936e+00,2.420979273850284219e+00,6.838837157929181787e-01,-2.866715236742924944e+00,-6.521531167308636245e-01,5.842226161212054070e-01,1.172622060903922048e+01,2.625046092900045203e-01,5.354602178324356920e+00,-7.500449749810982336e-01,-8.701159344657042993e+00,3.394980046606284052e+00,3.926433610462349844e-01,-6.838385715920437535e-01,4.644884238228452755e-01,1.618858467049312910e+00,-8.701159344657042993e+00,3.394980046606284052e+00,3.926433610462349844e-01,-6.838385715920437535e-01,4.644884238228452755e-01,1.618858467049312910e+00,-8.323986840138237753e+00,-2.897654989348029009e+00,3.956548765507711174e+00,4.792833352967891258e-01,-1.001745422589613993e-01,-8.412131694604725318e-01
-1.030529394475728999e+01,2.699359685045234158e+00,3.176648489663452146e+00,1.264048773022840910e+00,-1.944456454154716019e+00,-7.212762480369910856e-01,-2.167797714950149057e+01,7.001187043810690458e-01,-9.367810781917819130e-01,2.993902681457635051e+00,7.987689645025193297e-01,-2.895918142531602957e+00,-8.957345958244050665e-01,-1.045317581239124938e-01,1.119048683471210914e+01,6.945501268062601596e-01,6.283192636108496210e+00,-9.566185059024929771e-01,-9.089647549633360413e+00,6.547754410132746727e-01,2.582708089144021904e-02,-5.458815140041348712e-01,4.766476260203060811e-01,1.467230250837249006e+00,-9.089647549633360413e+00,6.547754410132746727e-01,2.582708089144021904e-02,-5.458815140041348712e-01,4.766476260203060811e-01,1.467230250837249006e+00,-8.980654971390825025e+00,-3.081159847672633845e+00,2.150584429639824879e+00,5.790690043554876931e-01,2.970632265240366054e-01,-7.287524776524663128e-01
-6.587772984274611332e+00,1.081766874193152983e+00,6.060721802037091877e+00,9.782776598525720901e-01,-1.033220635872712068e+00,-7.142745513289224801e-01,-2.027276623291781021e+01,4.001425043114685276e-01,-1.100303976613927093e+00,3.546534230540607791e+00,8.699021884419034789e-01,-2.835551374641004152e+00,-1.375238266916444907e+00,8.298674862439419098e-01,1.055548517929520003e+01,1.195022126799216933e+00,6.977799294807534913e+00,-1.138992260791086064e+00,-9.480164640204941762e+00,-1.379780394202064997e+00,2.681753426805497109e-01,1.601570941535475079e-01,5.951874772219307719e-01,1.352354456080697043e+00,-9.480164640204941762e+00,-1.379780394202064997e+00,2.681753426805497109e-01,1.601570941535475079e-01,5.951874772219307719e-01,1.352354456080697043e+00,-1.016739255252445062e+01,-3.074644081544350982e+00,6.764532317583109577e-01,6.894400569524244959e-01,3.934144032163207072e-01,-6.158365753565354650e-01
-6.252952937904064257e+00,-8.876421383938348786e-01,5.310534611380575143e+00,6.852302856425782629e-01,6.984946832421279339e-02,-7.050982858572271139e-01,-1.753102951472141058e+01,1.034985606578527895e+00,-1.296690889689859016e+00,3.935216074576989076e+00,9.321736743122732705e-01,-2.653978716559649786e+00,-1.472501610342320078e+00,1.957078689315413067e+00,1.057296738231480937e+01,1.525743850243133970e+00,7.375399888629981859e+00,-1.206708412871138947e+00,-1.011337788090058076e+01,-1.249776849944445045e+00,6.058062566969956153e-01,7.276026885854012249e-01,7.349303928606185643e-01,1.200333737478691987e+00,-1.011337788090058076e+01,-1.249776849944445045e+00,6.058062566969956153e-01,7.276026885854012249e-01,7.349303928606185643e-01,1.200333737478691987e+00,-1.074329795368561946e+01,-3.054496719595748200e+00,2.950218890948265726e-01,7.536810312437776105e-01,1.748070237143918015e-01,-5.541054655733036460e-01
-7.503773342978705685e+00,-2.622815211268128888e+00,3.564335318513736084e+00,6.009295844595364811e-01,3.098819545097912243e-01,-6.928950315185199438e-01,-1.325849003652639979e+01,2.204705070973175030e+00,-8.802519450569787907e-01,4.077680420460484179e+00,9.688073603452564964e-01,-2.385280742134976872e+00,-2.218597462719539060e+00,1.542148317369749000e+00,1.083683673187787022e+01,1.635334253311157005e+00,7.422613190243617431e+00,-1.230774083226618076e+00,-9.622330602962300361e+00,-7.471127674189581569e-01,4.115357494436651109e-01,1.058972593414069019e+00,8.495823802761218735e-01,1.128893219792898028e+00,-9.622330602962300361e+00,-7.471127674189581569e-01,4.115357494436651109e-01,1.058972593414069019e+00,8.495823802761218735e-01,1.128893219792898028e+00,-1.079928863680146023e+01,-3.300395106457675976e+00,7.369731479108196925e-01,7.823592235372596182e-01,-4.821058992980110230e-02,-5.461965820537311167e-01
-8.326464841649986681e+00,-3.275187956479490126e+00,2.619971951484802997e+00,6.701530074282685545e-01,-1.547658223872941038e-02,-7.038228395210767152e-01,-9.261356921838643785e+00,1.954200227129677891e+00,-3.351044021708001086e+00,3.392728974140820863e+00,1.072422160681790082e+00,-2.140959278716024983e+00,-5.809275106900297914e+00,-6.006239377957884873e-01,1.198453401090912074e+01,1.762066069423877890e+00,7.094135706875181135e+00,-1.286203747795473973e+00,-9.349740958988803641e+00,-2.791439908558309146e-01,-1.001964688590947894e+00,1.166022881266709055e+00,9.086427734518771615e-01,1.051767485958553072e+00,-9.349740958988803641e+00,-2.791439908558309146e-01,-1.001964688590947894e+00,1.166022881266709055e+00,9.086427734518771615e-01,1.051767485958553072e+00,-1.080090429059156953e+01,-3.627361720021288871e+00,1.096164129482708915e+00,7.679855500884099628e-01,-7.034349982365498133e-02,-5.544201454529000817e-01
-8.256432177863647581e+00,-2.938817520015892804e+00,2.298005337082945854e+00,8.334591727535041183e-01,-2.488027008611251867e-01,-7.174974682235278900e-01,-6.587349657395206393e+00,-1.179431106366293891e+00,-3.291351067265936958e+00,2.494942019102042163e+00,1.019254272137632977e+00,-1.900631572217065912e+00,-1.233825351925523961e+01,-3.274648150606739971e+00,1.604712326218739094e+01,1.913314833525703085e+00,6.774479924312675649e+00,-9.575818426078372969e-01,-9.649268286342032042e+00,1.420703603155770933e+00,-2.319018991209300218e+00,8.630436309823731333e-01,8.310582731417512914e-01,9.310703168542905361e-01,-9.649268286342032042e+00,1.420703603155770933e+00,-2.319018991209300218e+00,8.630436309823731333e-01,8.310582731417512914e-01,9.310703168542905361e-01,-1.090868834677882049e+01,-3.909115466493031210e+00,9.398731623185330175e-01,7.166604621043618506e-01,-6.827041817986816141e-02,-5.723949012806386349e-01
-7.908042536475264228e+00,-2.050223427586718827e+00,2.447615499839498998e+00,1.019701721252566973e+00,-1.476211117201899903e-01,-6.870033473875115648e-01,-3.898279722676059045e+00,-6.266268986462021573e+00,-6.740942382434155222e-01,2.290212635619274018e+00,1.033194497109436005e+00,-1.935650047268560936e+00,-1.438497153783661986e+01,-2.553060063507639033e+00,1.578506001093053968e+01,2.192424767394586027e+00,6.766715320635013242e+00,-4.209278951271704927e-01,-1.002524539662372050e+01,2.897774831290191866e+00,-2.963594452818789193e+00,2.945808964220857917e-01,6.816233724954567919e-01,8.378614022379936577e-01,-1.002524539662372050e+01,2.897774831290191866e+00,-2.963594452818789193e+00,2.945808964220857917e-01,6.816233724954567919e-01,8.378614022379936577e-01,-1.094739187116308976e+01,-4.139456980971059075e+00,7.642325370523264105e-01,6.562370006474348427e-01,-1.681198456340494973e-01,-5.843270353418721363e-01
-8.320424507846146511e+00,-1.089868158838225076e+00,3.107683252528429918e+00,1.109554312727476955e+00,2.062947111132507061e-01,-6.253375926366249171e-01,-4.649283183762432436e+00,-7.289726342290594019e+00,-2.419334785302235780e+00,2.228921472019131045e+00,1.179029583625774036e+00,-1.797772071084424050e+00,-1.222230123109522992e+01,-1.066256431738026977e+00,1.440754664748330960e+01,2.666609143991102826e+00,6.659041199781182918e+00,-1.018222532405902020e-01,-1.037380999158848027e+01,2.465011097120738182e+00,-2.915619155747794178e+00,-2.336287634038063943e-01,5.564276329215465111e-01,7.367455248672780677e-01,-1.037380999158848027e+01,2.465011097120738182e+00,-2.915619155747794178e+00,-2.336287634038063943e-01,5.564276329215465111e-01,7.367455248672780677e-01,-1.068246522802876086e+01,-4.292258252626433013e+00,9.044570522080122021e-01,6.045610040677975583e-01,-3.008289226171821928e-01,-5.630002996715279817e-01
-9.717180535784759599e+00,-4.332096670690830931e-01,3.564911774836987846e+00,1.062294092229618014e+00,5.632278270832526967e-01,-5.554406903550616059e-01,-5.784098420118104933e+00,-6.189711456062027217e+00,-2.590866204979140885e-01,2.364188343404761916e+00,8.480362389939979373e-01,-1.518985939440891997e+00,-9.696020569120134880e+00,-2.699531511654928995e+00,1.613668511784266002e+01,3.410320433359296910e+00,6.024404584415375297e+00,8.266700938388350794e-02,-1.039347220938016036e+01,1.408943421798251050e+00,-2.544333460876277098e+00,-5.440534983632752120e-01,4.744379650756124223e-01,6.223817027806777258e-01,-1.039347220938016036e+01,1.408943421798251050e+00,-2.544333460876277098e+00,-5.440534983632752120e-01,4.744379650756124223e-01,6.223817027806777258e-01,-1.008260904379774026e+01,-4.369204774523740120e+00,1.324893175739132012e+00,5.754933246438687089e-01,-3.434372085330580915e-01,-5.121852988058863687e-01
-1.128771660249486075e+01,-1.637351322891952010e-01,3.371815134159783067e+00,9.473529459648030171e-01,6.756228175890151011e-01,-4.742372474184600728e-01,-4.681046957183482071e+00,-4.198890644864308186e+00,-1.171787254851839988e+00,2.300005461763126924e+00,7.552759694598358831e-01,-1.305847803202276003e+00,-9.260464231412235847e+00,-4.996677750038548638e+00,1.882478320557406093e+01,4.030083374224597392e+00,4.776262659888009132e+00,-1.745362892340686090e-01,-1.022884745824904940e+01,3.786357644882437090e-01,-2.084015590987081001e+00,-6.857558026474925850e-01,4.284339273397090864e-01,5.409701065533721875e-01,-1.022884745824904940e+01,3.786357644882437090e-01,-2.084015590987081001e+00,-6.857558026474925850e-01,4.284339273397090864e-01,5.409701065533721875e-01,-9.497253900115627090e+00,-4.277342724186745215e+00,1.781835614635530973e+00,5.536680592017306779e-01,-2.225626038517823924e-01,-4.447076967884602272e-01
-1.217518314531504942e+01,1.158953319903114065e-01,2.963951935324983911e+00,8.217740367222492459e-01,5.291995577594286182e-01,-3.817545552087087124e-01,-3.880434071317336198e+00,-1.431269196281585110e+00,-2.041936272560489041e+00,2.006387882664157019e+00,7.185990760272372713e-01,-9.893417175838709055e-01,-9.590987278752246326e+00,-8.123530130049417153e+00,1.797087326870169122e+01,4.208973231220391575e+00,3.264952231845181796e+00,-6.500344108875995008e-01,-1.004478955082715075e+01,-5.372069906245482418e-01,-1.988538092784474021e+00,-6.942612282234713605e-01,4.011275860284638783e-01,5.044120123623488938e-01,-1.004478955082715075e+01,-5.372069906245482418e-01,-1.988538092784474021e+00,-6.942612282234713605e-01,4.011275860284638783e-01,5.044120123623488938e-01,-9.279742356254825353e+00,-4.037980370739426839e+00,1.956375093019437017e+00,5.306358231894570121e-01,-7.284131117091807717e-04,-3.708749254465744105e-01
-1.216133478599759066e+01,8.319082723418321779e-01,2.730712716205878188e+00,7.085934268302082062e-01,3.240589906165401990e-01,-2.886833612980199137e-01,-2.566421672444359814e+00,2.538211825282872813e-01,-2.933993842283498132e+00,1.799563746911287065e+00,6.760582675415682807e-01,-6.153778429451266518e-01,-6.819547907210306903e+00,-6.924752418750474092e+00,1.337755168971919950e+01,4.131098902516918692e+00,1.768543023390545921e+00,-1.331189415289470102e+00,-9.801919773915336975e+00,-1.483033844372338983e+00,-1.714988553639992030e+00,-5.631355391791461606e-01,3.784802457230920236e-01,5.080546959814998820e-01,-9.801919773915336975e+00,-1.483033844372338983e+00,-1.714988553639992030e+00,-5.631355391791461606e-01,3.784802457230920236e-01,5.080546959814998820e-01,-9.434714958271968044e+00,-3.769451712457346115e+00,1.948940908620470980e+00,5.188417828420236466e-01,1.783233986523549974e-01,-2.952782659902625229e-01
-1.161497606535994009e+01,1.764811115473619019e+00,2.743403329382963829e+00,6.300967329140129136e-01,2.248543479024379954e-01,-2.009591719057683967e-01,-1.587645337679908009e+00,1.892400610465241995e+00,-3.132016119716475977e+00,1.510197856993291898e+00,6.374976125913465186e-01,-2.742615920189658829e-01,-4.399167133549574338e+00,-2.590938545423962847e+00,9.871285699662706747e+00,3.493833896995384158e+00,5.590997570987334964e-01,-1.953496269015734033e+00,-9.788762467444271920e+00,-2.141621992772052785e+00,-1.302129770063733982e+00,-2.887423696695163855e-01,3.986639893308241978e-01,5.307316542602480425e-01,-9.788762467444271920e+00,-2.141621992772052785e+00,-1.302129770063733982e+00,-2.887423696695163855e-01,3.986639893308241978e-01,5.307316542602480425e-01,-9.628439329736243835e+00,-3.510448889676204942e+00,2.046054180408220180e+00,5.278494929006877223e-01,2.178087630011122100e-01,-2.227852482880864904e-01
-1.103457392464524034e+01,2.363638846799768878e+00,2.788497812187617164e+00,5.715082992942164264e-01,1.995604276176421998e-01,-1.112260205668330060e-01,-1.646971244950570012e+00,2.501067432359861176e+00,-1.732944980832135995e+00,1.246349911841134972e+00,6.118398851620131529e-01,7.281932208536376350e-02,-1.406927877079428901e+00,2.228112838552989972e-01,8.078510503831171974e+00,2.499842630188854997e+00,-4.391651681446622768e-01,-2.520676355973471949e+00,-1.001755233306611004e+01,-1.828725873996706941e+00,-1.240429716298230067e+00,5.312024331968735746e-03,4.357449591800731103e-01,5.504770509658322153e-01,-1.001755233306611004e+01,-1.828725873996706941e+00,-1.240429716298230067e+00,5.312024331968735746e-03,4.357449591800731103e-01,5.504770509658322153e-01,-9.706468732656382770e+00,-3.330528941271050147e+00,2.438205833031032110e+00,5.417340174307823109e-01,2.214775050794912103e-01,-1.495550449646252944e-01
-1.066882976764878066e+01,2.451755211720405114e+00,2.664345049604813997e+00,5.224034424309050850e-01,1.469633633686396879e-01,-7.284268501296817418e-03,-2.484413674282659024e+00,2.205029155187900880e+00,-4.015818380079729799e-01,1.099960492436321102e+00,5.283239612876262647e-01,3.976913962003502112e-01,3.329470805307355730e-01,9.415889672450512560e-01,5.655893664816617594e+00,1.755736652088361049e+00,-6.279172435959852194e-01,-2.839548769146127860e+00,-1.013718183742784085e+01,-1.005820992484862009e+00,-1.632196835194174023e+00,1.613169807860141136e-01,4.483288258264543913e-01,5.620661544522111974e-01,-1.013718183742784085e+01,-1.005820992484862009e+00,-1.632196835194174023e+00,1.613169807860141136e-01,4.483288258264543913e-01,5.620661544522111974e-01,-9.602497071413015561e+00,-3.152753689370570100e+00,2.758782457240362973e+00,5.572893451014814259e-01,2.522562445220882799e-01,-8.505384934882295744e-02
-1.042648014934382061e+01,2.250946980101355965e+00,2.435842593175231219e+00,4.790677102258800168e-01,3.119587895154754889e-02,9.751934813181986628e-02,-3.014602095006935212e+00,1.024412548924994004e+00,1.137660356119043925e+00,1.117893039699584978e+00,3.921747299531778141e-01,6.684795456782172129e-01,-2.851380970662929837e+00,1.159561159843276901e+00,4.494888321043937651e+00,1.637475818262108973e+00,-9.122131500318293451e-01,-2.778459267870772020e+00,-9.919391997948221018e+00,-3.851098138695945861e-01,-2.441954093594704833e+00,1.264643562305290125e-01,3.909379933058024781e-01,5.529482250892987505e-01,-9.919391997948221018e+00,-3.851098138695945861e-01,-2.441954093594704833e+00,1.264643562305290125e-01,3.909379933058024781e-01,5.529482250892987505e-01,-9.589700723142977168e+00,-3.074695434702139796e+00,2.743525200153792198e+00,5.858413949065243154e-01,2.773372834987254953e-01,-2.478012715501008018e-02
-1.008263523038822029e+01,2.017379234546006206e+00,2.296638600395688012e+00,4.389492804340709986e-01,-1.058047344898821046e-01,1.784877281373279112e-01,-3.235014911102573887e+00,-2.577679171675713032e-01,2.421143842326317852e+00,1.190349280887599948e+00,3.393118652288272807e-01,8.944221420231937003e-01,-1.403227903509653096e+00,2.004048773678400064e+00,6.816916070958619400e+00,1.468697516828455063e+00,-1.508003630625303959e+00,-2.685122711043204102e+00,-9.609159502439304390e+00,-8.232536863139416905e-02,-2.906257291433982815e+00,-2.692749899113879020e-02,3.038998697213871059e-01,5.360535496361167329e-01,-9.609159502439304390e+00,-8.232536863139416905e-02,-2.906257291433982815e+00,-2.692749899113879020e-02,3.038998697213871059e-01,5.360535496361167329e-01,-9.566371723473444888e+00,-3.025862164937522802e+00,2.426232027589335871e+00,6.254080082768591620e-01,2.611025824824271813e-01,2.668509714988840167e-02
-9.648404940298991761e+00,1.858825614009218974e+00,2.340521115861180945e+00,4.101343063348633078e-01,-1.678665641998549063e-01,2.225209504549038042e-01,-3.668324788411458037e+00,-6.585216007919774128e-01,2.445549719863468141e+00,1.328123139010535025e+00,3.102376129892138179e-01,1.111111150847541085e+00,1.048110158567344019e+00,2.115126008354533127e+00,6.790353629403851343e+00,1.279225887706638920e+00,-1.567389717117918968e+00,-2.319154488755053034e+00,-9.476070413330671016e+00,-1.388756219723014107e-01,-2.977725011046215009e+00,-1.828518175904834953e-01,2.217377506032456036e-01,5.109673678966527577e-01,-9.476070413330671016e+00,-1.388756219723014107e-01,-2.977725011046215009e+00,-1.828518175904834953e-01,2.217377506032456036e-01,5.109673678966527577e-01,-9.472463663692710867e+00,-2.967488072340518812e+00,2.047829768393114147e+00,6.662272760432614849e-01,2.260462151673207909e-01,6.996812737317636977e-02
-9.292893052940314647e+00,1.771728094845044899e+00,2.420625110327411011e+00,4.017792939148013276e-01,-1.260768507287702012e-01,2.320885723395947065e-01,-3.970118893517387892e+00,3.526582993153067752e-02,1.683943503432804079e+00,1.381471223301357965e+00,2.244890696472592040e-01,1.306819531652662958e+00,-3.786857242195458828e-01,3.616688103509837049e+00,5.763050418801516805e+00,1.181382856752904997e+00,-1.684135398043264953e+00,-1.842326539679340902e+00,-9.507023777655392749e+00,-3.733428236328795724e-01,-2.721888522220627937e+00,-2.786403200282812076e-01,1.575836485911122908e-01,4.902035691700293851e-01,-9.507023777655392749e+00,-3.733428236328795724e-01,-2.721888522220627937e+00,-2.786403200282812076e-01,1.575836485911122908e-01,4.902035691700293851e-01,-9.333956635187542261e+00,-2.849165981754667953e+00,1.698054153584726000e+00,7.026386434184668239e-01,2.229147354113220070e-01,1.116247280852280949e-01
-9.139788262610917258e+00,1.647758809331741903e+00,2.350573649726277914e+00,4.155410814341740089e-01,-3.923952822891554199e-02,2.227655626219232909e-01,-3.802606158786350221e+00,1.057296719815995933e+00,1.673770679367913017e+00,1.226293050580554045e+00,1.741674327188068028e-01,1.487989220354291930e+00,-7.923607773586718306e-01,5.221446490019208575e+00,6.372144032183880036e+00,8.265329789974966701e-01,-1.940330754853003103e+00,-1.452891276072552973e+00,-9.570604324340820312e+00,-5.504646569265322364e-01,-2.157598675449592829e+00,-2.751613686567322969e-01,1.276312839426315127e-01,4.812129664979660770e-01,-9.570604324340820312e+00,-5.504646569265322364e-01,-2.157598675449592829e+00,-2.751613686567322969e-01,1.276312839426315127e-01,4.812129664979660770e-01,-9.244761977933608321e+00,-2.733991062779990155e+00,1.375374211844508920e+00,7.337073730351326706e-01,2.460294537704915130e-01,1.424191169899433895e-01
-9.160881941836972686e+00,1.385972288130004948e+00,2.191889110454352974e+00,4.520418457462800910e-01,3.120159151233541095e-02,2.033744994662992911e-01,-3.721220609062415807e+00,1.173268514925762007e+00,1.698863384987012948e+00,9.392006689510713491e-01,1.935127596688548113e-01,1.661918126909676996e+00,-8.018460443126074200e-01,4.513578092630741168e+00,6.714792088917811874e+00,4.216208625918648201e-01,-2.143313845425951047e+00,-1.045321130937207021e+00,-9.564358404538866765e+00,-7.083137333698213967e-01,-1.692284446483321103e+00,-1.907751141609455026e-01,1.317798321795395911e-01,4.847156075006988085e-01,-9.564358404538866765e+00,-7.083137333698213967e-01,-1.692284446483321103e+00,-1.907751141609455026e-01,1.317798321795395911e-01,4.847156075006988085e-01,-9.247889551576808032e+00,-2.595488993070459216e+00,1.143906520426853035e+00,7.560970114092917527e-01,2.921769979461851796e-01,1.643431230109133889e-01
-9.234122438425902857e+00,1.021433985254670995e+00,2.096123041828291012e+00,5.069903771403014847e-01,6.548681460164537671e-02,1.725356777547203124e-01,-4.124013252116709438e+00,9.928589319429064197e-01,1.739540105025930039e+00,6.579536358365386528e-01,1.960656159107654062e-01,1.833569495760035029e+00,-1.125031032498782890e+00,2.930447165065518167e+00,6.559966017521558612e+00,1.896628886957137106e-01,-2.376650219947447074e+00,-6.288813653583336105e-01,-9.564912869023226349e+00,-6.822394667545221836e-01,-1.504631223751224933e+00,-8.397457745647238236e-02,1.517491843942428975e-01,4.913720630921892818e-01,-9.564912869023226349e+00,-6.822394667545221836e-01,-1.504631223751224933e+00,-8.397457745647238236e-02,1.517491843942428975e-01,4.913720630921892818e-01,-9.262756676736751515e+00,-2.420379765128624960e+00,1.022306366948178891e+00,7.697082880393775195e-01,3.618170636137820195e-01,1.796247839324990048e-01
-9.237457749725502154e+00,6.797584694646070513e-01,2.131181689302304783e+00,5.611420922695591340e-01,7.492552073041836014e-02,1.301047196941950979e-01,-4.513306562442503278e+00,1.062044143676758035e+00,1.832518227912393050e+00,4.070300847600917260e-01,1.884074415975811045e-01,2.018158199844203970e+00,-1.115655383206731965e+00,1.743211591573355035e+00,6.283634163816953055e+00,1.282244969313869887e-01,-2.575577585927902202e+00,-2.575122297737181265e-01,-9.631912744530394477e+00,-4.318677481747296154e-01,-1.569874558358477001e+00,-3.181902186228532242e-02,1.588334710241157133e-01,4.923685654818569235e-01,-9.631912744530394477e+00,-4.318677481747296154e-01,-1.569874558358477001e+00,-3.181902186228532242e-02,1.588334710241157133e-01,4.923685654818569235e-01,-9.255874645508562537e+00,-2.275452434741955798e+00,1.020096360996205043e+00,7.722708582878112793e-01,4.015087328748219164e-01,1.876642190137400024e-01
-9.111757423330569594e+00,3.885901080887647074e-01,2.284739098932775825e+00,5.955940587227954719e-01,7.645001966574425933e-02,8.188919037147548985e-02,-4.673330559708555931e+00,1.051268121896191010e+00,1.625773868543090028e+00,1.584102064671535914e-01,1.958835675560902934e-01,2.199603455071564184e+00,-1.325389006878062048e+00,1.033658014483118892e+00,6.268568649174827812e+00,1.268454947593971038e-01,-2.718398741819012088e+00,3.432180117486777204e-02,-9.649556231520083571e+00,-1.758187977485516085e-01,-1.773983715041745013e+00,-5.184434773334847812e-02,1.492216648590455885e-01,4.819150273304805832e-01,-9.649556231520083571e+00,-1.758187977485516085e-01,-1.773983715041745013e+00,-5.184434773334847812e-02,1.492216648590455885e-01,4.819150273304805832e-01,-9.176864624511686941e+00,-2.160271313528268067e+00,1.187660164218484082e+00,7.731059295685911437e-01,3.938366146089478104e-01,1.932374147935971009e-01
-8.865741072261460687e+00,1.777051620508733054e-01,2.438126769418098139e+00,6.062513731182529453e-01,7.629510308274263519e-02,3.275347980686726945e-02,-4.860482739352349313e+00,8.586436097385696797e-01,1.225623566647767948e+00,-6.715316280171360064e-02,2.018283833041444042e-01,2.378286187580409994e+00,-1.913186920769569976e+00,4.721820931509709274e-01,6.498138759786876051e+00,8.808965547247782357e-02,-2.852068980779027818e+00,2.365567314124266129e-01,-9.573188756715468983e+00,-1.532604819316019974e-02,-1.932689914595953962e+00,-1.111885416872764043e-01,1.398806085980046909e-01,4.658918188069275934e-01,-9.573188756715468983e+00,-1.532604819316019974e-02,-1.932689914595953962e+00,-1.111885416872764043e-01,1.398806085980046909e-01,4.658918188069275934e-01,-9.069664697798470954e+00,-2.069493919137924021e+00,1.433352620828719060e+00,7.816892145645051304e-01,3.322575599664733259e-01,1.927328670308703085e-01
-8.621705920061003781e+00,5.396315744523334096e-02,2.532237882042955857e+00,5.981477591611248368e-01,7.767283094087187867e-02,-1.393103116879152066e-02,-5.124917210620785646e+00,7.108089705595632690e-01,8.844063097927430395e-01,-2.763393906911966735e-01,1.795892398701912918e-01,2.544496054992959166e+00,-2.458125341904387806e+00,-3.557068254270827345e-02,6.815509010792450084e+00,-2.077194217639682927e-02,-2.993750068971416045e+00,3.470139237497186224e-01,-9.484627434002455004e+00,-4.000221691044267280e-02,-2.063313629037589969e+00,-1.760204204468316935e-01,1.299723380355425062e-01,4.490527959280117276e-01,-9.484627434002455004e+00,-4.000221691044267280e-02,-2.063313629037589969e+00,-1.760204204468316935e-01,1.299723380355425062e-01,4.490527959280117276e-01,-8.873932166974126901e+00,-2.022218053355865131e+00,1.737391776591824977e+00,7.815157729838151379e-01,2.468739437008733995e-01,1.797429092784368909e-01
-8.498037709788130556e+00,2.618238796562151124e-02,2.584517146847859159e+00,5.813600153948064175e-01,8.882543054124240889e-02,-6.001442714508815196e-02,-5.533760362689578827e+00,5.365663243222101864e-01,7.677225179996969295e-01,-4.644870682902295100e-01,1.229351694675145934e-01,2.721728429327972876e+00,-2.903055449601509075e+00,-6.673708575535938214e-01,7.085858672262152602e+00,-1.533723273636420914e-01,-3.130407725702598842e+00,3.915364707372339104e-01,-9.430610564825217423e+00,-1.259739034122928092e-01,-2.068502477871445144e+00,-2.263344074373558057e-01,1.177233429004589937e-01,4.325542023266443215e-01,-9.430610564825217423e+00,-1.259739034122928092e-01,-2.068502477871445144e+00,-2.263344074373558057e-01,1.177233429004589937e-01,4.325542023266443215e-01,-8.673307827000243719e+00,-1.985600641193973059e+00,1.902098732172839979e+00,7.766421821226341393e-01,1.924548644110470885e-01,1.612184044285039086e-01
-8.506870018114724985e+00,4.360858106326349209e-02,2.593190516112313215e+00,5.638144754954607096e-01,1.016350728618174021e-01,-1.051746938107780971e-01,-6.045127522316700919e+00,3.073134206338412056e-01,7.486832450276085238e-01,-6.546272046738138561e-01,4.680270479331093136e-02,2.896973409227877827e+00,-3.396226738748242102e+00,-1.134119779478033996e+00,7.243896386602936666e+00,-2.602752049280833146e-01,-3.259429702407249163e+00,4.051499894222834186e-01,-9.513195637977862162e+00,-3.095823701831603159e-01,-1.912165061486297946e+00,-2.434480019634769898e-01,1.143366630759931057e-01,4.275541911507287907e-01,-9.513195637977862162e+00,-3.095823701831603159e-01,-1.912165061486297946e+00,-2.434480019634769898e-01,1.143366630759931057e-01,4.275541911507287907e-01,-8.544774269361832708e+00,-1.977599382400512917e+00,1.861989946867097956e+00,7.654583404461543505e-01,1.576108678076673930e-01,1.386532931604327057e-01
-8.560915030642039625e+00,5.581464657929086082e-02,2.580984446676461985e+00,5.461147947153921489e-01,1.002459206923086987e-01,-1.446856253833357087e-01,-6.532073156651187595e+00,1.242049439019533991e-01,8.165524770818709532e-01,-8.254797692368455175e-01,-3.484562321608714042e-02,3.053646299092703131e+00,-3.973619281177451779e+00,-1.132203802199347020e+00,7.287819862365722656e+00,-3.542154275922365092e-01,-3.375366208373859145e+00,4.092078192900586164e-01,-9.604365860746044703e+00,-5.098501059060882579e-01,-1.715012824567410998e+00,-2.170895223891889103e-01,1.264254715730878109e-01,4.342578083913761766e-01,-9.604365860746044703e+00,-5.098501059060882579e-01,-1.715012824567410998e+00,-2.170895223891889103e-01,1.264254715730878109e-01,4.342578083913761766e-01,-8.473073461335584255e+00,-1.987138113886419033e+00,1.719314263859647030e+00,7.534764836207709093e-01,1.038690020916603063e-01,1.118178360605689009e-01
-8.637677336599676181e+00,6.103701516985893250e-02,2.582746234300818955e+00,5.279575950522955585e-01,9.674441737561376153e-02,-1.754999841913499059e-01,-7.003203548797189981e+00,-7.090327240628739591e-02,7.948190267771890749e-01,-9.763017484586533623e-01,-1.241392625929557958e-01,3.185129057871152192e+00,-4.530223168256293675e+00,-9.356748738728914994e-01,7.321396887752504412e+00,-4.607044792687954859e-01,-3.468658824072563984e+00,4.213331233260422248e-01,-9.622299555030625839e+00,-5.308978421944716697e-01,-1.696829080581665039e+00,-1.661412116527770932e-01,1.472188783496042042e-01,4.452103920520291136e-01,-9.622299555030625839e+00,-5.308978421944716697e-01,-1.696829080581665039e+00,-1.661412116527770932e-01,1.472188783496042042e-01,4.452103920520291136e-01,-8.402507320342044395e+00,-2.018418278398761867e+00,1.741844705944556981e+00,7.333833510021569024e-01,4.906739959960310787e-02,8.488405374582423668e-02
-8.749289224810901544e+00,7.500217472768450078e-02,2.546073984034797011e+00,5.140782335831995953e-01,9.964535207807460881e-02,-1.948685527179697119e-01,-7.598749326384217184e+00,-4.831735234920221944e-01,8.085131502484067534e-01,-1.108875643804245970e+00,-2.044015770178790881e-01,3.299797484415218918e+00,-5.022760473699125150e+00,-6.945874924331338907e-01,7.389144928468781792e+00,-5.821471131357607298e-01,-3.537388142932699875e+00,4.510273376505495868e-01,-9.588793698910013319e+00,-5.002597520977670742e-01,-1.721731434219992973e+00,-1.245302797599872058e-01,1.640566771480894137e-01,4.555970453721587266e-01,-9.588793698910013319e+00,-5.002597520977670742e-01,-1.721731434219992973e+00,-1.245302797599872058e-01,1.640566771480894137e-01,4.555970453721587266e-01,-8.348343254615688380e+00,-2.055035850813458076e+00,1.919971523311766015e+00,7.117894875565365931e-01,2.737277399609813061e-02,5.651504107121924775e-02
-8.899284542003657705e+00,1.203613759185861026e-01,2.472833561640913835e+00,5.046191653775606856e-01,9.964128844230160653e-02,-1.989790418867690980e-01,-8.167966611923709763e+00,-1.076800147265088992e+00,6.456578826284750106e-01,-1.162563988598444009e+00,-2.511965859828242942e-01,3.402490208439501895e+00,-5.592809438858022730e+00,-8.154460905182000507e-01,7.502667237255799648e+00,-6.932794565689421873e-01,-3.578615048806554011e+00,4.995716301302102202e-01,-9.570604324340820312e+00,-4.358697554663263918e-01,-1.831837045128696939e+00,-9.581858572155203813e-02,1.808316959384063949e-01,4.603717029094696045e-01,-9.570604324340820312e+00,-4.358697554663263918e-01,-1.831837045128696939e+00,-9.581858572155203813e-02,1.808316959384063949e-01,4.603717029094696045e-01,-8.394868167314662344e+00,-2.129798168960255200e+00,1.993997761181423023e+00,6.829180920728340487e-01,5.377656501215724062e-03,2.851019370099229164e-02
-9.063206459275892968e+00,2.023441159703824876e-01,2.420534864304558109e+00,4.985176416402953836e-01,8.971675814220493594e-02,-1.908872570676554969e-01,-9.087519081640104801e+00,-2.003420287754416051e+00,6.172402267280284738e-01,-1.087163069672977045e+00,-3.145497758539876898e-01,3.507126821990082188e+00,-6.340461465803342023e+00,-1.483133834078564028e+00,7.729705195273123053e+00,-7.235118184587739920e-01,-3.601098728253179004e+00,5.308153249334812696e-01,-9.564381808057785150e+00,-3.042349935749127932e-01,-1.959644463113558999e+00,-8.892850106304509006e-02,1.882662502462230103e-01,4.609161670077964179e-01,-9.564381808057785150e+00,-3.042349935749127932e-01,-1.959644463113558999e+00,-8.892850106304509006e-02,1.882662502462230103e-01,4.609161670077964179e-01,-8.468112470916889123e+00,-2.177108765747140851e+00,2.059225747662206008e+00,6.435984517297437257e-01,-3.671081346129217299e-02,4.910034179035144969e-03
-9.207928864915926326e+00,2.930151745400447205e-01,2.335048273310655009e+00,4.930236996112766779e-01,6.499036229669125087e-02,-1.773059736228272953e-01,-1.007354235987918933e+01,-2.677192436719333823e+00,5.042793528399689418e-01,-9.265514369460229327e-01,-4.029434911230433958e-01,3.590646492902271003e+00,-7.157025338317660079e+00,-2.109343662114286033e+00,8.116601396955612557e+00,-6.766324117569963992e-01,-3.612795043424905206e+00,5.051923654620715798e-01,-9.536855655270725762e+00,-1.462513210001095132e-01,-2.060889937361265023e+00,-9.598576827132115907e-02,1.874287671410024003e-01,4.622357609337008899e-01,-9.536855655270725762e+00,-1.462513210001095132e-01,-2.060889937361265023e+00,-9.598576827132115907e-02,1.874287671410024003e-01,4.622357609337008899e-01,-8.484145164489746094e+00,-2.232789325750724974e+00,2.189652567908134007e+00,6.086220018144211652e-01,-6.034447156638478998e-02,-1.751658480089050146e-02
-9.286359954356415258e+00,3.784623093296489160e-01,2.219961345287329024e+00,4.884475169849286091e-01,2.439675897720360032e-02,-1.629635031219177077e-01,-1.101228527233631915e+01,-2.962864827761863218e+00,1.218037351548222069e-01,-7.591833603163924415e-01,-5.050887349899060297e-01,3.640037798689283122e+00,-7.942545250487408559e+00,-2.401151411482381981e+00,8.587172728374785180e+00,-6.114783137101947874e-01,-3.612157226783978103e+00,4.266440227309166167e-01,-9.525121438858771938e+00,-1.285316285289967997e-01,-2.212886798737311977e+00,-1.175581910127136975e-01,1.793869040495421896e-01,4.617120451518579860e-01,-9.525121438858771938e+00,-1.285316285289967997e-01,-2.212886798737311977e+00,-1.175581910127136975e-01,1.793869040495421896e-01,4.617120451518579860e-01,-8.398345207011191249e+00,-2.341495958734086891e+00,2.212213945639085910e+00,5.705029565810912917e-01,-4.323461862604560668e-02,-3.744616327541896300e-02
-9.302041053771972656e+00,4.918256992035298092e-01,2.165938329409808016e+00,4.882968194571984943e-01,-2.015549704073928833e-02,-1.521321093129787971e-01,-1.192239346832518088e+01,-3.129525796879518040e+00,-3.318057809304422179e-01,-5.962843198147093071e-01,-6.006651195321572878e-01,3.674757930913298942e+00,-8.657915893382824635e+00,-2.323756519481435134e+00,9.049834174626495198e+00,-5.745071326741850726e-01,-3.588719940179443846e+00,3.019522423649145804e-01,-9.558165542418933569e+00,-1.924400596177950062e-01,-2.224163337603509039e+00,-1.257491087053624890e-01,1.673866424173559020e-01,4.644126677995331076e-01,-9.558165542418933569e+00,-1.924400596177950062e-01,-2.224163337603509039e+00,-1.257491087053624890e-01,1.673866424173559020e-01,4.644126677995331076e-01,-8.364746075074437570e+00,-2.463561120357339984e+00,2.095150109855859810e+00,5.284820469152328171e-01,-1.486465835634609087e-02,-5.250097636472442209e-02
-9.295062482143389815e+00,5.912058457037880910e-01,2.167689179006869971e+00,4.904329924173252975e-01,-6.104713544169421136e-02,-1.441980446271572125e-01,-1.272882779536952924e+01,-3.433311880031610919e+00,-8.093827336614581869e-01,-4.041465437998236765e-01,-7.046805763024888147e-01,3.699459621250721142e+00,-9.302444198225561678e+00,-2.143652481539580101e+00,9.541741952734975385e+00,-5.694288981766562063e-01,-3.547226983464442096e+00,1.397720362125103033e-01,-9.540430076781728275e+00,-1.824220061496721890e-01,-2.089886288506784151e+00,-1.228570984236626029e-01,1.591339269742363949e-01,4.721615295678389113e-01,-9.540430076781728275e+00,-1.824220061496721890e-01,-2.089886288506784151e+00,-1.228570984236626029e-01,1.591339269742363949e-01,4.721615295678389113e-01,-8.352539177253438751e+00,-2.576099538827516078e+00,1.948665366072686034e+00,4.740804237887241146e-01,1.564264960808290847e-02,-6.805463456079036133e-02
-9.289834022521972656e+00,6.574670304321958980e-01,2.200829374276002781e+00,4.907374344828124846e-01,-9.568118872939891661e-02,-1.403849449575625963e-01,-1.332263133169731084e+01,-3.706792977804351796e+00,-1.103020866106708020e+00,-1.946171336471997082e-01,-7.956959093698814378e-01,3.707367093801407165e+00,-9.992069618140142495e+00,-2.099673271179199219e+00,1.018067889455855912e+01,-5.645204157373381326e-01,-3.514108917250243103e+00,-3.597892962685089735e-02,-9.657181268463485679e+00,-3.594714753364088022e-02,-1.977374331055697931e+00,-1.303927909222341031e-01,1.537739052029523934e-01,4.809778630046799841e-01,-9.657181268463485679e+00,-3.594714753364088022e-02,-1.977374331055697931e+00,-1.303927909222341031e-01,1.537739052029523934e-01,4.809778630046799841e-01,-8.330801981383151755e+00,-2.695486189933649079e+00,1.935624157315894989e+00,4.222439041092532208e-01,7.080057487640332992e-02,-8.324129261056424645e-02
-9.282856468414564688e+00,6.975690384919497333e-01,2.214770116808471911e+00,4.853957937205380935e-01,-1.236032472186160969e-01,-1.411483765995112105e-01,-1.361786385063446048e+01,-3.840044816263838978e+00,-1.398914067674718043e+00,1.797490548325778037e-02,-8.521540475672861881e-01,3.703411364118986082e+00,-1.057567543478056038e+01,-1.911836800624697963e+00,1.055082483994796050e+01,-5.655793378704703223e-01,-3.495893893153986021e+00,-2.468455143032534937e-01,-9.857813051258665027e+00,4.838275555180333171e-02,-1.919223133617153021e+00,-1.461229765920988022e-01,1.444132333488115094e-01,4.914066486073017104e-01,-9.857813051258665027e+00,4.838275555180333171e-02,-1.919223133617153021e+00,-1.461229765920988022e-01,1.444132333488115094e-01,4.914066486073017104e-01,-8.363571668733282394e+00,-2.779434398297341069e+00,1.960038249851554948e+00,3.787137715062969812e-01,1.335853410544254882e-01,-9.319138328634923862e-02
-9.228792135379507044e+00,7.289583846653955312e-01,2.160705715566626051e+00,4.701365126883588763e-01,-1.413013483076414056e-01,-1.445053796616830866e-01,-1.373200976450270971e+01,-3.741077573912012788e+00,-1.533180134715504073e+00,2.320417404716595133e-01,-8.856676558177856151e-01,3.686034449754489017e+00,-1.081937737863997917e+01,-1.690798746203107106e+00,1.067100587841919079e+01,-5.404621556740695221e-01,-3.480836229553788908e+00,-4.966400786338023843e-01,-9.899985409124777647e+00,-5.858678592362284027e-02,-1.852418715381281000e+00,-1.532504977291203052e-01,1.375575340670069091e-01,5.061259417123691318e-01,-9.899985409124777647e+00,-5.858678592362284027e-02,-1.852418715381281000e+00,-1.532504977291203052e-01,1.375575340670069091e-01,5.061259417123691318e-01,-8.460031978669665165e+00,-2.833608006924535960e+00,2.022560884130558900e+00,3.337294767930862882e-01,1.832540620729566916e-01,-9.756629249938680859e-02
-9.164275607210747410e+00,7.725506815198714961e-01,2.047365813558634784e+00,4.431310997841743093e-01,-1.445053775332182100e-01,-1.518288802035591134e-01,-1.371023564513843951e+01,-3.609736706587105992e+00,-1.676068763657841965e+00,4.541840348829003227e-01,-8.859809796895288247e-01,3.663022457584443003e+00,-1.080543830919443060e+01,-1.481549875758519041e+00,1.062850989106216915e+01,-4.543023653020322739e-01,-3.456599664450028087e+00,-7.486655067777896466e-01,-9.844944864812831042e+00,-1.431655172221900918e-01,-1.874379318761075108e+00,-1.473853954825773138e-01,1.406857162851324894e-01,5.253329623619786837e-01,-9.844944864812831042e+00,-1.431655172221900918e-01,-1.874379318761075108e+00,-1.473853954825773138e-01,1.406857162851324894e-01,5.253329623619786837e-01,-8.569903669673522018e+00,-2.853853643665452910e+00,2.086279708465256011e+00,2.894646276388044837e-01,2.183475431907102027e-01,-1.007708751868001962e-01
-9.122425360699766728e+00,8.283472423606563773e-01,1.927047943544039965e+00,4.092602951836680214e-01,-1.358099453457335959e-01,-1.638816020582727073e-01,-1.373069138504335029e+01,-3.316796633828912100e+00,-1.963734138657337924e+00,6.743392040234253981e-01,-8.346305749228070114e-01,3.629394919439266953e+00,-1.059257304602818017e+01,-9.861903714566075951e-01,1.023321798969807084e+01,-3.192639541804492831e-01,-3.413301552606883060e+00,-9.830821801525795323e-01,-9.762392616369634624e+00,-8.213431984510441430e-02,-1.962286897137172970e+00,-1.439282673592758022e-01,1.318883577803282026e-01,5.421687015587405289e-01,-9.762392616369634624e+00,-8.213431984510441430e-02,-1.962286897137172970e+00,-1.439282673592758022e-01,1.318883577803282026e-01,5.421687015587405289e-01,-8.651171524627818243e+00,-2.837479185197614218e+00,2.090146789167553809e+00,2.548474321279617927e-01,2.320478003722858118e-01,-1.048083474984979058e-01
-9.099749617869013818e+00,8.614916528802021300e-01,1.838099575167871036e+00,3.709598977432073119e-01,-1.223817638429998966e-01,-1.783779502113380100e-01,-1.367265855995957935e+01,-3.023198764973865860e+00,-2.155738757939217987e+00,8.762573156499624538e-01,-7.609442691712652307e-01,3.586271463764258982e+00,-1.014109248328806956e+01,-1.404835984484696931e-01,9.408998468016211092e+00,-1.859945881991617034e-01,-3.312960053430236140e+00,-1.187431988429852092e+00,-9.695991409200214406e+00,-2.420546659877481979e-02,-1.981122188153765951e+00,-1.439466579932369983e-01,1.257515073686434059e-01,5.608508889636085737e-01,-9.695991409200214406e+00,-2.420546659877481979e-02,-1.981122188153765951e+00,-1.439466579932369983e-01,1.257515073686434059e-01,5.608508889636085737e-01,-8.743473221345803736e+00,-2.813063341010594964e+00,2.058884583702619953e+00,2.278033433158455079e-01,2.439278469582767950e-01,-1.090811233575983974e-01
-9.080571058066812640e+00,8.388363770932714125e-01,1.806695699691772017e+00,3.334243827870594923e-01,-1.066668781937922944e-01,-1.939407287941188052e-01,-1.344179466206539963e+01,-2.719363268985544035e+00,-2.278190276956046034e+00,1.040192172091493950e+00,-6.482049489534029707e-01,3.535615267292146147e+00,-9.593000398682491436e+00,8.147242367534619500e-01,8.238555274820811292e+00,-8.189411111186503667e-02,-3.118966315934832867e+00,-1.356640315934696917e+00,-9.741507530212402344e+00,4.322595979374128927e-02,-2.084764217237784045e+00,-1.512216787195883039e-01,1.190547303731051970e-01,5.765809404715720454e-01,-9.741507530212402344e+00,4.322595979374128927e-02,-2.084764217237784045e+00,-1.512216787195883039e-01,1.190547303731051970e-01,5.765809404715720454e-01,-8.879230621452141037e+00,-2.798176454823345871e+00,1.974633767283497932e+00,2.130057400901385067e-01,2.484092324872977098e-01,-1.166875923855134056e-01
-9.056156937527513051e+00,7.760648426226961494e-01,1.806695699691772017e+00,2.969567272547433134e-01,-8.530687165998981913e-02,-2.105723977806228941e-01,-1.301847640991699073e+01,-2.442532262590956016e+00,-2.192739023619723948e+00,1.173721508212024034e+00,-5.053383703880574007e-01,3.476465498914368180e+00,-9.096128177349834587e+00,1.474283049641299970e+00,7.116541086070914623e+00,-1.980422485259273214e-03,-2.827509420991126898e+00,-1.478769408393016072e+00,-9.710496890017036975e+00,1.466856885626091900e-01,-2.123694540839808909e+00,-1.688190267111658871e-01,1.086452870794443054e-01,5.886011361496082950e-01,-9.710496890017036975e+00,1.466856885626091900e-01,-2.123694540839808909e+00,-1.688190267111658871e-01,1.086452870794443054e-01,5.886011361496082950e-01,-9.025700271320330259e+00,-2.795495271682738814e+00,1.886511706106644093e+00,2.045912484052040126e-01,2.380441146353577953e-01,-1.243982739011335048e-01
-9.045685768127441406e+00,7.097934162313099815e-01,1.813667332761407014e+00,2.607922677337383144e-01,-5.524974986081176986e-02,-2.270524348993543939e-01,-1.267956322813057923e+01,-2.242888426817323921e+00,-2.103369034883979971e+00,1.268525527522188945e+00,-3.496000450972374107e-01,3.408472451227356981e+00,-8.679199732877250995e+00,1.960639003112589984e+00,6.229553600317626838e+00,6.109770105999837164e-02,-2.462704547431425084e+00,-1.539705747574221073e+00,-9.616334370500894124e+00,1.769128025070285104e-01,-2.032248975830459159e+00,-1.767536418155004896e-01,1.009316934345854955e-01,6.011456798582280880e-01,-9.616334370500894124e+00,1.769128025070285104e-01,-2.032248975830459159e+00,-1.767536418155004896e-01,1.009316934345854955e-01,6.011456798582280880e-01,-9.181709875281626410e+00,-2.852641414082239812e+00,1.896305715280866000e+00,1.996145690412199081e-01,2.149914156853451053e-01,-1.285415858858162119e-01
-9.045685768127441406e+00,5.999629553149922190e-01,1.804961162869648028e+00,2.304249966828962048e-01,-2.534061691798155172e-02,-2.449036506841534011e-01,-1.260959288259683042e+01,-2.194291605500153786e+00,-1.936161003064571950e+00,1.341122624770958893e+00,-2.173992556677649124e-01,3.308619022796658093e+00,-8.428133665569244926e+00,2.284461127142995984e+00,5.710908338587771027e+00,1.186695541438770041e-01,-2.068161586966200005e+00,-1.541253385120211927e+00,-9.622725864172622323e+00,1.989948998721388085e-01,-1.999298659662392952e+00,-1.714293175251432044e-01,9.798154435431043197e-02,6.131672931208769217e-01,-9.622725864172622323e+00,1.989948998721388085e-01,-1.999298659662392952e+00,-1.714293175251432044e-01,9.798154435431043197e-02,6.131672931208769217e-01,-9.321357421367155283e+00,-2.897312728551737049e+00,1.951976560243142034e+00,1.920084561704369086e-01,1.751884134401434923e-01,-1.267457484371131982e-01
-9.066595911933902130e+00,4.813651162051030830e-01,1.787518240190050012e+00,2.079924273247543975e-01,-2.908047165759322043e-03,-2.641289092988465814e-01,-1.259345790809818055e+01,-2.376978093830460992e+00,-1.628590697990738967e+00,1.432544653796820056e+00,-1.090217590237624046e-01,3.199668678968218050e+00,-8.469292316488033379e+00,2.302418155644533115e+00,5.672602000530070576e+00,1.829001852954287022e-01,-1.673874963967028062e+00,-1.494887447671489067e+00,-9.668263435363769531e+00,3.545772551963772834e-01,-2.044458833936539044e+00,-1.709200606642780063e-01,9.291245252145784173e-02,6.230013261559188553e-01,-9.668263435363769531e+00,3.545772551963772834e-01,-2.044458833936539044e+00,-1.709200606642780063e-01,9.291245252145784173e-02,6.230013261559188553e-01,-9.446102342394421925e+00,-2.876792662704890091e+00,2.022530702474738984e+00,1.901303082704544067e-01,1.238992672633395936e-01,-1.152088939619097946e-01
-9.096246752077288278e+00,3.767418363463005959e-01,1.782280921936034934e+00,1.942552313841859890e-01,1.143897124420692989e-02,-2.821348633023940122e-01,-1.250866989971625998e+01,-2.774096052548681968e+00,-1.498898204395533895e+00,1.533759322969614036e+00,-1.247913213073634925e-02,3.089988624395031191e+00,-8.966127981116573054e+00,2.218165802577185097e+00,6.017712246620892991e+00,2.287690444781239896e-01,-1.314029659360600899e+00,-1.424457435234351088e+00,-9.674459362811127505e+00,4.948606938924636212e-01,-1.992904704749691058e+00,-1.762766459842823041e-01,8.864013695746607302e-02,6.246115247215308086e-01,-9.674459362811127505e+00,4.948606938924636212e-01,-1.992904704749691058e+00,-1.762766459842823041e-01,8.864013695746607302e-02,6.246115247215308086e-01,-9.520553029210622853e+00,-2.830653479076997048e+00,2.019593170872269194e+00,1.951291238252322868e-01,6.549989692718992396e-02,-9.882534073891506565e-02
-9.120658200568851015e+00,2.668912631640936173e-01,1.810151387457046068e+00,1.895206426876965000e-01,1.663188423769748972e-02,-2.973937365994723248e-01,-1.243738924142967051e+01,-3.286096771491992197e+00,-1.436388258393145989e+00,1.611953301766116953e+00,5.231285003072212725e-02,2.965797018995664835e+00,-9.898321212154336024e+00,1.903734615665994001e+00,6.492574522776928703e+00,2.379883355723901028e-01,-1.060036444563299929e+00,-1.346761163547739892e+00,-9.677200414801156114e+00,6.014334030155640276e-01,-2.036065804701979953e+00,-1.840076055711528935e-01,8.301403816108421374e-02,6.278153774345220928e-01,-9.677200414801156114e+00,6.014334030155640276e-01,-2.036065804701979953e+00,-1.840076055711528935e-01,8.301403816108421374e-02,6.278153774345220928e-01,-9.505422423472710491e+00,-2.762790156619185034e+00,1.976141501278634971e+00,2.065351955524926120e-01,1.652026739585122153e-02,-8.090416560016031045e-02
-9.159006242821668309e+00,1.848973852676827068e-01,1.817176143913382003e+00,1.933295554299618024e-01,1.769999259537472988e-02,-3.106695269938544168e-01,-1.240206840540522037e+01,-3.786001092795066025e+00,-1.131170381006451064e+00,1.693352430563068056e+00,9.086719846592737626e-02,2.815880038837719201e+00,-1.077034710226337033e+01,1.384354223532977102e+00,6.748757876192552629e+00,2.278543076093111908e-01,-9.259807803022879202e-01,-1.258448336897175057e+00,-9.616163351202525078e+00,6.284187473490246978e-01,-2.164155998964890859e+00,-1.890774809197927064e-01,7.258811249234128904e-02,6.299363682881051751e-01,-9.616163351202525078e+00,6.284187473490246978e-01,-2.164155998964890859e+00,-1.890774809197927064e-01,7.258811249234128904e-02,6.299363682881051751e-01,-9.459281305136341800e+00,-2.708587163665387987e+00,1.936832959933947995e+00,2.243504225292146936e-01,-1.108346869944915915e-02,-6.191319400416968322e-02
-9.193900954108467971e+00,1.168945237076818022e-01,1.841530428353244986e+00,2.008064587084505137e-01,2.059694617280051140e-02,-3.265350996555386187e-01,-1.236906234069292942e+01,-4.261827854638947422e+00,-8.280094925770073999e-01,1.755523049825286952e+00,1.114855367734196995e-01,2.639950017714220110e+00,-1.143262942365536006e+01,8.393781060951552853e-01,6.532784137655034407e+00,2.392755004968439014e-01,-8.608785955423461367e-01,-1.165148189945774959e+00,-9.586082361077750136e+00,5.830347519301172232e-01,-2.252353378735135969e+00,-1.900996877995443091e-01,5.706168177093656757e-02,6.302225246865262864e-01,-9.586082361077750136e+00,5.830347519301172232e-01,-2.252353378735135969e+00,-1.900996877995443091e-01,5.706168177093656757e-02,6.302225246865262864e-01,-9.429495608132301143e+00,-2.659767354392077898e+00,1.957321312380533085e+00,2.460715138518599909e-01,-2.934631498662565105e-02,-4.602139629471292681e-02
-9.218312845360710384e+00,6.455564896081300574e-02,1.867732644081115945e+00,2.119393678911055956e-01,3.218265307994965657e-02,-3.416439200064048110e-01,-1.195646698292988042e+01,-4.498681308181848415e+00,-5.711476871494873819e-01,1.739652927081767109e+00,1.198157731174689933e-01,2.447772076724433976e+00,-1.189324275445035006e+01,2.309874587525893863e-01,5.981861880175956436e+00,2.887950671662199986e-01,-7.955078627900837862e-01,-1.072120685822770092e+00,-9.631641387939453125e+00,6.567982959484880423e-01,-2.276767364067655119e+00,-1.831797630140269972e-01,3.139654715110031663e-02,6.334116458892822266e-01,-9.631641387939453125e+00,6.567982959484880423e-01,-2.276767364067655119e+00,-1.831797630140269972e-01,3.139654715110031663e-02,6.334116458892822266e-01,-9.376526432113051257e+00,-2.639488781021980923e+00,2.060569372025728097e+00,2.651723911302554249e-01,-4.643742173992172761e-02,-3.273228328613508181e-02
-9.235761467151867521e+00,2.793545067952674099e-02,1.853803219547407899e+00,2.264339398598433084e-01,4.378736160525788235e-02,-3.544609856777964918e-01,-1.138286497271596076e+01,-4.395315225033117557e+00,-5.093188416739669044e-01,1.608733657592545052e+00,1.433717433654528028e-01,2.217426771728845836e+00,-1.240481551697780915e+01,-1.547901200536583033e-01,5.158428522317736409e+00,3.617726360524827767e-01,-7.009611819261292176e-01,-9.781302637073122641e-01,-9.637829525679487475e+00,8.182335701955628648e-01,-2.285709645890969810e+00,-1.834802328853563091e-01,2.062460557828025860e-03,6.328701898798965164e-01,-9.637829525679487475e+00,8.182335701955628648e-01,-2.285709645890969810e+00,-1.834802328853563091e-01,2.062460557828025860e-03,6.328701898798965164e-01,-9.344046652881514703e+00,-2.608252086174406070e+00,2.192138126966194811e+00,2.833277814782487192e-01,-5.769652294842200074e-02,-2.241456342013880068e-02
-9.268859545552560419e+00,2.613506206147621011e-02,1.864209396851653100e+00,2.407775811043313952e-01,4.699850454926490784e-02,-3.654498195016520068e-01,-1.103019048858775086e+01,-4.412060733337129115e+00,-2.228616743967989922e-01,1.410082335158977074e+00,1.688440597410605926e-01,1.954343788604276932e+00,-1.288869748491540079e+01,-2.587244383613084842e-01,4.156294215079521237e+00,4.751714272677319273e-01,-6.507770062118569676e-01,-8.888258702072557860e-01,-9.656056404113769531e+00,8.632976318556140338e-01,-2.239807767933955862e+00,-1.877086926888187068e-01,-1.740494460183599976e-02,6.320874434296825939e-01,-9.656056404113769531e+00,8.632976318556140338e-01,-2.239807767933955862e+00,-1.877086926888187068e-01,-1.740494460183599976e-02,6.320874434296825939e-01,-9.319633758318344618e+00,-2.638236797808136025e+00,2.326411943373408953e+00,2.981550238999842173e-01,-6.231395526480595914e-02,-1.446689447245945968e-02
-9.296796968150491836e+00,5.054852545368201250e-02,1.886903301789341958e+00,2.570998403379627928e-01,3.725008318020450737e-02,-3.726255270803640052e-01,-1.070578061849255924e+01,-4.515554921660307031e+00,-6.038859937972743813e-02,1.210103234644507975e+00,2.101611198348911913e-01,1.665662135187435000e+00,-1.278280021507639042e+01,-2.941758909794013888e-01,3.222943759373920081e+00,6.550591719999855345e-01,-5.885431542267010041e-01,-7.816256420053866449e-01,-9.677703585187654056e+00,7.967361925018181523e-01,-2.182032666722749870e+00,-1.826390542807148076e-01,-3.074835562607377074e-02,6.350210032750567279e-01,-9.677703585187654056e+00,7.967361925018181523e-01,-2.182032666722749870e+00,-1.826390542807148076e-01,-3.074835562607377074e-02,6.350210032750567279e-01,-9.304734841818756763e+00,-2.658520244596923821e+00,2.394083724656026035e+00,3.095422026313984776e-01,-6.801543520871036752e-02,-4.493247997266039406e-03
-9.309003652110991567e+00,8.888608061943456540e-02,1.940883417799639910e+00,2.722110326679509917e-01,2.808054366790194156e-02,-3.797934824322122260e-01,-1.047063287611931059e+01,-4.718526956672493000e+00,-3.718476097876301234e-02,9.880761019370521980e-01,2.445566332491312111e-01,1.371164611133012912e+00,-1.251324929180232992e+01,3.403445199337995063e-03,2.147856058887621877e+00,8.595008707952939142e-01,-4.513662843385600199e-01,-6.442678807655237705e-01,-9.760060192573456916e+00,8.484950062484941657e-01,-2.182194053264673084e+00,-1.786371581814253096e-01,-4.493261761815558336e-02,6.368866598928049072e-01,-9.760060192573456916e+00,8.484950062484941657e-01,-2.182194053264673084e+00,-1.786371581814253096e-01,-4.493261761815558336e-02,6.368866598928049072e-01,-9.292526727021236610e+00,-2.699272296780005131e+00,2.414373049157909179e+00,3.227220272540191059e-01,-8.191754332716282005e-02,4.523936312132021721e-03
-9.300325728781212220e+00,1.446746081749002988e-01,1.963676140467691900e+00,2.819824078665351119e-01,2.853111417809596137e-02,-3.846833574744413786e-01,-1.018218546659498003e+01,-4.845128217397114412e+00,1.618477061121957883e-01,7.871524616589578027e-01,2.636133588513873138e-01,1.061622990363235930e+00,-1.247046637586971940e+01,7.460093417210995614e-01,1.412565191912313001e+00,1.043595308456777060e+00,-2.800040207579149731e-01,-4.816140878769646916e-01,-9.793116094635134772e+00,8.790892921559820827e-01,-2.218812660565451900e+00,-1.751625710498413979e-01,-6.467080124378722650e-02,6.387660592962275397e-01,-9.793116094635134772e+00,8.790892921559820827e-01,-2.218812660565451900e+00,-1.751625710498413979e-01,-6.467080124378722650e-02,6.387660592962275397e-01,-9.280319825644440357e+00,-2.719557255586618982e+00,2.455120788254658848e+00,3.332771476604685090e-01,-9.460880429517684598e-02,1.306850776056290957e-02
-9.303755550367434068e+00,2.196285755308096110e-01,1.869656066071829992e+00,2.864135899480290126e-01,3.599875458667208677e-02,-3.898647918479017926e-01,-9.979202870933251646e+00,-5.047465065080072755e+00,-3.871745368544216200e-03,5.867147152614275996e-01,2.768668297172339754e-01,7.368346986622017480e-01,-1.261681090900365021e+01,1.355409274880116088e+00,1.034829048364515058e+00,1.124489446816784088e+00,-1.071265310972273066e-01,-2.999925688633964804e-01,-9.735481594827344765e+00,9.340983754188169064e-01,-2.267795830579781846e+00,-1.757576882259405948e-01,-7.989480709386484469e-02,6.438497977251891324e-01,-9.735481594827344765e+00,9.340983754188169064e-01,-2.267795830579781846e+00,-1.757576882259405948e-01,-7.989480709386484469e-02,6.438497977251891324e-01,-9.268112928758689861e+00,-2.750791193946958924e+00,2.484922189439068951e+00,3.437226315034210833e-01,-9.969871821186204741e-02,2.078102588657379859e-02
-9.321208859124796575e+00,2.841955957599499039e-01,1.744055412759307089e+00,2.891587637673875277e-01,5.520568463590837249e-02,-3.955144088923229218e-01,-9.841692102669570730e+00,-5.245520449392746087e+00,-1.865551274859227893e-01,4.230100439410299784e-01,2.456242219491061030e-01,4.055707401062393913e-01,-1.356386866863078922e+01,2.042289318355452021e+00,3.397306411859550845e+00,1.200829871192442999e+00,2.428618091486731134e-02,-8.608809556360511039e-02,-9.784609082657070189e+00,1.025871929988700026e+00,-2.340882099810101202e+00,-1.907103300529507939e-01,-9.726708287376045758e-02,6.491635409734581863e-01,-9.784609082657070189e+00,1.025871929988700026e+00,-2.340882099810101202e+00,-1.907103300529507939e-01,-9.726708287376045758e-02,6.491635409734581863e-01,-9.227370698275310090e+00,-2.806433980907106829e+00,2.490310192108153853e+00,3.544030462400136750e-01,-1.128906346404581068e-01,2.908963057583606113e-02
-9.354292875793058570e+00,3.747764995564086821e-01,1.696829080581665039e+00,2.941897520217335860e-01,7.535903910397873107e-02,-3.985688433968485045e-01,-9.507753217417132419e+00,-6.883594168418045278e+00,-2.177973867118793816e+00,1.241642243117875993e-01,2.946817789960575751e-01,-5.325427851759484757e-03,-1.557369281826908036e+01,1.962996345053436897e+00,7.853604512829933881e+00,7.293315390959435041e-01,-1.398928908090438065e-02,1.212098947308930946e-01,-9.891234449032371145e+00,1.156911194255832998e+00,-2.355880421773123956e+00,-2.086370326364054006e-01,-1.199807673025174021e-01,6.497171596102688795e-01,-9.891234449032371145e+00,1.156911194255832998e+00,-2.355880421773123956e+00,-2.086370326364054006e-01,-1.199807673025174021e-01,6.497171596102688795e-01,-9.188057455167596643e+00,-2.800888834514736914e+00,2.499820892444328813e+00,3.650831592673455250e-01,-1.214211880350165029e-01,3.596936117032342728e-02
-9.437904037984342409e+00,4.968349128698366091e-01,1.731616935869741969e+00,2.963363084440024942e-01,8.468253461198954612e-02,-3.982697135695997814e-01,-1.056326218171419917e+01,-5.875656521173849178e+00,-1.255487385341832018e+00,-9.039590741506278726e-02,1.544892923411456953e-01,-4.033607576391480820e-01,-1.637481351828249032e+01,6.988734287167730486e-01,6.062656218761764748e+00,1.630249565623869135e-01,-3.220782117644209186e-01,3.500897209859146764e-01,-9.946090039996933641e+00,1.208389166008186910e+00,-2.319406509399414062e+00,-2.342574516443856891e-01,-1.474924502742638033e-01,6.555977510111916651e-01,-9.946090039996933641e+00,1.208389166008186910e+00,-2.319406509399414062e+00,-2.342574516443856891e-01,-1.474924502742638033e-01,6.555977510111916651e-01,-9.141926249051422815e+00,-2.852557030935135796e+00,2.493007345072623782e+00,3.724357502328025094e-01,-1.186762540555891948e-01,3.904947251867345315e-02
-9.533850741642776683e+00,5.075917099752733641e-01,1.778736790021260950e+00,2.867459988081326738e-01,9.260726664015042631e-02,-3.949160684821426126e-01,-1.042575691556088913e+01,-3.970616443370167836e+00,1.094876298879704946e+00,-2.487023702062454988e-01,9.416281819698266164e-02,-6.795016974630275763e-01,-1.387231701676562956e+01,-1.126231379955777934e+00,2.460016736054018160e+00,4.038665398108428062e-01,-4.077748651008268888e-01,5.984458035908170048e-01,-1.001357975425944957e+01,1.156475743888619068e+00,-2.341015523798728015e+00,-2.520951869803864098e-01,-1.768584367958578873e-01,6.641547151743252275e-01,-1.001357975425944957e+01,1.156475743888619068e+00,-2.341015523798728015e+00,-2.520951869803864098e-01,-1.768584367958578873e-01,6.641547151743252275e-01,-9.216729929553380884e+00,-2.868739843368529829e+00,2.442758973720314142e+00,3.788446270375757097e-01,-1.008532831566461008e-01,3.952147066593170166e-02
-9.654066016980991094e+00,4.204477172527040230e-01,1.884904918110458905e+00,2.646403806057616159e-01,1.160672349769013012e-01,-3.839497896207395011e-01,-1.065770258759451039e+01,-4.051451306128221574e+00,-8.219214274113567642e-01,-4.646050614527538203e-01,1.751147070818538098e-01,-9.465297670301510147e-01,-1.048401924188953949e+01,-4.322836255917379411e+00,2.510172643959292849e+00,9.704411139047630641e-01,3.813591063220939104e-02,6.681372555955340520e-01,-1.011980457669747935e+01,1.107788641494606985e+00,-2.352412339835507904e+00,-2.547474350785495223e-01,-2.038160383399905962e-01,6.759024730734141118e-01,-1.011980457669747935e+01,1.107788641494606985e+00,-2.352412339835507904e+00,-2.547474350785495223e-01,-2.038160383399905962e-01,6.759024730734141118e-01,-9.326585859613382823e+00,-2.887757933400710186e+00,2.457800409117322005e+00,3.827567605901798786e-01,-8.781288062604582223e-02,4.118555412411643857e-02
-9.904845290957997150e+00,3.645219377795672067e-01,2.099213869920828923e+00,2.513256662864288837e-01,1.528269077188164071e-01,-3.612363342743192818e-01,-1.070761786798789039e+01,-4.343919958142945958e+00,-2.454902219973767785e+00,-5.860330557257044104e-01,1.927755256409957874e-01,-1.206637835081455057e+00,-1.048867706684156076e+01,-6.182452122848602016e+00,6.724016308952363907e+00,1.656697538457291063e+00,1.758396138898878913e-01,4.217916278295182897e-01,-1.012651117347773955e+01,1.126435259983062043e+00,-2.172649076322413997e+00,-2.531510293483734131e-01,-2.251444838412862970e-01,6.863025933054057726e-01,-1.012651117347773955e+01,1.126435259983062043e+00,-2.172649076322413997e+00,-2.531510293483734131e-01,-2.251444838412862970e-01,6.863025933054057726e-01,-9.417432261929411297e+00,-2.883645828662623867e+00,2.532456404449875187e+00,3.917851820015870734e-01,-9.460396027021754362e-02,4.664983930227409314e-02
-1.033179791133586001e+01,3.192457920059568743e-01,2.598951763332774778e+00,2.791524711353499111e-01,1.753116055437984877e-01,-3.194700026445003171e-01,-1.151162938548007020e+01,-1.656817821203387942e+00,-2.712534106832054981e+00,-3.308205315689454751e-01,1.776208293208328126e-01,-1.309975115312713045e+00,-1.084025188110616966e+01,1.945075159354840988e+00,1.100400468632703088e+01,1.579632712420590002e+00,-3.314174473453511127e-01,3.713649471857687762e-02,-1.037137704095776947e+01,1.180784998096322980e+00,-2.096590201151535826e+00,-2.528812584628890026e-01,-2.430966104348835921e-01,6.970266312192905378e-01,-1.037137704095776947e+01,1.180784998096322980e+00,-2.096590201151535826e+00,-2.528812584628890026e-01,-2.430966104348835921e-01,6.970266312192905378e-01,-9.550397984719745992e+00,-2.871440940022865096e+00,2.646410099832121166e+00,3.983055405339713806e-01,-8.971526034296489760e-02,5.638464462962682749e-02
-1.087402395804113020e+01,1.330406987704375044e-01,3.359057937471670030e+00,3.444180531771561804e-01,1.727558132308724959e-01,-2.567870058405418154e-01,-1.348608812705420057e+01,6.550025546289841571e+00,-2.986256197016721181e+00,-5.761641057838279983e-02,8.568328099665499520e-02,-1.200271756566930081e+00,-1.676121697937895005e+00,9.382200996045433783e+00,1.068479020345628072e+01,7.524698542736868445e-01,-3.955314657866046968e-01,-3.376309524310409094e-01,-1.082291259580090070e+01,1.009267744762589958e+00,-2.072052443788860998e+00,-2.447999838573227949e-01,-2.788729955425918727e-01,7.221435401452788172e-01,-1.082291259580090070e+01,1.009267744762589958e+00,-2.072052443788860998e+00,-2.447999838573227949e-01,-2.788729955425918727e-01,7.221435401452788172e-01,-9.791934547458499338e+00,-2.840223027600182970e+00,2.730454828790438881e+00,4.053094661577629210e-01,-6.679465405736452477e-02,6.789725837648236118e-02
-1.146858888811878074e+01,-2.172380224928550096e-01,3.933543061044385780e+00,4.019996848772234843e-01,1.628321825935397094e-01,-1.710849401550471049e-01,-1.318233436178197060e+01,9.766996626602463039e+00,-3.004255593769133981e+00,-4.960199666905267812e-01,7.517234093418533047e-02,-1.180805863445377968e+00,4.946834677009172232e+00,6.050920097600845260e+00,1.105735263113968081e+01,2.393065414830652937e-01,5.391677367098961504e-01,-2.659729059024523723e-01,-1.120402746058950960e+01,6.861023280905016453e-01,-2.075733597926829876e+00,-2.124575013175598881e-01,-3.149378947032395182e-01,7.544755140024763662e-01,-1.120402746058950960e+01,6.861023280905016453e-01,-2.075733597926829876e+00,-2.124575013175598881e-01,-3.149378947032395182e-01,7.544755140024763662e-01,-1.014600999264074055e+01,-2.746578245603608970e+00,2.822700763227814047e+00,4.119541126856590130e-01,-4.009361875323468744e-02,8.214060960483660079e-02
-1.204416422653491026e+01,-9.051011405576209201e-01,3.872264261344611214e+00,4.214585647673650959e-01,1.725370493444247089e-01,-6.233077599114798806e-02,-1.268437784581396066e+01,5.192021367233449425e+00,-6.963110348333947375e-01,-1.093818094290037068e+00,1.625035223781748916e-01,-1.295520124599599088e+00,-4.680339041027239411e+00,1.160922136798661075e+00,1.063193120055484009e+01,2.697893629528684903e-02,9.873098800854382961e-01,-4.843172492508056315e-02,-1.144473380083069003e+01,5.373601036280504228e-01,-2.240234256843498972e+00,-1.751249801306966891e-01,-3.533590988924876775e-01,7.942653000240332828e-01,-1.144473380083069003e+01,5.373601036280504228e-01,-2.240234256843498972e+00,-1.751249801306966891e-01,-3.533590988924876775e-01,7.942653000240332828e-01,-1.041988464361329036e+01,-2.627210636109616804e+00,2.967877310114643841e+00,4.108784025028555109e-01,-2.669631153120026121e-02,1.020838642751352998e-01
-1.237795372853842046e+01,-1.724912009810986024e+00,3.156708891262995031e+00,4.103632817030075097e-01,1.820451161891626091e-01,4.055243553898871950e-02,-1.222895250183706928e+01,-1.799323109102078044e+00,1.348546179178367943e+00,-1.215462262485190070e+00,2.047379078830869059e-01,-1.455347615758151081e+00,-1.316362309770181938e+01,-2.166021146813809917e-01,8.522670416402920779e+00,-1.344898339367150975e-02,3.479911534643257975e-01,-1.803261208695211004e-01,-1.161299571793199981e+01,6.904495953140171727e-01,-2.224152220009659064e+00,-1.623880042939142010e-01,-3.875863003085285863e-01,8.348510462430215329e-01,-1.161299571793199981e+01,6.904495953140171727e-01,-2.224152220009659064e+00,-1.623880042939142010e-01,-3.875863003085285863e-01,8.348510462430215329e-01,-1.049295732707384055e+01,-2.429126311428763785e+00,3.193077330489813015e+00,4.060112766613502844e-01,-4.119731113123906163e-02,1.251076868441182988e-01
-1.216663857990818087e+01,-2.078640058903710841e+00,2.294974595705058018e+00,3.888546155886776767e-01,1.396299757605110881e-01,1.044329163888770007e-01,-1.172116371209476071e+01,-4.816608223222917040e+00,2.360316826878483099e+00,-9.164459649273144493e-01,2.186793368510021041e-01,-1.582315533819165010e+00,-8.461533988370568693e+00,4.791827965403787082e-01,8.370578269743639055e+00,-6.662660878756321986e-03,-1.046579793683090065e-01,-2.378223107310362128e-01,-1.183502182056638041e+01,9.493197220991870244e-01,-1.949550176405286939e+00,-1.811335600972648896e-01,-4.388654742818566268e-01,8.762477473612709788e-01,-1.183502182056638041e+01,9.493197220991870244e-01,-1.949550176405286939e+00,-1.811335600972648896e-01,-4.388654742818566268e-01,8.762477473612709788e-01,-1.029881483362201067e+01,-2.275916540952322098e+00,3.437218422256123951e+00,4.123112033543315791e-01,-6.505405996423986592e-02,1.461118714634999094e-01
-1.135342556772265965e+01,-1.877302321710772048e+00,1.904540816912331014e+00,3.773683390241064917e-01,4.707835624755073167e-02,1.070278090216444933e-01,-1.147953171371132086e+01,-1.225268918339923907e+00,2.602211427090415974e+00,-4.610761538628608824e-01,2.375748382620913868e-01,-1.585629096381552916e+00,-3.997332469319211157e+00,8.327405311459007420e-02,9.298210973229467768e+00,-2.766822658513539909e-02,-6.890004817067447995e-02,-7.991670168238296235e-02,-1.177366878775164061e+01,9.731950652916738775e-01,-1.702454545286699039e+00,-2.187939156295090060e-01,-4.849855945208593755e-01,9.194988851600954805e-01,-1.177366878775164061e+01,9.731950652916738775e-01,-1.702454545286699039e+00,-2.187939156295090060e-01,-4.849855945208593755e-01,9.194988851600954805e-01,-1.000448052891998074e+01,-2.151149848260296871e+00,3.519821063330609068e+00,4.410448314002911041e-01,-5.802737325658784140e-02,1.589224278911592070e-01
-1.035918168464930034e+01,-1.146159840329024071e+00,2.208238255883019807e+00,3.851087157596885246e-01,-2.203759121879290961e-02,5.006976965795754270e-02,-1.040386965770930949e+01,1.538757745448299019e+00,1.484697684092628034e+00,-3.430290831944691199e-01,3.263682248969502209e-01,-1.513994941450244935e+00,-4.400230527671957326e+00,-1.616215875467438057e+00,9.248426341045956178e+00,1.162396730847237991e-01,-6.199250442781067266e-02,4.683139654275374208e-02,-1.170126696681452039e+01,8.052698836335143717e-01,-1.476572362909422953e+00,-2.483306331875899942e-01,-5.085024678049511193e-01,9.662725366170437091e-01,-1.170126696681452039e+01,8.052698836335143717e-01,-1.476572362909422953e+00,-2.483306331875899942e-01,-5.085024678049511193e-01,9.662725366170437091e-01,-9.822815698290627395e+00,-2.086084556286603053e+00,3.347422438527277055e+00,4.610920200668965907e-01,1.286207378688862014e-02,1.554710213886550119e-01
-9.650299053348359024e+00,-2.478193427288978012e-01,2.715998744366570072e+00,3.901865761550699085e-01,-1.824531591222517887e-02,-3.625633490958617838e-02,-9.535250976765638597e+00,6.263716729721211518e-01,7.059292199134948875e-01,-4.459328523551385759e-01,3.784185784234184724e-01,-1.459661404413866936e+00,-4.743167752205264875e+00,-6.566592641284461074e-01,8.989781558155083729e+00,2.889914704653849253e-01,-1.376230480171083126e-01,1.094020947873111937e-01,-1.182867374312736963e+01,7.145831262949364771e-01,-1.266293094760017945e+00,-2.408454620030923976e-01,-5.373308740163300623e-01,1.029834510940683012e+00,-1.182867374312736963e+01,7.145831262949364771e-01,-1.266293094760017945e+00,-2.408454620030923976e-01,-5.373308740163300623e-01,1.029834510940683012e+00,-9.932814660083311153e+00,-2.151246315870927184e+00,2.916060256018246033e+00,4.771110403406549905e-01,1.018581626102964960e-01,1.396843213001602024e-01
-9.410221345750336752e+00,5.197312336845718583e-01,2.891468191250630149e+00,3.754331055637999959e-01,2.947190832029520161e-02,-1.256822077813793959e-01,-8.907191478223356995e+00,3.767230804996250793e-02,1.496578845926511137e-01,-4.952705479010032219e-01,4.237598910798063834e-01,-1.386825029018653899e+00,-4.266684493710918069e+00,8.328599429899645745e-01,9.107904157330914074e+00,3.103141602008572808e-01,-1.884764024326877896e-01,1.405475802959934017e-01,-1.167911343285845938e+01,8.789330124855041504e-01,-1.171812298660102947e+00,-2.325870356905495040e-01,-5.570434034366575915e-01,1.100885706354953975e+00,-1.167911343285845938e+01,8.789330124855041504e-01,-1.171812298660102947e+00,-2.325870356905495040e-01,-5.570434034366575915e-01,1.100885706354953975e+00,-1.024891918005580926e+01,-2.210913750994389915e+00,2.408745187846819125e+00,4.898092940405837092e-01,1.259246570101210105e-01,1.157068953732647010e-01
-9.545561418955607280e+00,1.100987789116461890e+00,2.686466119098394945e+00,3.434274393196510844e-01,5.401514362451331763e-02,-1.944220426032572113e-01,-9.316762265789208186e+00,2.662520088788474792e-01,-1.186418020449083954e+00,-5.047930023603978134e-01,4.344057158869665258e-01,-1.290637196216511962e+00,-4.010310991677343395e+00,9.624099281339841827e-01,9.139010873689825232e+00,3.086923855521013227e-01,-1.894773602100396914e-01,1.398937392979384131e-01,-1.155118466888520956e+01,8.543306872042643052e-01,-1.132213190037717032e+00,-2.269444876277502132e-01,-5.583722197698191003e-01,1.179382890233978909e+00,-1.155118466888520956e+01,8.543306872042643052e-01,-1.132213190037717032e+00,-2.269444876277502132e-01,-5.583722197698191003e-01,1.179382890233978909e+00,-1.049842927765024925e+01,-2.174256766146068109e+00,2.133523804665709900e+00,5.007269762320050166e-01,7.641337659034978802e-02,8.591774876926674964e-02
-9.857469792769547823e+00,1.333973307353772064e+00,2.330781106987922957e+00,2.946444375347714861e-01,3.685185187697150727e-02,-2.233715765097125938e-01,-1.003952314214975949e+01,-2.896465368556500053e-02,-2.142348609629169953e+00,-4.309434293212985878e-01,3.669896338525509005e-01,-1.194439895736199020e+00,-4.159566572368053272e+00,1.429347564547841953e+00,9.068546244015280422e+00,2.867546084175279231e-01,-1.889218797805183869e-01,9.183624150261046615e-02,-1.151763860550424923e+01,7.904984771511122110e-01,-1.138455584567074963e+00,-2.087946671076595095e-01,-5.589184111140836908e-01,1.258170438532973945e+00,-1.151763860550424923e+01,7.904984771511122110e-01,-1.138455584567074963e+00,-2.087946671076595095e-01,-5.589184111140836908e-01,1.258170438532973945e+00,-1.057568593185719941e+01,-2.075241332992189047e+00,2.077969363323783902e+00,5.014357006490329782e-01,3.037652160038292054e-02,5.910016864568708173e-02
-1.019756366567657935e+01,1.216137925682087007e+00,1.936815292245749109e+00,2.185939787113516941e-01,6.485983909572333103e-03,-2.214393205301883882e-01,-1.011769668664068078e+01,-5.483486729741279264e-01,-2.442296413965121982e+00,-2.945905626392401055e-01,3.184967415490275178e-01,-1.115430210684118961e+00,-3.712009967739017924e+00,1.681901462111967005e+00,9.110619733081222194e+00,2.036562594869416876e-01,-1.823831354741722033e-01,5.368410143941645257e-02,-1.150244731031438050e+01,7.963799236602679965e-01,-1.208707975764427900e+00,-1.933041341122120060e-01,-5.634517956485030066e-01,1.345235484475302945e+00,-1.150244731031438050e+01,7.963799236602679965e-01,-1.208707975764427900e+00,-1.933041341122120060e-01,-5.634517956485030066e-01,1.345235484475302945e+00,-1.054583401284459931e+01,-1.927393043218242008e+00,2.018281302785361220e+00,4.992994944857317985e-01,2.884122128853516126e-02,3.928177942237180004e-02
-1.036744534882338087e+01,9.095054635576089730e-01,1.660653820051271934e+00,1.284123959379623037e-01,-3.253468125343184775e-02,-2.101506666388711086e-01,-9.810542612031857956e+00,-2.875959179070871063e-01,-1.803010999332375075e+00,-1.465339693548400879e-01,3.017361588238204884e-01,-1.017380489777492958e+00,-3.487695016863403996e+00,1.211076936200528031e+00,9.137469319520825195e+00,1.584657140904003059e-01,-1.581258053390172946e-01,4.541624460657377182e-02,-1.153923776871656948e+01,7.201524615852248346e-01,-1.294069132049399995e+00,-1.786348089205813117e-01,-5.639746580887914362e-01,1.437605673161681086e+00,-1.153923776871656948e+01,7.201524615852248346e-01,-1.294069132049399995e+00,-1.786348089205813117e-01,-5.639746580887914362e-01,1.437605673161681086e+00,-1.046852419780094934e+01,-1.740227627537549893e+00,1.878579195659870971e+00,4.905169217210870181e-01,3.263791021196588843e-02,2.195588546249245890e-02
-1.024962976148822946e+01,6.457627241565402354e-01,1.739719796086127035e+00,2.957619617087700950e-02,-7.117353538073895036e-02,-1.935407819003953922e-01,-9.051611804144339857e+00,3.976273080473533700e-02,-2.207108755324083127e+00,-2.825225548098490858e-02,2.911646684473643276e-01,-9.246481112247999512e-01,-3.578765984581234960e+00,1.700678973318167975e+00,9.035475392416682183e+00,1.254055831239483942e-01,-1.595953345931966083e-01,-1.912221216589390926e-02,-1.170743546139764923e+01,6.529046458313427781e-01,-1.333677929489488045e+00,-1.711589592055769993e-01,-5.594340399214803305e-01,1.523588204884434028e+00,-1.170743546139764923e+01,6.529046458313427781e-01,-1.333677929489488045e+00,-1.711589592055769993e-01,-5.594340399214803305e-01,1.523588204884434028e+00,-1.026913928985596058e+01,-1.601882629924350043e+00,1.738876779874166001e+00,4.748510453436110001e-01,2.812789194285869945e-02,1.483538633005486961e-02
-9.977723913808022260e+00,4.226836869679105879e-01,2.098524827103827040e+00,-7.494960296841855774e-02,-7.816183844870228103e-02,-1.683871004724740994e-01,-8.984689841666538612e+00,8.575493423631763701e-02,-2.550983251628780923e+00,4.516639679948789010e-02,2.808662840716744102e-01,-8.547340164977367261e-01,-3.272559209811155778e+00,1.792922536394746080e+00,9.057063672949091426e+00,5.075384037334546711e-02,-1.599871301751714936e-01,-4.085009089226158269e-02,-1.202161873822693039e+01,5.369663668109102561e-01,-1.312096612257855011e+00,-1.556180502428343992e-01,-5.562431951742783376e-01,1.616536780400327000e+00,-1.202161873822693039e+01,5.369663668109102561e-01,-1.312096612257855011e+00,-1.556180502428343992e-01,-5.562431951742783376e-01,1.616536780400327000e+00,-9.999220106336805358e+00,-1.489303257730272056e+00,1.766004376941257004e+00,4.519452088408998924e-01,2.753447720574007940e-02,1.471670344471930937e-02
-9.719477166229916421e+00,1.577275315614083961e-01,2.581288504719536192e+00,-1.475739209097020055e-01,-7.749341731147456336e-02,-1.352972645228152915e-01,-9.901122904287749549e+00,-1.236554372557847059e-01,-1.363553817798343060e+00,1.077768226052576023e-01,2.423021946268331117e-01,-7.771226559854811367e-01,-3.453181141304417778e+00,1.017401822021001045e+00,9.033145762826451985e+00,2.589858600407988001e-02,-1.445513122955723873e-01,-6.003115109457519277e-04,-1.222590220139323058e+01,4.608107148319162127e-01,-1.193104897592839997e+00,-1.144882996671028053e-01,-5.578352759052898069e-01,1.716402419426473980e+00,-1.222590220139323058e+01,4.608107148319162127e-01,-1.193104897592839997e+00,-1.144882996671028053e-01,-5.578352759052898069e-01,1.716402419426473980e+00,-9.727997625823029182e+00,-1.369966211757118080e+00,1.820249744470936903e+00,4.182464457440016048e-01,3.524696393430019198e-02,1.910691393912601968e-02
-9.536138403189834634e+00,-6.055572340565341938e-02,3.120060384792361141e+00,-1.796998708860360061e-01,-1.000074578503492989e-01,-9.958960534599398118e-02,-1.014310183039214053e+01,9.324631162075525115e-02,-4.143891360627890985e-01,6.190444291004205263e-02,2.803726576715021013e-01,-7.263985002767228139e-01,-3.797671330017855951e+00,8.025070458452212563e-01,9.005882358404530663e+00,4.079416814830995330e-02,-1.307685306697274896e-01,1.154507555428051051e-02,-1.236639357424875030e+01,5.007972802042304217e-01,-1.043329093171863065e+00,-6.641027579387050184e-02,-5.562427850290189157e-01,1.818141834372428933e+00,-1.236639357424875030e+01,5.007972802042304217e-01,-1.043329093171863065e+00,-6.641027579387050184e-02,-5.562427850290189157e-01,1.818141834372428933e+00,-9.497394188282783034e+00,-1.257379702745822891e+00,1.850095928745467910e+00,3.769441808541352246e-01,4.236886163951950057e-02,2.195603686769142041e-02
-9.382720151540183906e+00,-2.453277151124297062e-01,3.488903377572750930e+00,-1.898158664959241904e-01,-1.294739284665518131e-01,-5.948501700886107968e-02,-1.010493746356775979e+01,4.551316082790354267e-01,-8.757675247996163925e-01,-2.067405315687977085e-02,3.104190931427909805e-01,-6.858091356811366612e-01,-3.688338906362483183e+00,8.033542929668516797e-01,9.066915141869397843e+00,5.559891869995727681e-02,-1.161962457065101040e-01,2.131606314191112142e-02,-1.256783121473289988e+01,6.991660628206475270e-01,-7.502396437704288434e-01,-8.180382307208751425e-03,-5.650862967790973856e-01,1.918525848947790102e+00,-1.256783121473289988e+01,6.991660628206475270e-01,-7.502396437704288434e-01,-8.180382307208751425e-03,-5.650862967790973856e-01,1.918525848947790102e+00,-9.258692664128480132e+00,-1.100061600909836956e+00,1.874509064119481039e+00,3.350518329850266097e-01,3.216652015912369739e-02,2.824487442737899992e-02
-9.237911755038846096e+00,-5.863694427177287283e-01,3.588976621627808061e+00,-1.863406546589385926e-01,-1.501038908973695019e-01,-1.933672914509906859e-02,-9.821348885453557997e+00,2.823796080353622173e-01,-1.272687072349879100e+00,-6.658417947469243148e-02,3.232352228158875129e-01,-6.452247032615083810e-01,-3.896558703395932799e+00,9.350649210821343482e-01,9.141321403212383956e+00,6.154456500324510804e-02,-1.025152542517237947e-01,-1.202828949913418077e-03,-1.278448882872569925e+01,8.759987692773136825e-01,-4.546081979334560819e-01,6.795965679944454552e-02,-5.880359530326850770e-01,2.016010395576993020e+00,-1.278448882872569925e+01,8.759987692773136825e-01,-4.546081979334560819e-01,6.795965679944454552e-02,-5.880359530326850770e-01,2.016010395576993020e+00,-9.040378540322187462e+00,-9.527084827423095703e-01,1.852606192447243005e+00,2.970844796817758149e-01,2.485379684212005863e-02,3.788052656765387299e-02
-9.103639955543821216e+00,-1.051888133795056968e+00,3.568160088743089986e+00,-1.741532079678070888e-01,-1.649106468179994123e-01,1.622428047773162921e-02,-9.722691563298708317e+00,8.047571926312255264e-02,-1.328740899472180992e+00,-5.106706433036334314e-02,3.357793895227016989e-01,-6.050207786669332677e-01,-3.990059924464394836e+00,9.483869870936048052e-01,9.133167314572141038e+00,5.884998190266427232e-02,-1.135814480686652000e-01,-6.930683813602948884e-02,-1.294291493737955001e+01,1.087190131974498097e+00,-5.133202760271144971e-01,1.718633768463294076e-01,-5.954737610705878037e-01,2.126026428479720121e+00,-1.294291493737955001e+01,1.087190131974498097e+00,-5.133202760271144971e-01,1.718633768463294076e-01,-5.954737610705878037e-01,2.126026428479720121e+00,-8.849951606410709104e+00,-8.706562498630634472e-01,1.807398710313097956e+00,2.629740504709570104e-01,2.742791407397634010e-02,5.080413884722365797e-02
-9.004057019903179082e+00,-1.527950567950117966e+00,3.510725452053931051e+00,-1.513078104470000074e-01,-1.781887143346753966e-01,5.040312333807876050e-02,-9.835062985167590810e+00,-1.844077134654611982e-02,-1.296478115111810991e+00,-2.950051167132660117e-03,3.429845345120983158e-01,-5.719046032898622567e-01,-3.329423932802110020e+00,8.946282593976884190e-01,9.127940859113419236e+00,8.028911142831757219e-02,-1.159957638453869982e-01,-3.809727187312784286e-02,-1.298884132060078933e+01,1.443156305324339916e+00,-1.105781674758886890e+00,2.734745472009700862e-01,-5.748886948630917981e-01,2.235733858315049893e+00,-1.298884132060078933e+01,1.443156305324339916e+00,-1.105781674758886890e+00,2.734745472009700862e-01,-5.748886948630917981e-01,2.235733858315049893e+00,-8.783577113920131296e+00,-7.736971371229717231e-01,1.785508198601353014e+00,2.345751624775213873e-01,3.826911982963002862e-02,6.469042922845037735e-02
-8.910013991424975188e+00,-1.886051622625809054e+00,3.465237259590201901e+00,-1.121541517818862022e-01,-1.958600901446745923e-01,7.547488216132436367e-02,-9.983793487587918847e+00,-1.268322201995878973e-01,-1.348401241591389965e+00,8.427531429353743442e-02,3.442513000435266091e-01,-5.393964741009212860e-01,-3.327624376034073794e+00,1.034709046885770034e+00,9.128816030798443393e+00,9.544686247776675014e-02,-1.044753284591589948e-01,2.771948113785760101e-02,-1.309854412078857955e+01,7.795736663276211509e-01,-1.969206382937755961e+00,2.929406450251647032e-01,-5.332170163004201768e-01,2.314456410915865181e+00,-1.309854412078857955e+01,7.795736663276211509e-01,-1.969206382937755961e+00,2.929406450251647032e-01,-5.332170163004201768e-01,2.314456410915865181e+00,-8.813035755289281070e+00,-6.907821674007632584e-01,1.737389700474383902e+00,2.086611841782634036e-01,5.344170078278608765e-02,7.935980099556327882e-02
-8.772419223648672215e+00,-2.099104603558886062e+00,3.517110490457131977e+00,-5.787906230938050234e-02,-2.232888331603405940e-01,8.938368164189827714e-02,-9.939613376458281024e+00,2.853601542545807987e-02,-1.453936997172714962e+00,1.412393813063672898e-01,3.303873921282797221e-01,-5.182406249514985852e-01,-3.599750999054173839e+00,1.056246662545802018e+00,9.100039591498699565e+00,9.341220518300397124e-02,-9.844858065167422234e-02,3.738517314195632935e-02,-1.304645671622328962e+01,-7.273818589532389245e-01,-2.597403559720762090e+00,3.272527161388196770e-01,-4.784751248721290096e-01,2.358240494635931217e+00,-1.304645671622328962e+01,-7.273818589532389245e-01,-2.597403559720762090e+00,3.272527161388196770e-01,-4.784751248721290096e-01,2.358240494635931217e+00,-8.861862480731970138e+00,-6.354975191541532009e-01,1.685334258182074052e+00,1.806708006803431910e-01,5.218131744235571245e-02,9.195628632918664835e-02
-8.634528047295027875e+00,-2.207593020572457210e+00,3.613107065573387899e+00,1.330399455162143991e-03,-2.516923772978952867e-01,9.035611916400199117e-02,-9.765922546386718750e+00,3.414775292732363798e-01,-1.490223759650084911e+00,1.229235610367011983e-01,3.363024522424614138e-01,-5.013183831573372329e-01,-3.507891750970418165e+00,1.094563338998550073e+00,9.094515800476074219e+00,8.942049853317748931e-02,-8.161644680974090849e-02,3.212263500519382114e-02,-1.283588771068066947e+01,-1.336076226712981985e+00,-2.908774798916232029e+00,4.580784456063343169e-01,-4.215967925432335117e-01,2.395085985088007074e+00,-1.283588771068066947e+01,-1.336076226712981985e+00,-2.908774798916232029e+00,4.580784456063343169e-01,-4.215967925432335117e-01,2.395085985088007074e+00,-8.946601762566514182e+00,-6.046227479493746504e-01,1.618549814925581920e+00,1.526163315912636986e-01,2.977933709119115827e-02,1.005638204257471996e-01
-8.526324099537292867e+00,-2.220084727024091986e+00,3.622273461793059202e+00,5.218993178418566969e-02,-2.548757625683660821e-01,7.909270848638268181e-02,-9.759657928392591941e+00,5.508907020076755368e-01,-1.743474628664754000e+00,6.296440381423260013e-02,3.324947010526457247e-01,-4.875405942780421942e-01,-3.444544093278024022e+00,1.238729561834047033e+00,9.087833600842641246e+00,7.248802230341948316e-02,-5.938912910364922693e-02,1.841720944691089060e-02,-1.264372298251524995e+01,-5.453848461633026279e-01,-3.345292473852473858e+00,5.476845150397923190e-01,-3.631259632960455730e-01,2.426850357541472825e+00,-1.264372298251524995e+01,-5.453848461633026279e-01,-3.345292473852473858e+00,5.476845150397923190e-01,-3.631259632960455730e-01,2.426850357541472825e+00,-9.017323015960768018e+00,-5.712339734277391834e-01,1.545312256662302097e+00,1.240616847975418990e-01,1.379145205885832018e-02,1.064693070371187933e-01
-8.442540493692582970e+00,-2.126330277838293092e+00,3.483303539276611183e+00,9.401519168118241399e-02,-2.318897864702766098e-01,6.353298893383610424e-02,-9.641354141582096915e+00,3.459082034089442925e-01,-1.930640434153543028e+00,2.248566648230717127e-02,3.171076712100426853e-01,-4.760665598660115960e-01,-3.432589633935058782e+00,1.320708843393177956e+00,9.068945648757775757e+00,4.860804092511390728e-02,-4.611081900483939705e-02,2.497221077041972184e-03,-1.254305030087354922e+01,3.911244446345921166e-01,-3.720121758507877185e+00,5.222685147654808624e-01,-3.161454904944666078e-01,2.442854166030883789e+00,-1.254305030087354922e+01,3.911244446345921166e-01,-3.720121758507877185e+00,5.222685147654808624e-01,-3.161454904944666078e-01,2.442854166030883789e+00,-9.033478736877441406e+00,-4.987176583866966828e-01,1.427203736078811014e+00,9.208423998666973032e-02,1.382262313672428036e-02,1.094535001353694054e-01
-8.397028688188246548e+00,-1.965945366387910953e+00,3.289616113069925074e+00,1.268670702846151910e-01,-2.044044269354033105e-01,4.690125191321613263e-02,-9.593769531650313098e+00,1.953184455633162897e-01,-1.964142077653219021e+00,2.377264558008436099e-02,2.942620181872591112e-01,-4.698756809868652740e-01,-3.441334472823252888e+00,1.356175012989528028e+00,9.064573436288789310e+00,2.617823543705148984e-02,-4.097233002807962321e-02,-8.948814544466233631e-03,-1.240859181167190073e+01,9.034556438351324381e-01,-3.549041980270782215e+00,4.437446679910899139e-01,-2.825015091864014893e-01,2.435355109959730147e+00,-1.240859181167190073e+01,9.034556438351324381e-01,-3.549041980270782215e+00,4.437446679910899139e-01,-2.825015091864014893e-01,2.435355109959730147e+00,-8.961675347477262576e+00,-4.401869939568863188e-01,1.292914165285725892e+00,6.132571408321221829e-02,1.024196644802127971e-02,1.092338734259298005e-01
-8.372611399452466685e+00,-1.815837553669513937e+00,3.168923414792566007e+00,1.564625340281322885e-01,-1.787664918134815040e-01,3.163032809316036059e-02,-9.574958431081268984e+00,1.984285125867792932e-01,-1.942843140568047966e+00,2.938425232065028023e-02,2.834197849039077899e-01,-4.682297317010464255e-01,-3.430280208587646040e+00,1.380588134668951028e+00,9.090139086201022067e+00,4.333155279394783344e-03,-3.893701706840228122e-02,-1.866230484740455040e-02,-1.203003657566116047e+01,1.000975812223100947e+00,-3.210359571777241960e+00,3.543135871032049855e-01,-2.523342075977518251e-01,2.401166279622365174e+00,-1.203003657566116047e+01,1.000975812223100947e+00,-3.210359571777241960e+00,3.543135871032049855e-01,-2.523342075977518251e-01,2.401166279622365174e+00,-8.908898392387566645e+00,-3.823913734512069951e-01,1.194547704793559983e+00,4.005923465138388345e-02,1.718222477268556078e-02,1.065955204192653022e-01
-8.327388046340825412e+00,-1.695436695448508946e+00,3.137302637100220171e+00,1.831884485480118063e-01,-1.543462622168731979e-01,2.138688412689996113e-02,-9.652939318695127113e+00,2.569788818465875146e-01,-1.972612049383404953e+00,3.973966648543016816e-02,2.694777231255794936e-01,-4.759258314839370785e-01,-3.430280208587646040e+00,1.358254469480066007e+00,9.100045134098721178e+00,-1.352116787663350077e-02,-3.903763878718161107e-02,-2.992673289556707986e-02,-1.145015843290229007e+01,1.056163023509304910e+00,-2.892917009866544209e+00,2.961290353630440797e-01,-2.288383317008207962e-01,2.351760063375230914e+00,-1.145015843290229007e+01,1.056163023509304910e+00,-2.892917009866544209e+00,2.961290353630440797e-01,-2.288383317008207962e-01,2.351760063375230914e+00,-8.935087823648057537e+00,-3.213584871473401106e-01,1.109101690454965983e+00,3.210842490522405196e-02,5.876535589244508140e-02,1.018210672837798064e-01
-8.294099367638210651e+00,-1.620260168989203997e+00,3.178911492407765049e+00,2.012231096926631047e-01,-1.302436345414428875e-01,1.512452998273179985e-02,-9.596263170120231223e+00,2.679409485976023131e-01,-1.865013741403130920e+00,4.254242020510842770e-02,2.553417384853378103e-01,-4.875107707424281012e-01,-3.436957459234911028e+00,1.257157832338329895e+00,9.101192790303421987e+00,-2.321608055762553954e-02,-3.952147066593170166e-02,-3.641738720320229772e-02,-1.085213168242377080e+01,1.443756705421822994e+00,-2.502317562081298075e+00,2.686205741287011062e-01,-2.138971455997981941e-01,2.290069480920168044e+00,-1.085213168242377080e+01,1.443756705421822994e+00,-2.502317562081298075e+00,2.686205741287011062e-01,-2.138971455997981941e-01,2.290069480920168044e+00,-9.055699552808489372e+00,-2.334032951412113033e-01,1.077486209331020017e+00,3.647207971318938008e-02,1.126748247046349960e-01,9.648032719913166022e-02
-8.274958113002618632e+00,-1.585301156340694018e+00,3.231350079096777961e+00,2.138949901708764867e-01,-1.008231162380095053e-01,9.177237346810349083e-03,-9.630626776727110538e+00,2.488932146845866944e-01,-1.583853188297071890e+00,1.846488958214402912e-02,2.568995869603700744e-01,-4.963279388426329874e-01,-3.495905330623044982e+00,1.076136039569020042e+00,9.106722831726074219e+00,-1.920874910278906958e-02,-4.068997852586273695e-02,-3.329539257571428879e-02,-1.034856250718508974e+01,1.800627160282884054e+00,-2.185078239160174185e+00,2.459497509838202978e-01,-2.155003654282421910e-01,2.204336277306132796e+00,-1.034856250718508974e+01,1.800627160282884054e+00,-2.185078239160174185e+00,2.459497509838202978e-01,-2.155003654282421910e-01,2.204336277306132796e+00,-9.247032119998031874e+00,-1.716395618171586979e-01,1.056308317608614988e+00,4.944349944345489967e-02,1.490899422715571965e-01,8.878505190184277085e-02
-8.306016597066694374e+00,-1.567820870508598974e+00,3.274905793693998035e+00,2.226107226975302944e-01,-6.710437366744398391e-02,3.981936991674393800e-03,-9.842888899845643635e+00,1.098666265606880049e-01,-1.527166138626768976e+00,5.358240807489041135e-03,2.667655329664914143e-01,-5.105378894365205644e-01,-3.526795982917862116e+00,9.498903044798137074e-01,9.106722831726074219e+00,-6.292558112235356604e-03,-4.165776446461678245e-02,-2.289888047116673056e-02,-9.799282355242610265e+00,1.769942181267863068e+00,-2.212746528985863215e+00,3.245495891058315929e-01,-2.117508703845620011e-01,2.081226094893413148e+00,-9.799282355242610265e+00,1.769942181267863068e+00,-2.212746528985863215e+00,3.245495891058315929e-01,-2.117508703845620011e-01,2.081226094893413148e+00,-9.400711680380190671e+00,-1.407562247845209058e-01,1.130566734183114042e+00,6.361078193729975683e-02,1.593723557112267097e-01,7.710146144724801254e-02
-8.441658114507999855e+00,-1.555614105155390892e+00,3.302932338780522059e+00,2.326593314413376024e-01,-3.656560429779615734e-02,3.162603600010757817e-04,-9.912411689758300781e+00,1.104869182924523990e-01,-1.549099593679470921e+00,2.617830310661035942e-02,2.619675963670758945e-01,-5.302897890841138384e-01,-3.495709934664334106e+00,9.144145073001956892e-01,9.100048967098736341e+00,1.051165756859605976e-02,-3.990582204569288749e-02,-1.533842236254243964e-02,-9.280527886547291772e+00,1.437314320828168901e+00,-2.429152879705200885e+00,5.653822850924699051e-01,-1.994852543136579892e-01,1.929560184951752078e+00,-9.280527886547291772e+00,1.437314320828168901e+00,-2.429152879705200885e+00,5.653822850924699051e-01,-1.994852543136579892e-01,1.929560184951752078e+00,-9.517059519324194028e+00,-1.253106900064087925e-01,1.294264456966655930e+00,7.906741694411430210e-02,1.665016895234240901e-01,6.271303592090218815e-02
-8.680216569288980111e+00,-1.508744744077834099e+00,3.287408536334631926e+00,2.460827755207871115e-01,-1.364858559255665085e-02,-4.615470467586607769e-04,-9.918599779155396590e+00,1.189799880960844963e-01,-1.527163013335196995e+00,3.777895957094184326e-02,2.669827990268233142e-01,-5.398478090488415537e-01,-3.452417048482725015e+00,8.766549935600873589e-01,9.094515800476074219e+00,3.090478455878839167e-02,-3.728550842321973202e-02,-5.711234561120571811e-03,-8.841089670925462940e+00,1.269632439306926042e+00,-2.124038223022688854e+00,7.640542411538678857e-01,-2.371485059078509983e-01,1.812901012069191076e+00,-8.841089670925462940e+00,1.269632439306926042e+00,-2.124038223022688854e+00,7.640542411538678857e-01,-2.371485059078509983e-01,1.812901012069191076e+00,-9.564129485800799912e+00,-1.310440479858452911e-01,1.423544424879829906e+00,9.665841998123075873e-02,1.750463619265593129e-01,4.619011271525159251e-02
-8.981766963456754738e+00,-1.449368187847714040e+00,3.209196895925558124e+00,2.611810029682232193e-01,-9.586531068048170096e-03,6.065417021032303100e-04,-1.003077388462704000e+01,5.979971515478642308e-02,-1.553433428403816929e+00,6.710576623418858244e-02,2.655357441421296039e-01,-5.483928614941770974e-01,-3.490332881609599092e+00,9.345883025277046396e-01,9.087842977175149883e+00,5.168265787263710831e-02,-3.514933690936120764e-02,4.571213296824885169e-03,-8.349743459192048078e+00,1.651228981501434045e+00,-1.870688880770029039e+00,9.821958679037852136e-01,-2.950760804972116791e-01,1.767777926314888948e+00,-8.349743459192048078e+00,1.651228981501434045e+00,-1.870688880770029039e+00,9.821958679037852136e-01,-2.950760804972116791e-01,1.767777926314888948e+00,-9.588541377053040549e+00,-1.522183410168213014e-01,1.560302385871302988e+00,1.179535663081743985e-01,1.835904473606455867e-01,2.988667488641703895e-02
-9.243672202974138941e+00,-1.428266167640686035e+00,3.071625754935130015e+00,2.784136663106874798e-01,-3.464768642842357832e-02,4.617613734306048922e-04,-9.956314678336207535e+00,3.723797316287028036e-02,-1.610761477965243937e+00,1.049034373851183005e-01,2.572080933541009973e-01,-5.567205405741979529e-01,-3.440072218465175968e+00,1.007678723558030009e+00,9.088979784785960803e+00,6.847342947429065074e-02,-3.709957867567081208e-02,1.097965191713115921e-02,-7.855417221433617314e+00,2.636999115965882989e+00,-1.580874333916354901e+00,1.077484650362837915e+00,-2.865258729952270822e-01,1.741345977209435958e+00,-7.855417221433617314e+00,2.636999115965882989e+00,-1.580874333916354901e+00,1.077484650362837915e+00,-2.865258729952270822e-01,1.741345977209435958e+00,-9.603987101951869221e+00,-2.214724839580589910e-01,1.697818203730516951e+00,1.411686163258304982e-01,1.921353432737553935e-01,1.857321960179167050e-02
-9.401022382229339058e+00,-1.428266167640686035e+00,2.961448611751678950e+00,2.977827151295959207e-01,-6.460899606736207612e-02,-1.818804716270777970e-03,-9.862347313189923526e+00,4.636094423360682948e-02,-1.602255680764604895e+00,1.302179296518979901e-01,2.526110082723627137e-01,-5.605615967522048493e-01,-3.610531660543609078e+00,9.998725992377086591e-01,9.107857279330721312e+00,8.002371237128286241e-02,-2.901473441969506031e-02,3.962894082970676995e-03,-7.492259970642640710e+00,3.811762849088058847e+00,-1.831171472506228026e+00,9.800094633390485921e-01,-2.635674288838006918e-01,1.714638673387965051e+00,-7.492259970642640710e+00,3.811762849088058847e+00,-1.831171472506228026e+00,9.800094633390485921e-01,-2.635674288838006918e-01,1.714638673387965051e+00,-9.652055103271734993e+00,-3.158739895021362987e-01,1.823108622675086110e+00,1.670169506402219006e-01,2.093084504156121906e-01,9.746199398293676347e-03
-9.503960368453814311e+00,-1.435194939054468044e+00,2.888204143160864934e+00,3.192900637373580208e-01,-8.265183391636052312e-02,-1.108593059583536967e-02,-9.838550976832831196e+00,4.309782337757849316e-03,-1.668826360917371909e+00,1.485802918077430979e-01,2.412304869918291128e-01,-5.561279179618960899e-01,-4.081050745796702017e+00,1.042160404608861057e+00,9.032218744396843135e+00,6.278926178500196520e-02,-3.371836180929473764e-02,-1.093264917748754950e-01,-6.958219885826110840e+00,3.192235887050629106e+00,-2.468947350978850874e+00,8.032471686601638794e-01,-2.982802689075469971e-01,1.607295393943787065e+00,-6.958219885826110840e+00,3.192235887050629106e+00,-2.468947350978850874e+00,8.032471686601638794e-01,-2.982802689075469971e-01,1.607295393943787065e+00,-9.748936935711896012e+00,-4.224811562972444756e-01,1.918271602809803023e+00,1.952849759570191024e-01,2.217566739726307967e-01,2.771059564796000095e-03
-9.573904664468837922e+00,-1.468188709835485994e+00,2.828817249626240926e+00,3.423274357655813893e-01,-9.714402329926299928e-02,-2.557811957602310060e-02,-9.818956756689447118e+00,8.668303485489159410e-02,-1.837882123468902895e+00,1.492083379020157918e-01,2.174173650394614077e-01,-5.487586516554615601e-01,-3.096517568725960956e+00,1.079789549219138056e+00,9.093621393136348985e+00,6.412004330755805004e-02,-2.327008914541981929e-02,-9.383074000393863690e-02,-5.728378231510468765e+00,1.248214424503272024e+00,-2.923677059045662219e+00,6.016407846435608553e-01,-3.751845618460312726e-01,1.336530342490209966e+00,-5.728378231510468765e+00,1.248214424503272024e+00,-2.923677059045662219e+00,6.016407846435608553e-01,-3.751845618460312726e-01,1.336530342490209966e+00,-9.831910120177377976e+00,-5.144173660402839854e-01,2.003720537674957836e+00,2.233396946880308043e-01,2.148995270606376129e-01,-2.853316555340444042e-03
-9.622730608253768025e+00,-1.468519509822781899e+00,2.828486501186433966e+00,3.621878277877069174e-01,-9.936700493352873531e-02,-4.901777101618889909e-02,-9.669491686945502096e+00,1.018830600585187984e-01,-1.967848353488470980e+00,1.216010818609856020e-01,2.082350831908015010e-01,-5.433648119461700343e-01,-2.946576238944925930e+00,1.180947960208843073e+00,9.137696626624880025e+00,7.894409317358741518e-02,4.942217340143835458e-04,6.625715661762954234e-03,-4.428249713889892192e+00,6.655129081947768199e-01,-2.716206624577488959e+00,3.159726679447181774e-01,-4.456768925990804986e-01,9.995675995236351641e-01,-4.428249713889892192e+00,6.655129081947768199e-01,-2.716206624577488959e+00,3.159726679447181774e-01,-4.456768925990804986e-01,9.995675995236351641e-01,-9.905154468460199979e+00,-6.088325436214148123e-01,2.062282282819030144e+00,2.487586567295677897e-01,2.036503384693792995e-01,-1.525269160347600059e-02
-9.643848419189453125e+00,-1.431899319092432954e+00,2.830470512783716863e+00,3.756404524994275129e-01,-9.128425456583499908e-02,-8.074264850703968821e-02,-9.698818089622106342e+00,-6.786247494954464332e-02,-2.005625947299197964e+00,9.902170209139242452e-02,2.066297338751535984e-01,-5.366874144819956394e-01,-3.496653869832043959e+00,1.209559576684124060e+00,9.082307815551757812e+00,7.505761808918429145e-02,7.091041301347075082e-03,9.891716162523914516e-03,-4.434339284896850586e+00,-1.477095797657967058e+00,-2.154606729745864868e+00,-1.620914321392775137e-01,-5.063020661473274231e-01,6.016342639923095703e-01,-4.434339284896850586e+00,-1.477095797657967058e+00,-2.154606729745864868e+00,-1.620914321392775137e-01,-5.063020661473274231e-01,6.016342639923095703e-01,-9.951508642158566786e+00,-7.154551100804142916e-01,2.093185165876982889e+00,2.709731797011034060e-01,1.914002766486503082e-01,-2.863817411072884164e-02
-9.671550432678253983e+00,-1.360655225189804973e+00,2.833761056182876992e+00,3.863203812696637263e-01,-7.365066594641349329e-02,-1.102145659571143049e-01,-9.819029510417962570e+00,-4.290921023631487086e-01,-1.838429904341148058e+00,1.142394510934704038e-01,1.952037378874761087e-01,-5.249941065350497427e-01,-3.462580899613683982e+00,1.146369342414575998e+00,9.082307815551757812e+00,7.555084614137765053e-02,1.204533889268914922e-02,3.886373785014351091e-03,-4.595927827369232332e+00,-4.504963151137766353e+00,-1.244742594327429064e+00,-3.845069591076142879e-01,-5.450129935635216194e-01,1.477719246654466134e-01,-4.595927827369232332e+00,-4.504963151137766353e+00,-1.244742594327429064e+00,-3.845069591076142879e-01,-5.450129935635216194e-01,1.477719246654466134e-01,-9.943319209371956902e+00,-7.984179116924735586e-01,2.099673271179199219e+00,2.884116748012726106e-01,1.778008142662133861e-01,-3.988535579228175837e-02
-9.720378060756610594e+00,-1.256074751542116008e+00,2.837400028058805201e+00,3.933658497103990070e-01,-4.908420261166843851e-02,-1.405528557791231870e-01,-9.904480684249143962e+00,-4.553273818200512246e-01,-1.751768587081784956e+00,1.336253969484240967e-01,1.895956873352016014e-01,-5.145264473241595304e-01,-3.493483272565673925e+00,1.141954723865755028e+00,9.095640439591649695e+00,7.972468028900810133e-02,1.728725889998097148e-02,4.174144517990850158e-03,-4.425381422683675403e+00,-5.218484541037224922e+00,-1.216271703326868986e-01,-3.447608711143377858e-01,-5.359563539599725424e-01,-2.594083103341878194e-01,-4.425381422683675403e+00,-5.218484541037224922e+00,-1.216271703326868986e-01,-3.447608711143377858e-01,-5.359563539599725424e-01,-2.594083103341878194e-01,-9.927864910316687386e+00,-8.985483185641516268e-01,2.117596162325471099e+00,3.052184205784135851e-01,1.741080880165100098e-01,-5.448770935710024743e-02
-9.789981050953951325e+00,-1.132360505139218931e+00,2.783644172029338115e+00,3.903673647285559878e-01,-2.269947436481664985e-02,-1.712411968763423997e-01,-9.980767828589272028e+00,-2.917557002006587741e-01,-1.868343644549891991e+00,1.350132320915513884e-01,1.788072832771832044e-01,-5.080106532152530718e-01,-3.454695224761962891e+00,1.160826718305238980e+00,9.100057633298773041e+00,8.351212408087034522e-02,2.505888755585958944e-02,7.287002114716640590e-03,-4.913548680677575220e+00,-4.656943133044596728e+00,1.135601006467342966e+00,-3.535306710870034785e-01,-5.845649702788253688e-01,-5.680518847090491041e-01,-4.913548680677575220e+00,-4.656943133044596728e+00,1.135601006467342966e+00,-3.535306710870034785e-01,-5.845649702788253688e-01,-5.680518847090491041e-01,-9.951497072937971922e+00,-9.546411107698303811e-01,2.133047679668501839e+00,3.207382346308685905e-01,1.780278659004947972e-01,-7.129141953083707739e-02
-9.889268723276320117e+00,-1.005019458638986007e+00,2.628971295306095080e+00,3.842463840042812939e-01,-7.652575812297404689e-03,-1.970485930679000963e-01,-9.887996673583984375e+00,-2.728393017124248199e-01,-1.876274648402971090e+00,1.223024470870127944e-01,1.666845129601371989e-01,-4.994120910700802218e-01,-3.488014315942422172e+00,1.178574594037870904e+00,9.087851643852214778e+00,8.545182645320892334e-02,3.340665391912978760e-02,6.599876683138137384e-03,-5.075192430177144054e+00,-4.181084974160286905e+00,1.946987825365847025e+00,-2.223932117416370091e-01,-6.497040350001095366e-01,-8.190585689143091708e-01,-5.075192430177144054e+00,-4.181084974160286905e+00,1.946987825365847025e+00,-2.223932117416370091e-01,-6.497040350001095366e-01,-8.190585689143091708e-01,-9.943321702972049536e+00,-9.912642832373766977e-01,2.181094620600505074e+00,3.356927031973782061e-01,1.700410343741899921e-01,-8.289434406641671416e-02
-9.957594200823773889e+00,-9.244873478390653876e-01,2.476837230961688174e+00,3.787625882482748008e-01,-2.290665614692884849e-02,-2.150950553711108992e-01,-9.886777953974618782e+00,-3.607175945243898951e-01,-1.811570536475411997e+00,1.122621565734883975e-01,1.672193366606500864e-01,-4.899599415291963078e-01,-3.469090133462878089e+00,1.144139356815808917e+00,9.082307815551757812e+00,9.128206601310129287e-02,3.864911979725284275e-02,7.868634326563726800e-03,-4.852389730555061398e+00,-4.391636803891191931e+00,1.403732598865575998e+00,-2.365469593026275907e-04,-6.566421048829205187e-01,-1.076995743981276954e+00,-4.852389730555061398e+00,-4.391636803891191931e+00,1.403732598865575998e+00,-2.365469593026275907e-04,-6.566421048829205187e-01,-1.076995743981276954e+00,-9.883078675700906146e+00,-1.018922915201160073e+00,2.268995961112869164e+00,3.443739158984551185e-01,1.533061412706807070e-01,-9.250619309368664223e-02
-9.890378232986208218e+00,-8.756577327229460028e-01,2.408505736835418798e+00,3.711422616725570944e-01,-5.509438452583151347e-02,-2.229237629246602070e-01,-9.858719326142812989e+00,-4.870805370583358163e-01,-1.909217267126154027e+00,1.153022717242507961e-01,1.575540644395035106e-01,-4.832859534231935261e-01,-3.643500361025059142e+00,1.184168102188227989e+00,9.095634188947467891e+00,9.205213811723500505e-02,4.350473548257526718e-02,-7.490161055278393362e-03,-4.486199505179911284e+00,-4.541158595158991673e+00,5.309540755645301147e-01,2.406241824402479967e-01,-6.344753091609632856e-01,-1.362986143566377040e+00,-4.486199505179911284e+00,-4.541158595158991673e+00,5.309540755645301147e-01,2.406241824402479967e-01,-6.344753091609632856e-01,-1.362986143566377040e+00,-9.836710487947790682e+00,-1.025421857833862083e+00,2.312905902930912916e+00,3.492148834286868953e-01,1.469050597302191952e-01,-9.663264740294696953e-02
-9.695448616288558696e+00,-8.891264425492173551e-01,2.420337620303921966e+00,3.601751229940937105e-01,-8.517634565754246545e-02,-2.230997544507218877e-01,-9.762890619530200098e+00,-4.657004693225684777e-01,-1.997163080738747931e+00,1.355416882344877005e-01,1.472982846695518044e-01,-4.717499183190645984e-01,-3.714334340238314880e+00,1.205186598862959979e+00,9.086738648181501787e+00,8.399327198295664099e-02,3.602148760477234118e-02,-6.080322750561111683e-02,-4.333628058433532715e+00,-4.501480102539061612e+00,-6.103701516985893250e-02,4.998931661248207092e-01,-5.909527987241744995e-01,-1.663640230894088967e+00,-4.333628058433532715e+00,-4.501480102539061612e+00,-6.103701516985893250e-02,4.998931661248207092e-01,-5.909527987241744995e-01,-1.663640230894088967e+00,-9.818003933148670370e+00,-1.034377797043890101e+00,2.292538779227113910e+00,3.542707138470128081e-01,1.424180285872349017e-01,-9.955238788827927565e-02
-9.470441958016758477e+00,-9.501600634407765256e-01,2.483006385705805119e+00,3.503859781846593857e-01,-9.841262187600838263e-02,-2.155133189220521106e-01,-9.707924445765158339e+00,-4.998957471468835068e-01,-1.906178304149080960e+00,1.544514691880795043e-01,1.448958250596827091e-01,-4.645379480266790262e-01,-3.252590735794075094e+00,1.145267301813891914e+00,9.096743920047492438e+00,8.943628632614819551e-02,4.059399353897560209e-02,-3.416103785331744275e-02,-4.440433816447172610e+00,-4.071194739526661444e+00,-2.288907627400708078e-01,7.906870666820291493e-01,-5.546372328466144808e-01,-1.936009902922364967e+00,-4.440433816447172610e+00,-4.071194739526661444e+00,-2.288907627400708078e-01,7.906870666820291493e-01,-5.546372328466144808e-01,-1.936009902922364967e+00,-9.796841357832253294e+00,-1.010762677718233915e+00,2.202184667540890040e+00,3.596112788013476891e-01,1.331594238182672030e-01,-1.004058942198752941e-01
-9.271484814180876555e+00,-1.045793067672013965e+00,2.507804965081843918e+00,3.471480309963225763e-01,-9.449369261897389016e-02,-2.037645463245131017e-01,-9.765922546386720526e+00,-4.828393563544268186e-01,-1.944008635302659993e+00,1.666841096088816920e-01,1.376849638610025128e-01,-4.626140979638908024e-01,-3.328305665836067906e+00,1.169706097626280084e+00,9.078965754907507346e+00,9.836707771125774435e-02,5.068828284589776967e-02,1.272029676290463950e-02,-4.776082343342239689e+00,-3.305237203515985822e+00,-2.563179720916078930e-01,1.060110696816042086e+00,-5.153837675811447916e-01,-2.185131853321424789e+00,-4.776082343342239689e+00,-3.305237203515985822e+00,-2.563179720916078930e-01,1.060110696816042086e+00,-5.153837675811447916e-01,-2.185131853321424789e+00,-9.763474519710817034e+00,-9.651895292998733389e-01,2.137100335807999851e+00,3.649515104472340066e-01,1.177778944314007009e-01,-1.019729134327132941e-01
-9.136819747186475382e+00,-1.126343892466636909e+00,2.509437028164139161e+00,3.507807254791259766e-01,-8.594898374811295316e-02,-1.926210188233906939e-01,-9.761072714686104490e+00,-3.790357312113408761e-01,-2.000801702231095991e+00,1.678052935556186009e-01,1.356547772884368896e-01,-4.649625826199321188e-01,-3.523473559680866174e+00,1.221852922097756977e+00,9.065665692106247064e+00,9.992049804984515227e-02,5.311669957291390021e-02,1.233237652829097079e-02,-5.267420223789759604e+00,-2.819910049438477007e+00,-5.309868944136781899e-01,1.245705998662520964e+00,-5.012281765236555886e-01,-2.433200380980061084e+00,-5.267420223789759604e+00,-2.819910049438477007e+00,-5.309868944136781899e-01,1.245705998662520964e+00,-5.012281765236555886e-01,-2.433200380980061084e+00,-9.699991228393695764e+00,-9.253155401866373087e-01,2.061410477450733136e+00,3.710755457480747754e-01,1.061724161131225030e-01,-1.048926085222243038e-01
-9.066841490577219886e+00,-1.195925502775269100e+00,2.466295468033648852e+00,3.596106356380081026e-01,-7.679904804623541303e-02,-1.801241988140475092e-01,-9.668868161566246400e+00,-3.906368911266326904e-01,-1.980623107901366975e+00,1.699942529270175862e-01,1.353902014547503918e-01,-4.715823347461388093e-01,-3.484664508113326065e+00,1.232947707176208052e+00,9.075648866724481678e+00,1.004058942198752941e-01,5.612636350632156657e-02,8.739043342093338190e-03,-5.728208419730952627e+00,-2.871738411528113044e+00,-7.080169031010246083e-01,1.384013379972163005e+00,-4.998953687346597841e-01,-2.684992422522853861e+00,-5.728208419730952627e+00,-2.871738411528113044e+00,-7.080169031010246083e-01,1.384013379972163005e+00,-4.998953687346597841e-01,-2.684992422522853861e+00,-9.617793181341731668e+00,-9.066012783717083412e-01,1.984912509009951975e+00,3.774844239109673150e-01,9.890950322380079318e-02,-1.088805215207205024e-01
-9.024932337002576688e+00,-1.232947707176208052e+00,2.415437566031569894e+00,3.721074520152957144e-01,-6.718625028985344971e-02,-1.674496662567898919e-01,-9.681075085268199487e+00,-3.882185331132669837e-01,-2.039241029229467816e+00,1.730928444552672085e-01,1.302082335148773973e-01,-4.825281868558848886e-01,-3.473562599144039975e+00,1.272898374355212026e+00,9.076759022929030252e+00,9.924066588530555677e-02,6.010751689641644774e-02,4.175511834722372626e-03,-6.207302981632612848e+00,-2.966469324124877183e+00,-7.842799725856607340e-01,1.539420926538850987e+00,-4.902835371749709181e-01,-2.932531613447931118e+00,-6.207302981632612848e+00,-2.966469324124877183e+00,-7.842799725856607340e-01,1.539420926538850987e+00,-4.902835371749709181e-01,-2.932531613447931118e+00,-9.532349378004065343e+00,-8.675365488583828277e-01,1.965391874313354048e+00,3.870261949612788244e-01,9.641808149917749371e-02,-1.147194592546565001e-01
-9.002146975874794066e+00,-1.253698617124562986e+00,2.363356665949746027e+00,3.884133052447534262e-01,-5.575791737175576912e-02,-1.605427666333273107e-01,-9.692076803535544016e+00,-3.424089244403292209e-01,-2.052648577425214782e+00,1.740554464600420070e-01,1.281250906727647021e-01,-4.987044210235276887e-01,-3.471333590662160962e+00,1.306192159652709961e+00,9.068992522588906979e+00,9.593944236947039850e-02,6.593341703346561333e-02,-3.786025582312676097e-03,-6.790119738439628350e+00,-2.661401452190498951e+00,-9.612439357190637468e-01,1.688967283054064961e+00,-4.817330224722761178e-01,-3.165638175061954218e+00,-6.790119738439628350e+00,-2.661401452190498951e+00,-9.612439357190637468e-01,1.688967283054064961e+00,-4.817330224722761178e-01,-3.165638175061954218e+00,-9.455859924330077604e+00,-8.008106360816320546e-01,1.956440622440666965e+00,3.945733742037701997e-01,9.848301242438592396e-02,-1.187778202757004964e-01
-8.969191338304245420e+00,-1.297235074009092104e+00,2.283200058214370110e+00,4.047552878146775113e-01,-4.838742448147662772e-02,-1.537074555938084119e-01,-9.678064323609850916e+00,-3.552177794097434727e-01,-2.088669084761094918e+00,1.734083881798373916e-01,1.269516823690541862e-01,-5.178257257688462234e-01,-3.515732049942017046e+00,1.299535288605639050e+00,9.057892799377441406e+00,9.283205422754478575e-02,7.243880117955844855e-02,-2.184534494045509839e-02,-7.421857398282271312e+00,-2.179214380346797153e+00,-1.153569122320800000e+00,1.792847896574341071e+00,-4.902709520200326798e-01,-3.383805151192003979e+00,-7.421857398282271312e+00,-2.179214380346797153e+00,-1.153569122320800000e+00,1.792847896574341071e+00,-4.902709520200326798e-01,-3.383805151192003979e+00,-9.382617631083077114e+00,-7.454704420113649199e-01,1.962135320495961066e+00,4.009820335471684927e-01,1.009041431335625932e-01,-1.274645486384005100e-01
-8.920364846893939159e+00,-1.332230318573697891e+00,2.232331406089083092e+00,4.191031683830938048e-01,-4.578830963807650756e-02,-1.471203027454484891e-01,-9.632841358016367650e+00,-3.760295826014338760e-01,-2.113680722663730194e+00,1.805694861439816890e-01,1.241676362552503049e-01,-5.351238542843242962e-01,-3.529044217982792997e+00,1.313952827841162074e+00,9.057892799377441406e+00,8.545428595346997447e-02,7.525609385684223218e-02,-5.009890821664995941e-02,-8.007756373727254129e+00,-1.697104076742820045e+00,-1.223760942343375957e+00,1.879636449427465994e+00,-5.097664274729281075e-01,-3.591010149051395040e+00,-8.007756373727254129e+00,-1.697104076742820045e+00,-1.223760942343375957e+00,1.879636449427465994e+00,-5.097664274729281075e-01,-3.591010149051395040e+00,-9.291480601955342422e+00,-6.966454253357838855e-01,1.974341651137013098e+00,4.034748186485938026e-01,1.022571414512647020e-01,-1.373619187199381086e-01
-8.864623019222840128e+00,-1.335899618684605050e+00,2.256321003909484979e+00,4.323832770257319269e-01,-3.699671805474318009e-02,-1.452680975198746005e-01,-9.656654803316222058e+00,-3.355840617740992182e-01,-2.147306231641898044e+00,1.822134712304498971e-01,1.291411686543235959e-01,-5.565888031212877785e-01,-3.380419404520111915e+00,1.330606937408447044e+00,9.057892799377441406e+00,8.069342504128149129e-02,7.651736636403366765e-02,-5.059851319526732089e-02,-8.624145410284562274e+00,-1.208718875596392905e+00,-1.327428982167210947e+00,1.945604538057001065e+00,-5.268493769157562845e-01,-3.785953510285156032e+00,-8.624145410284562274e+00,-1.208718875596392905e+00,-1.327428982167210947e+00,1.945604538057001065e+00,-5.268493769157562845e-01,-3.785953510285156032e+00,-9.229622266259610797e+00,-6.567667506852641335e-01,1.986548654815202042e+00,4.029768067090193084e-01,1.017591260379314966e-01,-1.461918612344106916e-01
-8.831245941128909038e+00,-1.316779292256887945e+00,2.324267397429776949e+00,4.439902007274647011e-01,-1.948204262256736027e-02,-1.458730645907851120e-01,-9.666472419857932152e+00,-4.504799092415733841e-01,-2.127670330025142054e+00,1.953954291723705994e-01,1.270573491431155888e-01,-5.799808639094887752e-01,-3.280441604074986195e+00,1.323952480832119916e+00,9.084510885614843545e+00,8.117923140525817871e-02,8.437971060989030159e-02,-2.098535206853107890e-02,-9.301666495620562358e+00,-8.791205600110068019e-01,-1.550215223417853005e+00,1.990739281947834005e+00,-5.532841666258730973e-01,-3.960052647471000054e+00,-9.301666495620562358e+00,-8.791205600110068019e-01,-1.550215223417853005e+00,1.990739281947834005e+00,-5.532841666258730973e-01,-3.960052647471000054e+00,-9.180801650829135241e+00,-6.022574324985584537e-01,2.007700647589553800e+00,4.026917219161986750e-01,1.100855245680906064e-01,-1.547354370039047133e-01
-8.839775415952168203e+00,-1.292369408591617086e+00,2.314560542059029835e+00,4.570885177902898056e-01,-1.005540752799149919e-03,-1.481504910035545131e-01,-9.633436632296744406e+00,-4.296527872214653265e-01,-2.196734198043308162e+00,2.150118876976682136e-01,1.260938035469879870e-01,-6.013462910895674973e-01,-3.388051398827121918e+00,1.345014596528659956e+00,9.086761659435657279e+00,7.652160369100109716e-02,9.205322993821019040e-02,-1.281312458346852041e-02,-9.911951853221042441e+00,-6.257196415116077493e-01,-1.718134620957745051e+00,2.019057122202088994e+00,-5.770546519144479358e-01,-4.121080046836475219e+00,-9.911951853221042441e+00,-6.257196415116077493e-01,-1.718134620957745051e+00,2.019057122202088994e+00,-5.770546519144479358e-01,-4.121080046836475219e+00,-9.167759895324707031e+00,-5.859553813934326172e-01,1.951598399963003105e+00,4.081712512254592751e-01,1.218343483473909028e-01,-1.656283991601122108e-01
-8.871097537595922233e+00,-1.281777381896973100e+00,2.241324209031605008e+00,4.744594375475578163e-01,1.487367140549806024e-02,-1.519592045112506118e-01,-9.668263435363769531e+00,-4.796703209937442924e-01,-2.182140464912118105e+00,2.217856129117337094e-01,1.273707447337970033e-01,-6.227588836681641205e-01,-3.461348053924743873e+00,1.353923370022483086e+00,9.083406702498383112e+00,6.914127609301175259e-02,9.923616809891810941e-02,-2.572618799352522148e-02,-1.061375566268663029e+01,-4.853661531745562807e-01,-1.824875550473340935e+00,2.026552522420517199e+00,-5.946789855643901390e-01,-4.267681226569203901e+00,-1.061375566268663029e+01,-4.853661531745562807e-01,-1.824875550473340935e+00,2.026552522420517199e+00,-5.946789855643901390e-01,-4.267681226569203901e+00,-9.194594814242435632e+00,-5.859553813934326172e-01,1.866154605701793034e+00,4.164302815407471825e-01,1.007099472864571993e-01,-1.750288624972063112e-01
-8.907719585020238640e+00,-1.281777381896973100e+00,2.168079772303181052e+00,4.973138630756401835e-01,2.438609337952050982e-02,-1.538132876157760898e-01,-9.671844549434188920e+00,-5.523174295089133823e-01,-2.125878844388724875e+00,2.356192166061754079e-01,1.325025519545184882e-01,-6.451898755420572007e-01,-3.520120089229899829e+00,1.349466509396030078e+00,9.074558796421174023e+00,6.622516363859176636e-02,1.111772048119712974e-01,-4.310370249939816933e-02,-1.135842213593446992e+01,-3.053803985799440901e-01,-1.998815773849555999e+00,2.006285364994330855e+00,-6.077727173608472588e-01,-4.398803000716840828e+00,-1.135842213593446992e+01,-3.053803985799440901e-01,-1.998815773849555999e+00,2.006285364994330855e+00,-6.077727173608472588e-01,-4.398803000716840828e+00,-9.141769589367001458e+00,-5.680661687653185687e-01,1.905930045013602969e+00,4.257578075206773782e-01,8.794745040654038115e-02,-1.843564103138612131e-01
-8.958157384592425387e+00,-1.295595652373854101e+00,2.094840745591452169e+00,5.217384492848999855e-01,2.489004514846342164e-02,-1.507905367320803991e-01,-9.740316829007525712e+00,-6.198960594867231055e-01,-2.158328862600428888e+00,2.489042801527840965e-01,1.338310408278635955e-01,-6.673577484401506110e-01,-3.684285944102898114e+00,1.341719051794650008e+00,9.037938869275647491e+00,6.098723506539942274e-02,1.122583309373248045e-01,-8.725877860402475594e-02,-1.207246547446029084e+01,-7.037852121029702923e-02,-2.206236546184853875e+00,1.950514532759197950e+00,-6.112466420324045302e-01,-4.516565328857804928e+00,-1.207246547446029084e+01,-7.037852121029702923e-02,-2.206236546184853875e+00,1.950514532759197950e+00,-6.112466420324045302e-01,-4.516565328857804928e+00,-9.074212577421413073e+00,-5.883709066322757586e-01,2.000317312165775796e+00,4.392830043493304859e-01,1.162569432397909941e-01,-1.900560726689022872e-01
-8.963923400936526065e+00,-1.326917530708416004e+00,2.028508871198615893e+00,5.422139652588400249e-01,2.289476102056850135e-02,-1.430321283527843934e-01,-9.717093467712402344e+00,-8.086650817308507211e-01,-2.108904314242541211e+00,2.712310823003629134e-01,1.401877979794798057e-01,-6.843438460215645058e-01,-3.391908020101567889e+00,1.317305696480590038e+00,9.054523919218329553e+00,6.010341494741405777e-02,1.142841613314058008e-01,-9.315091443638648383e-02,-1.281400769757473945e+01,1.128165315329822949e-01,-2.505241013055389043e+00,1.852561259825098894e+00,-6.101863625396553026e-01,-4.626045022229905435e+00,-1.281400769757473945e+01,1.128165315329822949e-01,-2.505241013055389043e+00,1.852561259825098894e+00,-6.101863625396553026e-01,-4.626045022229905435e+00,-9.093665236030183507e+00,-6.071057921028479853e-01,2.080087068901267155e+00,4.542365608135066068e-01,1.396298330397374998e-01,-1.919809775422214870e-01
-8.941119286676199707e+00,-1.363537112119086903e+00,1.981291374323479015e+00,5.627888183762806973e-01,2.787082319995528093e-02,-1.310018424445834884e-01,-9.715905845317848843e+00,-8.667256236076354980e-01,-2.049062293673319157e+00,2.913155664374629250e-01,1.455798463688955935e-01,-6.996078597418906586e-01,-3.310099960487293824e+00,1.292892621174734913e+00,9.062358572772044596e+00,6.476628712658447085e-02,1.283603913363980109e-01,-5.741024672466311235e-02,-1.363163011854144990e+01,1.710036493126347035e-01,-2.844024917924337093e+00,1.715589787919767017e+00,-5.965933533918533760e-01,-4.736323861238349586e+00,-1.363163011854144990e+01,1.710036493126347035e-01,-2.844024917924337093e+00,1.715589787919767017e+00,-5.965933533918533760e-01,-4.736323861238349586e+00,-9.196153224704818996e+00,-5.924841154860766013e-01,2.144388467668572051e+00,4.731032095555763872e-01,1.175944341515433034e-01,-1.914840890099407111e-01
-8.908191778570703434e+00,-1.427784940186856089e+00,1.917043613703875105e+00,5.864273859059206950e-01,3.869232858678529202e-02,-1.159079856083323062e-01,-9.690897497094619339e+00,-8.720685101269394224e-01,-2.016002395862748209e+00,3.071817668588197048e-01,1.520406104755853138e-01,-7.207627189961851588e-01,-3.555621420545246991e+00,1.295073795483387968e+00,9.045685768127441406e+00,6.855204088536387408e-02,1.368182118541984016e-01,-5.019296833077863118e-02,-1.464156862649755020e+01,9.529366557155333206e-03,-3.149149160355837029e+00,1.594010141493034105e+00,-5.573704155889345202e-01,-4.837023836785481201e+00,-1.464156862649755020e+01,9.529366557155333206e-03,-3.149149160355837029e+00,1.594010141493034105e+00,-5.573704155889345202e-01,-4.837023836785481201e+00,-9.193024522270597743e+00,-6.038414250565259378e-01,2.312741967909042184e+00,4.894854364314875084e-01,8.910256305769566343e-02,-1.888509133513072979e-01
-8.838647318759099036e+00,-1.492512494871105044e+00,1.852316043341218910e+00,6.152229406274296597e-01,5.769242425007550107e-02,-9.988692564000306584e-02,-9.658419101468979306e+00,-9.801363262438005375e-01,-2.053206436095698972e+00,3.203065231923133971e-01,1.591540277004241943e-01,-7.380039913039053712e-01,-3.582329061540407089e+00,1.312839654825066926e+00,9.032390647952640350e+00,6.933444459706591956e-02,1.418626605892145121e-01,-5.787031334494391333e-02,-1.577984025401453927e+01,-2.229398080418187045e-01,-3.469658971382175938e+00,1.553057402509697926e+00,-4.983524927345838185e-01,-4.904097871296965394e+00,-1.577984025401453927e+01,-2.229398080418187045e-01,-3.469658971382175938e+00,1.553057402509697926e+00,-4.983524927345838185e-01,-4.904097871296965394e+00,-9.117374222790953553e+00,-5.835444838949130908e-01,2.421887566517519907e+00,5.052205295640863625e-01,9.398360862998030030e-02,-1.856467677920420056e-01
-8.773916456556539956e+00,-1.506812677268059009e+00,1.803489150539520969e+00,6.478698024964002489e-01,8.286267549039855185e-02,-8.144872912853819147e-02,-9.704885482788087714e+00,-1.048064595268618948e+00,-2.099082596840397219e+00,3.397399312065493837e-01,1.595675039195245115e-01,-7.582471476447197878e-01,-3.596709111489666988e+00,1.305106259835723037e+00,9.034564170461450772e+00,6.836146116256713867e-02,1.493391777300185075e-01,-6.563210043458737875e-02,-1.678131062849605115e+01,1.117756952154291966e-01,-3.689554037509564122e+00,1.586663424404253009e+00,-4.428225924039942973e-01,-4.919925096183291657e+00,-1.678131062849605115e+01,1.117756952154291966e-01,-3.689554037509564122e+00,1.586663424404253009e+00,-4.428225924039942973e-01,-4.919925096183291657e+00,-9.112398194949321351e+00,-5.469235553536363481e-01,2.378890334979974153e+00,5.235893458387391730e-01,1.013991139596446961e-01,-1.816600618366089048e-01
-8.725090373757094397e+00,-1.480797276413885033e+00,1.796089817738236949e+00,6.852089759559831794e-01,1.060798055675078039e-01,-6.055125229095933981e-02,-9.705476191736037705e+00,-1.014395829169981056e+00,-2.090419407813779884e+00,3.633942349303153074e-01,1.679059413652266020e-01,-7.776288159431949953e-01,-3.699788587128756134e+00,1.307276635827983924e+00,9.025748035447509920e+00,6.719842053667526849e-02,1.539081791487340867e-01,-9.317702858213333661e-02,-1.733423720807585156e+01,9.939063866505912781e-01,-3.875266127749949163e+00,1.646722124499415019e+00,-3.747746830360741965e-01,-4.878604745718374325e+00,-1.733423720807585156e+01,9.939063866505912781e-01,-3.875266127749949163e+00,1.646722124499415019e+00,-3.747746830360741965e-01,-4.878604745718374325e+00,-9.181512328157285907e+00,-5.013644417894950189e-01,2.284506277224477966e+00,5.443787665170605194e-01,8.924345390623943108e-02,-1.781701477773512954e-01
-8.676267130524740523e+00,-1.416568187887317976e+00,1.868821736198678085e+00,7.251893929325632371e-01,1.280440300203354864e-01,-3.737902140887815194e-02,-9.720637083206167262e+00,-1.042354088517412070e+00,-2.148503065109252930e+00,3.904595012687986921e-01,1.722818655964966084e-01,-8.003698791338267338e-01,-3.492958148289996956e+00,1.325045481057149921e+00,9.035647191210276929e+00,7.087732208592276151e-02,1.618596682953516996e-01,-1.005251253356597013e-01,-1.742031538765699139e+01,1.541096776025816961e+00,-4.326716095296854192e+00,1.729677731869057045e+00,-2.818854809127787076e-01,-4.790821268908516117e+00,-1.742031538765699139e+01,1.541096776025816961e+00,-4.326716095296854192e+00,1.729677731869057045e+00,-2.818854809127787076e-01,-4.790821268908516117e+00,-9.195443452312410670e+00,-4.436023161816531890e-01,2.267308349235864107e+00,5.602639925994077341e-01,7.030512598978180816e-02,-1.734018284380703101e-01
-8.620538224456129939e+00,-1.282805587228480926e+00,1.957975624816818971e+00,7.580652690916505065e-01,1.547014916642805993e-01,-1.462481935561957963e-02,-9.793871803410636900e+00,-1.131754224589978097e+00,-2.142612633014875811e+00,4.243266089089500204e-01,1.787414715413047916e-01,-8.293608151339056933e-01,-3.372343221516977074e+00,1.343897101211743106e+00,9.057892799377441406e+00,7.709612981635019513e-02,1.816538959783551010e-01,-7.451209600580481485e-02,-1.711552906402610930e+01,1.693120891780530934e+00,-4.903368072575688075e+00,1.877760843014754100e+00,-1.652290192010673897e-01,-4.657374037575611858e+00,-1.711552906402610930e+01,1.693120891780530934e+00,-4.903368072575688075e+00,1.877760843014754100e+00,-1.652290192010673897e-01,-4.657374037575611858e+00,-9.183237285264915784e+00,-4.272591173648834229e-01,2.270576953887939009e+00,5.725841245516366529e-01,4.951691725438526342e-02,-1.758818239618260004e-01
-8.594012260437011719e+00,-1.167119623405532103e+00,1.955295671698868087e+00,7.779858339324219330e-01,1.876293467257612868e-01,3.114474051061176009e-03,-9.862406536303479854e+00,-1.066157027384712963e+00,-2.017028049389888000e+00,4.514781242905063219e-01,1.863718244032070981e-01,-8.617612000800862759e-01,-3.573212542292159011e+00,1.341732975402613048e+00,9.044604448923013962e+00,8.253123876350206001e-02,2.003113531449849938e-01,-6.786102417015260624e-02,-1.662118380649224036e+01,2.262903721189431838e+00,-5.547154622301926352e+00,2.070612065208929931e+00,-3.359231488219178302e-02,-4.483609976268647657e+00,-1.662118380649224036e+01,2.262903721189431838e+00,-5.547154622301926352e+00,2.070612065208929931e+00,-3.359231488219178302e-02,-4.483609976268647657e+00,-9.206781283671503502e+00,-4.272591173648834229e-01,2.243763295045325012e+00,5.882447587666934652e-01,3.910164932518025993e-02,-1.796587484508024024e-01
-8.614716162071877292e+00,-1.073176502464340043e+00,1.845953764171494926e+00,7.888514365579870624e-01,2.156292755491950874e-01,1.806746095582952016e-02,-9.843279542156322393e+00,-1.145145646560149055e+00,-1.819359369663720916e+00,4.658152798445360232e-01,1.968476599567801910e-01,-9.014883026122069154e-01,-3.655578350514317787e+00,1.264180180054355951e+00,9.026835743289241876e+00,9.126417015423882173e-02,2.090587003749138084e-01,-6.556492047119788502e-02,-1.614489964027620061e+01,3.348697594233922104e+00,-6.246021446300297875e+00,2.230323297697888840e+00,8.931695808371824252e-02,-4.265791941592465442e+00,-1.614489964027620061e+01,3.348697594233922104e+00,-6.246021446300297875e+00,2.230323297697888840e+00,8.931695808371824252e-02,-4.265791941592465442e+00,-9.270206029866093544e+00,-4.361951634848487136e-01,2.180338455216793925e+00,6.053325060324989959e-01,2.722040895446048089e-02,-1.844265027625316133e-01
-8.644433963745852267e+00,-9.771235001982823132e-01,1.740882291174965957e+00,7.943768711686973738e-01,2.422836157987383887e-01,2.939723746422676087e-02,-9.936368336220427366e+00,-1.102191193726614005e+00,-1.585787496508181960e+00,4.674889157733249090e-01,2.031022924135973962e-01,-9.453335313001760554e-01,-3.776197397275514955e+00,1.181967886209609908e+00,9.034553370839560671e+00,1.077554968137559022e-01,2.260210114148293870e-01,-6.862699364717807227e-02,-1.571806683803388971e+01,4.821808853391097216e+00,-6.705226655472077191e+00,2.371321530313417192e+00,1.694543457501954120e-01,-4.003939729485730403e+00,-1.571806683803388971e+01,4.821808853391097216e+00,-6.705226655472077191e+00,2.371321530313417192e+00,1.694543457501954120e-01,-4.003939729485730403e+00,-9.325579083571740924e+00,-4.394665062427520752e-01,2.151774069515389964e+00,6.239871747086865872e-01,1.333413886474122019e-02,-1.952409030128693934e-01
-8.710241973186478859e+00,-9.123737178227868672e-01,1.688339226027971041e+00,7.867150604877481967e-01,2.643423844767849862e-01,3.673460489378348182e-02,-1.016935287540522914e+01,-1.179527691685251956e+00,-1.559617978669336047e+00,4.597052216308608052e-01,2.059987247672991073e-01,-9.905488723892569292e-01,-3.795617948601444969e+00,1.126497031753636024e+00,9.052326818154643462e+00,1.262129011406112888e-01,2.486569308816501123e-01,-7.458220333761272913e-02,-1.528955421652844926e+01,7.416555330317507355e+00,-6.179746427843647361e+00,2.365933093332475146e+00,2.028054680715324909e-01,-3.696607899922196960e+00,-1.528955421652844926e+01,7.416555330317507355e+00,-6.179746427843647361e+00,2.365933093332475146e+00,2.028054680715324909e-01,-3.696607899922196960e+00,-9.356529956922573277e+00,-4.394665062427520752e-01,2.228903217980743978e+00,6.400824363614532331e-01,-1.330025149098169011e-03,-2.072738485330964942e-01
-8.807901084209428078e+00,-9.739295020661351554e-01,1.727607019348627926e+00,7.507717355940809467e-01,2.779499277571684246e-01,3.891779980262197181e-02,-1.020142907993768056e+01,-1.321256053612529069e+00,-1.502679479164888976e+00,4.454118970245565801e-01,2.026923909531576917e-01,-1.043546482256846986e+00,-3.530686381591598089e+00,9.791390460385536176e-01,9.084454637017488565e+00,1.532736753232649962e-01,2.858943425287712725e-01,-3.079951396523097906e-02,-1.534194374572722985e+01,1.115052766737674972e+01,-4.580893336467823929e+00,1.909177209173505974e+00,8.857806430600081993e-02,-3.366996358851686022e+00,-1.534194374572722985e+01,1.115052766737674972e+01,-4.580893336467823929e+00,1.909177209173505974e+00,8.857806430600081993e-02,-3.366996358851686022e+00,-9.479210153491072433e+00,-4.483997548890166218e-01,2.374501720339825983e+00,6.511280839901973927e-01,-4.559080850921028161e-03,-2.237133126686330908e-01
-8.940044188978546913e+00,-1.030731048593749088e+00,1.845953779719206045e+00,7.031259122951287743e-01,2.945274518368630190e-01,4.267847288243065140e-02,-1.060355801565244960e+01,-1.125353163624200015e+00,-1.555146908308381981e+00,4.226228276384956795e-01,1.965846002361313904e-01,-1.109669381175599989e+00,-3.495381258490081855e+00,1.111292428371009944e+00,9.133278419521971614e+00,1.808725751809605042e-01,3.515875627575558160e-01,1.124337355611144951e-02,-1.475625616211313051e+01,1.083340494314096958e+01,-3.374737525865230126e+00,1.523725149360487086e+00,-8.476351944875606947e-02,-2.956153143935488892e+00,-1.475625616211313051e+01,1.083340494314096958e+01,-3.374737525865230126e+00,1.523725149360487086e+00,-8.476351944875606947e-02,-2.956153143935488892e+00,-9.602167250846726176e+00,-4.606064274462727814e-01,2.425998448593186030e+00,6.646487913195187058e-01,-1.443332466433337041e-02,-2.434339313387000880e-01
-9.050448696978325103e+00,-9.909342316652163252e-01,1.897457411425941931e+00,6.733545503339215532e-01,3.045610591380095156e-01,5.800102999804879200e-02,-1.049421238578817039e+01,-9.254252058617760124e-01,-2.147398313852884044e+00,3.933284349246534140e-01,1.773692771142046931e-01,-1.173655658590339934e+00,-3.707393929705641966e+00,1.399125959466678948e+00,9.129000127590195746e+00,1.773519140372077918e-01,4.168729982617813135e-01,-2.298732939678403003e-02,-1.289151595054753052e+01,9.118717752893893191e+00,-4.252304401163344849e+00,1.491616177693168011e+00,-6.410799812800630632e-03,-2.513134258437001112e+00,-1.289151595054753052e+01,9.118717752893893191e+00,-4.252304401163344849e+00,1.491616177693168011e+00,-6.410799812800630632e-03,-2.513134258437001112e+00,-9.595912705795983655e+00,-4.638813138008118231e-01,2.366748696525953211e+00,6.733498587037012317e-01,-5.020239950180115096e-02,-2.613833662002317260e-01
-9.075411381923510490e+00,-9.781781588582700859e-01,1.857664295337148941e+00,6.612319159062223228e-01,3.091110138349644210e-01,7.694861364360047751e-02,-1.018567012055861021e+01,-8.859274235601249936e-01,-2.361824761978858156e+00,3.758831606291834215e-01,2.010186664775373000e-01,-1.235753588977374973e+00,-3.438089400541305185e+00,1.437272159509769942e+00,9.146546320132191710e+00,1.590811579343865134e-01,4.898356643762751261e-01,-6.241945502212711827e-02,-1.108792231550475016e+01,1.097258212758037921e+01,-6.606858679470622775e+00,1.292618193926410974e+00,1.191839374052488937e-01,-2.057773152239434022e+00,-1.108792231550475016e+01,1.097258212758037921e+01,-6.606858679470622775e+00,1.292618193926410974e+00,1.191839374052488937e-01,-2.057773152239434022e+00,-9.573881820061641790e+00,-4.728111327381002149e-01,2.263453264141253030e+00,6.758507696874982429e-01,-7.757973638064025179e-02,-2.784705417431435071e-01
-9.042516691527241690e+00,-1.009487558757105052e+00,1.796630698186095110e+00,6.531518751071527795e-01,3.306044600388970967e-01,9.343462864855467398e-02,-1.053968239929129069e+01,-1.031249786283819025e+00,-2.247941932467054205e+00,3.534066839589209974e-01,2.263453546088987078e-01,-1.301675161860075036e+00,-3.236851051686302050e+00,1.417124503188663009e+00,9.179966926574707031e+00,1.446153477189086878e-01,5.977431412727114424e-01,-5.451792796393709062e-02,-9.575255636764246958e+00,1.285681240253163082e+01,-7.789034077807789558e+00,8.390754321450599740e-01,2.028058957736225965e-01,-1.529966182597662927e+00,-9.575255636764246958e+00,1.285681240253163082e+01,-7.789034077807789558e+00,8.390754321450599740e-01,2.028058957736225965e-01,-1.529966182597662927e+00,-9.615254917274194568e+00,-4.850188336265848776e-01,2.189304313530248791e+00,6.831700332093644246e-01,-8.878522460144898376e-02,-2.955613257469554833e-01
-9.048851314189718664e+00,-1.073687437751541962e+00,1.749388246046174045e+00,6.470205789794540863e-01,3.564748178366951015e-01,1.064390917095853067e-01,-1.087854062943232059e+01,-1.131219330288115055e+00,-2.534489438647316017e+00,3.724783900238218814e-01,2.253283226773852010e-01,-1.383098846390133918e+00,-3.413313620254963876e+00,1.481351890256366932e+00,9.173331413747527918e+00,1.226948139804984045e-01,7.076114971125369024e-01,-6.701906360795491235e-02,-8.972654195180991721e+00,1.294414778190335014e+01,-7.347425275500835795e+00,4.766220071959116900e-01,2.648076770004100799e-01,-9.638931742705751926e-01,-8.972654195180991721e+00,1.294414778190335014e+01,-7.347425275500835795e+00,4.766220071959116900e-01,2.648076770004100799e-01,-9.638931742705751926e-01,-9.649500317599789767e+00,-4.615079666639617106e-01,2.262211619182691091e+00,6.912201596682651106e-01,-1.056376742903545052e-01,-3.103067048583463272e-01
-9.104572817660329775e+00,-1.117768092394729962e+00,1.698979281182785073e+00,6.511938903982432691e-01,3.659098147888155128e-01,1.153101927528794035e-01,-1.092387957923211950e+01,-8.149871181154116906e-01,-2.679817098103003836e+00,3.896191539912691737e-01,2.477588964135621907e-01,-1.469566898850001024e+00,-3.438237320137706998e+00,1.512655409860782063e+00,9.234109964971352724e+00,8.099109072884838612e-02,8.094517739687097091e-01,-1.050979773844441939e-01,-8.971794341783219551e+00,1.241276681729869047e+01,-6.626996619896990737e+00,2.779637049403458904e-01,3.117670969546230131e-01,-4.012618512392013836e-01,-8.971794341783219551e+00,1.241276681729869047e+01,-6.626996619896990737e+00,2.779637049403458904e-01,3.117670969546230131e-01,-4.012618512392013836e-01,-9.647127010122789059e+00,-4.516739249229431152e-01,2.419997318304933920e+00,6.955717731700209461e-01,-1.173376526323056945e-01,-3.249734473637416743e-01
-9.151818312924847376e+00,-1.164442220067422040e+00,1.644840192385889965e+00,6.715255298734122968e-01,3.718033502574280003e-01,1.173580418435389017e-01,-1.115743864374693928e+01,-1.016619926987895939e+00,-2.544472387819554982e+00,4.312056982056339249e-01,2.910871602725529916e-01,-1.555554991891084926e+00,-3.466633818541081880e+00,1.448437397083002898e+00,9.276565603390249493e+00,4.384109065171226671e-02,9.366691391507413478e-01,-1.375348695575175917e-01,-9.192174911499023438e+00,1.187994102838401922e+01,-5.992161231106876151e+00,2.060442370478459129e-01,3.620528828026511881e-01,1.618526949577273888e-01,-9.192174911499023438e+00,1.187994102838401922e+01,-5.992161231106876151e+00,2.060442370478459129e-01,3.620528828026511881e-01,1.618526949577273888e-01,-9.670631777564281606e+00,-4.427460879411677097e-01,2.528390207837488912e+00,6.925264601669007813e-01,-1.180701861075763998e-01,-3.375825674947636190e-01
-9.188438319696015100e+00,-1.258361082899833061e+00,1.602906136423029038e+00,7.077395522435749875e-01,3.922723595318096113e-01,1.128093708569782028e-01,-1.166556875950423056e+01,-1.325390592938284984e+00,-2.155493990307669083e+00,5.157982308464279519e-01,3.255759309495779852e-01,-1.653527846551777980e+00,-3.514672695308603156e+00,1.410484821245234111e+00,9.331753449505924891e+00,1.976278541715508971e-02,1.098761116442042995e+00,-1.621246616514872008e-01,-9.243571476855168001e+00,1.082825090868989015e+01,-5.520997689289974808e+00,2.736755156431585068e-01,4.027267274768986938e-01,7.136777700420288140e-01,-9.243571476855168001e+00,1.082825090868989015e+01,-5.520997689289974808e+00,2.736755156431585068e-01,4.027267274768986938e-01,7.136777700420288140e-01,-9.671543332777204682e+00,-4.305391108690623803e-01,2.595984319754276903e+00,6.949973649174142620e-01,-1.174962595105171065e-01,-3.462071828143570840e-01
-9.287085591976214971e+00,-1.368219761968680892e+00,1.738585459442949066e+00,7.540806529541166370e-01,4.048280119895935059e-01,1.076070391434141987e-01,-1.208859521023154038e+01,-1.208629811783787034e+00,-2.050843715667725053e+00,6.250344244103901437e-01,3.660045264281868160e-01,-1.767128274834822932e+00,-3.404035850934056029e+00,1.389528449421181033e+00,9.486982062884303346e+00,-1.582958617873568910e-02,1.321421377838581046e+00,-1.865731472950288017e-01,-9.771425912274009917e+00,9.502876045639185421e+00,-5.396266127877886731e+00,4.848953414378383009e-01,4.980883271539753854e-01,1.215425350760046097e+00,-9.771425912274009917e+00,9.502876045639185421e+00,-5.396266127877886731e+00,4.848953414378383009e-01,4.980883271539753854e-01,1.215425350760046097e+00,-9.632562645140101409e+00,-4.540344703516326907e-01,2.603459121749502891e+00,7.011180720672236522e-01,-1.190581570987525040e-01,-3.513399821040817939e-01
-9.440457636310206624e+00,-1.416058778762816939e+00,2.399936026142488910e+00,8.026097032331651615e-01,3.638249241536664069e-01,9.609884744690311287e-02,-1.269137809378490012e+01,-9.487780011124339330e-01,-2.034658831984971883e+00,7.180301949500061953e-01,4.035455327693659999e-01,-1.889922034688577890e+00,-3.227567427474538064e+00,1.334069814916396979e+00,9.597131540149039353e+00,-7.882854075796225102e-03,1.621401384556776071e+00,-2.171523149692274057e-01,-1.111877847093177074e+01,7.030176604341853874e+00,-6.814101133306277092e+00,8.201573230111612878e-01,6.686549283517364550e-01,1.648324241562505010e+00,-1.111877847093177074e+01,7.030176604341853874e+00,-6.814101133306277092e+00,8.201573230111612878e-01,6.686549283517364550e-01,1.648324241562505010e+00,-9.681903555035530573e+00,-4.817298757521787933e-01,2.671571146172250888e+00,7.114309016491165982e-01,-1.016724395283860050e-01,-3.563931486962760853e-01
-9.668046338051942357e+00,-1.471181933162430067e+00,3.998167584071495195e+00,8.223361234101598249e-01,2.893873903093152067e-01,6.755443699595932439e-02,-1.366504706203540920e+01,-6.186834746791470829e-01,-1.709036469459533913e+00,7.905458870205096522e-01,4.427666972523400246e-01,-2.033924575347627162e+00,-3.149510145187377930e+00,1.273041238496759098e+00,9.765297559694710472e+00,1.950306070066028935e-02,1.968632814796922093e+00,-2.370093377969257065e-01,-1.313941288531528073e+01,-8.723246985927217700e-01,-1.200870916554089085e+01,6.683545201803193780e-01,9.794022542845574053e-01,1.809495324241279013e+00,-1.313941288531528073e+01,-8.723246985927217700e-01,-1.200870916554089085e+01,6.683545201803193780e-01,9.794022542845574053e-01,1.809495324241279013e+00,-9.999349137480397332e+00,-5.953738080330730487e-01,2.751374927751693900e+00,7.200563370639835314e-01,-5.680719882623649214e-02,-3.726642340875597204e-01
-1.009348486352443075e+01,-1.245019167097054957e+00,5.527450436393358757e+00,7.370066755378301693e-01,2.955407094319111860e-01,-5.999648560618693616e-03,-1.534018141881015929e+01,-2.797548258479274907e-01,-1.721109516424750963e+00,8.614955278714661047e-01,4.531579619559112926e-01,-2.196482351560375079e+00,-3.030177358536481957e+00,1.258414344924343009e+00,1.006036619675509058e+01,1.488993383921142014e-02,2.357586058287107100e+00,-2.361805914893924108e-01,-1.697145428786307875e+01,-7.795824900092135579e+00,-1.159648591596583067e+01,3.692550005000974078e-01,9.218669199507167900e-01,1.749007506299137926e+00,-1.697145428786307875e+01,-7.795824900092135579e+00,-1.159648591596583067e+01,3.692550005000974078e-01,9.218669199507167900e-01,1.749007506299137926e+00,-1.074124309824969004e+01,-9.113892320022787263e-01,2.824616912811520830e+00,7.228486661842646877e-01,1.895237653490005128e-02,-4.179419617712711865e-01
-1.100256852018502052e+01,-6.174105457684058162e-01,5.324048219593144893e+00,5.241856530611972431e-01,4.421202169861666031e-01,-1.755796889233922076e-01,-1.727269385892990172e+01,-7.059382750364068954e-03,-1.984839950323928903e+00,9.457417163511898650e-01,4.361217000766502983e-01,-2.362623233981969051e+00,-2.730918376958978211e+00,1.368999193292582905e+00,1.037110457238498995e+01,-2.474893329177353055e-03,2.844006476818461859e+00,-2.428081485242344906e-01,-1.581423078557495998e+01,-1.876921146146713015e+00,-5.274517011257909616e+00,7.539745415410687990e-01,8.830711348082429524e-01,1.989787155582058986e+00,-1.581423078557495998e+01,-1.876921146146713015e+00,-5.274517011257909616e+00,7.539745415410687990e-01,8.830711348082429524e-01,1.989787155582058986e+00,-1.145628255779658922e+01,-1.263050538573091908e+00,2.844325065612792969e+00,7.254782966082973239e-01,4.634219294826891211e-02,-4.903744748858873126e-01
-1.262589288624628026e+01,4.454170143793501069e-02,3.509425318064105959e+00,3.746086793927370096e-01,6.633290727505973816e-01,-4.302885693674873835e-01,-1.825809645497141886e+01,9.536554975203648254e-02,-2.380443572998046875e+00,1.117890294513949057e+00,4.243624334518116270e-01,-2.518404807565949088e+00,-2.391225745195372010e+00,1.439424886958057037e+00,1.060336662043897960e+01,-1.290953266653162984e-02,3.449355688157360156e+00,-2.851402148320142937e-01,-1.520305899226159951e+01,4.125969520409189961e+00,2.497858452038622890e+00,1.212112179001451961e+00,7.169922955451480950e-01,2.495871748979793914e+00,-1.520305899226159951e+01,4.125969520409189961e+00,2.497858452038622890e+00,1.212112179001451961e+00,7.169922955451480950e-01,2.495871748979793914e+00,-1.121434101581757048e+01,-1.462080674242854039e+00,3.013834895389448931e+00,6.904311945294046016e-01,-8.620307262298868012e-02,-5.655068421232612996e-01
-1.415192578395197920e+01,6.219994553710379570e-01,1.171707553670056079e+00,4.724963257525773841e-01,6.400481529689301397e-01,-6.534752751089433209e-01,-1.844842356727237132e+01,4.882961139082909324e-02,-2.345555904091045196e+00,1.362548099227032017e+00,5.005248699182739403e-01,-2.647702142756472199e+00,-2.080464607009536060e+00,1.388498732928626911e+00,1.077426846500672042e+01,-9.246389636679059124e-03,4.165688636283722879e+00,-3.616823901383103834e-01,-1.459569290364271055e+01,3.465688328055071210e+00,6.797614103149769882e+00,1.257740795169802084e+00,4.205982439635779779e-01,2.680260969593899922e+00,-1.459569290364271055e+01,3.465688328055071210e+00,6.797614103149769882e+00,1.257740795169802084e+00,4.205982439635779779e-01,2.680260969593899922e+00,-9.900305704043340427e+00,-1.715590952407928027e+00,3.433066214426339968e+00,5.960336099677364663e-01,-2.675594854306034276e-01,-6.204675578070132369e-01
-1.410867088209968045e+01,1.087068212607537943e+00,-3.432693365905542960e-03,7.030776424733256036e-01,1.437824647160774062e-03,-7.256562498563934316e-01,-1.904409330166420844e+01,4.482713287554648818e-02,-1.600341492840966939e+00,1.698407804322175974e+00,6.026004851550923469e-01,-2.755451187563882964e+00,-2.020503395316664896e+00,1.010407926452751903e+00,1.064693890799635945e+01,7.004353066649302018e-02,4.936449558076892785e+00,-4.543009496542411152e-01,-1.107001614054903982e+01,1.357899769753480923e+00,5.169572064410583145e+00,9.002200221261644764e-01,4.252894737267943204e-01,2.405333909124200975e+00,-1.107001614054903982e+01,1.357899769753480923e+00,5.169572064410583145e+00,9.002200221261644764e-01,4.252894737267943204e-01,2.405333909124200975e+00,-8.786048675862367929e+00,-2.097793190553451037e+00,3.832183740215620915e+00,4.927453104382272242e-01,-2.287485518325476086e-01,-6.404367280729814649e-01
-1.188929842022825056e+01,1.181636920540430014e+00,1.562980400941694992e+00,8.377744614826219127e-01,-7.278625394514363078e-01,-6.908816566437379070e-01,-1.982543801534895067e+01,-2.489617160929102901e-03,-8.396805311619830459e-01,2.090456148800051928e+00,6.495831823428359630e-01,-2.836357677872638039e+00,-2.306135169861335932e+00,8.593899236283228937e-01,1.038780990550784011e+01,2.697726093241213929e-01,5.655904655280773241e+00,-5.418220318402795499e-01,-9.252630268430397820e+00,2.055204522772969167e+00,3.170254594825316019e+00,6.350010821216011125e-01,4.742544804235189759e-01,2.194131293279114825e+00,-9.252630268430397820e+00,2.055204522772969167e+00,3.170254594825316019e+00,6.350010821216011125e-01,4.742544804235189759e-01,2.194131293279114825e+00,-8.755946470948476446e+00,-2.468187306828593108e+00,3.627542112103685046e+00,4.563476446990256119e-01,6.411484285468239952e-02,-6.079069043185236776e-01
-8.865426587069638487e+00,6.618890863501348809e-01,4.068021838840801152e+00,8.234478864938982179e-01,-7.280253266455025685e-01,-6.567509466571437304e-01,-2.031814394298687176e+01,7.482889910505932107e-01,-2.065399667143471077e-02,2.547587869354388967e+00,6.535365287036668525e-01,-2.866260077451967092e+00,-2.357797700078196002e+00,4.332909261186916883e-01,1.015624076601059045e+01,6.025163088770201236e-01,6.291512130897472410e+00,-5.928499110222351653e-01,-9.912073774617292443e+00,4.134083151222267105e+00,1.294019155661076947e+00,4.893840749956773206e-01,5.447288767470297444e-01,2.068700285707349984e+00,-9.912073774617292443e+00,4.134083151222267105e+00,1.294019155661076947e+00,4.893840749956773206e-01,5.447288767470297444e-01,2.068700285707349984e+00,-9.453424931365915995e+00,-2.688391230864056958e+00,2.775630386815887807e+00,4.887851588737944786e-01,2.975422516837096243e-01,-5.356610183311183437e-01
-7.290171193631009849e+00,-2.517884257552902016e-02,4.977505105749892245e+00,7.171511406952206791e-01,-1.457522173559835099e-01,-6.573991181373474157e-01,-1.980872079035714961e+01,1.842224036493609107e+00,2.898273788272373030e-01,2.928455611710906847e+00,6.727608527761206325e-01,-2.846851292476859197e+00,-2.087167499496584977e+00,4.525692070273257261e-01,1.022764589941244040e+01,1.031936048576411968e+00,6.802318041537919413e+00,-5.796459292184523715e-01,-1.172200771581803025e+01,3.927995965228102015e+00,-3.865364946985754696e-02,4.414907045017678056e-01,5.369288619518035599e-01,1.992618990139783053e+00,-1.172200771581803025e+01,3.927995965228102015e+00,-3.865364946985754696e-02,4.414907045017678056e-01,5.369288619518035599e-01,1.992618990139783053e+00,-1.025105136276648921e+01,-2.814696374141528068e+00,2.030005362920932921e+00,5.566358411341093548e-01,2.889292575128096785e-01,-4.661935424279818885e-01
-7.661486422045073574e+00,-8.313222568705335158e-01,4.178551036275110597e+00,6.224512354386383395e-01,3.112297178505020190e-01,-6.920875853840289249e-01,-1.729331972436381903e+01,2.329074940546579153e+00,-1.929622715937219166e-02,3.110236778433827176e+00,6.916390601886489575e-01,-2.711764253118074119e+00,-2.370500498515669019e+00,1.073112292155143033e+00,1.085776765555280932e+01,1.237892285470040044e+00,7.098594066184785945e+00,-6.641295096978614421e-01,-1.200000732313971952e+01,1.730396766295190014e+00,8.642147593357552005e-01,4.970538985610207239e-01,5.330220340698305082e-01,1.900385574999714056e+00,-1.200000732313971952e+01,1.730396766295190014e+00,8.642147593357552005e-01,4.970538985610207239e-01,5.330220340698305082e-01,1.900385574999714056e+00,-1.070247787733936029e+01,-2.924569472477875021e+00,1.650456263808095958e+00,6.150273677863532518e-01,1.383115346926822864e-01,-4.306785376913461194e-01
-8.680612202537787425e+00,-1.608294527234364057e+00,3.101978869378970938e+00,6.160314567992648538e-01,2.863702481212284101e-01,-7.430251106766692093e-01,-1.328578962342164083e+01,2.436741145891344829e+00,1.397945110996563940e-02,2.945210135477478897e+00,7.061170990565954764e-01,-2.522625933319742053e+00,-4.589758672096676761e+00,8.798875415648588216e-01,1.107745934301610014e+01,1.177231083860291960e+00,7.145231303455947369e+00,-7.854938040174483938e-01,-1.036351179942312939e+01,-5.112483055772869545e-01,1.817431036892207974e+00,8.140373247986992800e-01,6.747850346995571957e-01,1.771679136793367970e+00,-1.036351179942312939e+01,-5.112483055772869545e-01,1.817431036892207974e+00,8.140373247986992800e-01,6.747850346995571957e-01,1.771679136793367970e+00,-1.085374412653786003e+01,-3.114647003034205941e+00,1.449956452996034928e+00,6.384989796223041747e-01,-1.450624970549019982e-02,-4.295146283909339058e-01
-9.264970609364116427e+00,-1.852418767401821986e+00,2.830783058024648913e+00,6.895363401341181309e-01,5.389648044021219664e-02,-7.893411297631519608e-01,-9.754118152209743542e+00,3.233563659225615061e-01,-1.513935141750782032e+00,2.316637314740665143e+00,7.746293408822176874e-01,-2.335349048647215042e+00,-9.978887344319328889e+00,-1.113771220676543106e+00,1.256017097238236069e+01,1.009855853581822061e+00,7.008901321907809567e+00,-6.025360141508925294e-01,-9.817598788301571844e+00,-1.949809678885872921e-01,3.743310270977129317e-02,1.052393252659161060e+00,6.917376012605603863e-01,1.643519802815504915e+00,-9.817598788301571844e+00,-1.949809678885872921e-01,3.743310270977129317e-02,1.052393252659161060e+00,6.917376012605603863e-01,1.643519802815504915e+00,-1.080548937358553019e+01,-3.396758473108684839e+00,1.243411247692411070e+00,6.177794223739987434e-01,-1.103413651978212978e-01,-4.408907341578651162e-01
-9.339336790624111373e+00,-1.721039162789236077e+00,2.953518099353360071e+00,8.090616280453071241e-01,-1.095818738555245919e-02,-8.123353749158881421e-01,-7.525654811463597937e+00,-5.180339495951374218e+00,-2.811243665627315202e+00,1.858512974707090093e+00,7.998734411372933062e-01,-2.228052487998391840e+00,-1.471256160260040069e+01,-3.069908032203076953e+00,1.273674960937754008e+01,9.175034114802735896e-01,7.136734561793221410e+00,4.824260323495910274e-02,-9.797369288958712730e+00,2.308971301201851123e+00,-2.420047383703944011e+00,7.952901867265526059e-01,5.081799429270529300e-01,1.512676949599921050e+00,-9.797369288958712730e+00,2.308971301201851123e+00,-2.420047383703944011e+00,7.952901867265526059e-01,5.081799429270529300e-01,1.512676949599921050e+00,-1.073457060919868056e+01,-3.755423542052981123e+00,1.014764634389726083e+00,5.753078082251170677e-01,-1.688182204961777011e-01,-4.521486735533153944e-01
-9.446495222666907665e+00,-1.498216547663250076e+00,3.093995434897287122e+00,9.227101641987996983e-01,1.331963411103637973e-01,-7.974062746479397834e-01,-7.927601545061174981e+00,-7.429027340651077616e+00,-3.564277390366890064e+00,1.521364058710374945e+00,7.588176319911326129e-01,-2.105310930968338212e+00,-1.387299801677053068e+01,-9.590156039426223078e-01,1.034753837355941997e+01,1.182999823057401034e+00,7.307850999522075064e+00,5.918076197977744091e-01,-9.682288216488714738e+00,3.924595020102063181e+00,-3.025448498798517960e+00,2.501251397075808791e-01,3.569600125494616916e-01,1.377642298300135071e+00,-9.682288216488714738e+00,3.924595020102063181e+00,-3.025448498798517960e+00,2.501251397075808791e-01,3.569600125494616916e-01,1.377642298300135071e+00,-1.070027599227302062e+01,-4.107080929809994174e+00,8.719676613777163077e-01,5.325010209478429068e-01,-2.021487225273820021e-01,-4.433337001981800252e-01
-1.021859000166694997e+01,-1.199087560954898102e+00,3.373358301961395078e+00,9.631986677844962541e-01,3.437863992994815154e-01,-7.558741104825549284e-01,-8.459649517245349415e+00,-5.251559711091576155e+00,-1.918293473709260066e+00,1.407223132650541109e+00,4.307842949860902215e-01,-1.874274946382068929e+00,-1.162198217866485983e+01,-6.898102059765853777e-02,1.068253540278763047e+01,1.408849120368913965e+00,6.966872012368058975e+00,9.156578894936278079e-01,-1.010846293784383931e+01,3.557954865117226806e+00,-2.651106624833999170e+00,-2.253935448157743937e-01,2.389837067614319077e-01,1.232281750568779977e+00,-1.010846293784383931e+01,3.557954865117226806e+00,-2.651106624833999170e+00,-2.253935448157743937e-01,2.389837067614319077e-01,1.232281750568779977e+00,-1.052438298514324977e+01,-4.297363714510845867e+00,9.225065874089112272e-01,5.126796593041116346e-01,-2.288489942187980908e-01,-4.008043900916050117e-01
-1.152110858275512051e+01,-9.054295454146141786e-01,3.596704909414139895e+00,9.210193666327002315e-01,4.798633739067976745e-01,-6.945720228064061752e-01,-6.902695906327067199e+00,-4.008022290770359319e+00,7.458892055370840435e-01,1.637076816800552947e+00,2.841420945483967841e-01,-1.639011245169397890e+00,-9.648951511532011693e+00,-1.564471467968872043e+00,1.187824278838684933e+01,1.766340431796499022e+00,6.693464978222596784e+00,1.319696827042257103e+00,-1.049677190557265050e+01,1.866124895994327959e+00,-2.176455071529963092e+00,-5.336258767906261191e-01,1.990164546316265104e-01,1.116028022311430945e+00,-1.049677190557265050e+01,1.866124895994327959e+00,-2.176455071529963092e+00,-5.336258767906261191e-01,1.990164546316265104e-01,1.116028022311430945e+00,-1.025680930322704931e+01,-4.369269002723010331e+00,1.246214576412699948e+00,5.017100822464722887e-01,-2.095527721257071097e-01,-3.344333746603557200e-01
-1.256049157141051964e+01,-5.940675864898027347e-01,3.409342013781039959e+00,8.452428746327202980e-01,4.540776572039196823e-01,-6.001434779481485959e-01,-5.971726729573192394e+00,-3.338246633380239192e+00,-7.845928885969698507e-01,1.616570366692432925e+00,3.030143448834046183e-01,-1.464179660318084997e+00,-8.796394265386155098e+00,-1.982747651299975100e+00,1.324636867991424971e+01,2.701274116381355839e+00,6.688509920289417821e+00,1.732203003692821985e+00,-1.007893365673450070e+01,7.650723105751422448e-02,-2.105323857059859805e+00,-6.177952668633878153e-01,2.440004076673261135e-01,1.028585326256534982e+00,-1.007893365673450070e+01,7.650723105751422448e-02,-2.105323857059859805e+00,-6.177952668633878153e-01,2.440004076673261135e-01,1.028585326256534982e+00,-1.006514123813104078e+01,-4.355727201355340306e+00,1.693609988481890039e+00,4.894692964024013881e-01,-1.015085007230470959e-01,-2.535117313502326941e-01
-1.273975339890503022e+01,-2.125700779804741980e-01,2.927101560085783039e+00,7.698140885057171978e-01,3.107052255732795087e-01,-4.831812915225793259e-01,-5.188830621627325002e+00,-3.486194153654733174e+00,-1.646251072975762897e+00,1.340838150042479082e+00,2.313743771251605963e-01,-1.297564207813306947e+00,-9.449241305764857657e+00,-2.826156069514571989e+00,1.845734228113645869e+01,3.826278654264292811e+00,6.215791472397397044e+00,1.797151083266862903e+00,-9.669177467930138548e+00,-6.310476106335835000e-01,-2.041012839747347929e+00,-5.385882188000417070e-01,2.661198830346696020e-01,9.761200402421681410e-01,-9.669177467930138548e+00,-6.310476106335835000e-01,-2.041012839747347929e+00,-5.385882188000417070e-01,2.661198830346696020e-01,9.761200402421681410e-01,-1.003118733286811981e+01,-4.176563173833828024e+00,2.077266345832163186e+00,4.743140890467690274e-01,2.916782904351000044e-02,-1.738132039540619123e-01
-1.212747128312206080e+01,2.589928742717966803e-01,2.622213717781289866e+00,6.905683179251380643e-01,1.975619530484784003e-01,-3.594815849029620036e-01,-3.629975698846337195e+00,-4.079405485607084714e+00,-2.475385477252332045e+00,9.125735360081843606e-01,2.716510919267496882e-01,-1.147393274089036019e+00,-1.069491988938488980e+01,-4.867646061533409174e+00,2.336094682127843924e+01,4.124871170781691632e+00,4.685258393218693307e+00,1.276854319111967895e+00,-9.587334290156366734e+00,-7.480289108117400554e-01,-1.418290480420006938e+00,-3.077138090290862937e-01,2.994608626584209232e-01,9.449475968544895910e-01,-9.587334290156366734e+00,-7.480289108117400554e-01,-1.418290480420006938e+00,-3.077138090290862937e-01,2.994608626584209232e-01,9.449475968544895910e-01,-1.002557673835167940e+01,-3.953539180194055813e+00,2.359999619962250161e+00,4.660875118936995132e-01,9.604866752716680056e-02,-1.036361826157422977e-01
-1.136544715436495068e+01,8.045040990983713947e-01,2.687288316652460818e+00,6.091967585281536923e-01,1.845407228338920014e-01,-2.346501529209135961e-01,-2.455931816823683889e+00,-2.736495735437253884e+00,-4.758746547276638594e+00,6.038755084844857901e-01,3.670992831117010913e-01,-8.677765112992484875e-01,-1.196297722990795087e+01,-6.156165816511670386e+00,2.137831939164027872e+01,3.555047169075950197e+00,2.485249298386737138e+00,3.383479833915730151e-01,-1.002043437835716944e+01,-5.303206142388038336e-01,-1.033701774483297919e+00,-4.984945161036893890e-02,3.397888401783059065e-01,8.995578777524617653e-01,-1.002043437835716944e+01,-5.303206142388038336e-01,-1.033701774483297919e+00,-4.984945161036893890e-02,3.397888401783059065e-01,8.995578777524617653e-01,-9.977740228092198294e+00,-3.724918875821829900e+00,2.625238615496429784e+00,4.739972001174553862e-01,1.234710845086877951e-01,-4.726085836695034792e-02
-1.099650982273658073e+01,1.187300816657036018e+00,2.845146860002814915e+00,5.457960572725493176e-01,2.012157861530040892e-01,-1.143623639046421059e-01,-2.522097679205081988e+00,-1.468076126252267910e-01,-5.903307570107338087e+00,4.720688353378956759e-01,3.595742027514174932e-01,-4.809006119783085231e-01,-1.039423451276559973e+01,-3.953622111739536038e+00,1.731967034212349077e+01,2.805969076395859130e+00,2.874668255881280832e-01,-8.588498891235298860e-01,-1.031341493697392941e+01,5.008910463324615231e-02,-1.538907882713135944e+00,1.350444159100925960e-02,3.588044059181970113e-01,8.523056563876922898e-01,-1.031341493697392941e+01,5.008910463324615231e-02,-1.538907882713135944e+00,1.350444159100925960e-02,3.588044059181970113e-01,8.523056563876922898e-01,-9.961240768432617188e+00,-3.528631753749400968e+00,2.724554070464539013e+00,4.985023827165552257e-01,1.721057818856142063e-01,-8.955188197129423239e-03
-1.097219589705107978e+01,1.348964967211270904e+00,2.872537005515324982e+00,5.011426317298101063e-01,1.276453077655783086e-01,-2.284786899998988985e-03,-2.967248973560845826e+00,1.909022947757605060e+00,-4.160734181883758431e+00,3.437497470883538742e-01,3.500993302297433774e-01,-6.568111324054003164e-02,-5.058646724932753358e+00,-2.842079439653962147e+00,1.488085708786631933e+01,1.876439588776747991e+00,-1.362350758708749998e+00,-1.876172961177914100e+00,-1.001124239669755056e+01,3.996459681559322852e-01,-2.704501521216606807e+00,-9.828244831613766608e-02,3.097564329010690232e-01,8.039777826655616355e-01,-1.001124239669755056e+01,3.996459681559322852e-01,-2.704501521216606807e+00,-9.828244831613766608e-02,3.097564329010690232e-01,8.039777826655616355e-01,-1.003248491509413931e+01,-3.398960250558086926e+00,2.565253337285362978e+00,5.312375622075212744e-01,2.199425967405438109e-01,2.727318250588953857e-02
-1.084769402626884016e+01,1.391644001007080078e+00,2.870275608360821185e+00,4.736493914522221793e-01,-2.543649000363512949e-02,8.695103325599151667e-02,-3.779386102123063029e+00,2.513055855936986216e+00,-1.737083310141420922e+00,4.885732092086338962e-01,3.134282870606138749e-01,3.636056609731250777e-01,1.078487234446390053e+00,-3.955798729210921127e+00,1.056427850281400005e+01,1.155907270576651102e+00,-2.173423383874622861e+00,-2.605118965196286052e+00,-9.802344815522294752e+00,4.632812646592939232e-01,-3.095876899274629945e+00,-2.235933349558895944e-01,2.461816869615074121e-01,7.535344225531410700e-01,-9.802344815522294752e+00,4.632812646592939232e-01,-3.095876899274629945e+00,-2.235933349558895944e-01,2.461816869615074121e-01,7.535344225531410700e-01,-1.014795523671327082e+01,-3.244565952819125076e+00,2.413462342937604976e+00,5.771067773554182656e-01,2.286711419416095903e-01,6.465835564784587486e-02
-1.044176433291764994e+01,1.391644001007080078e+00,2.894687261224997865e+00,4.584988733877770062e-01,-1.235171508582318944e-01,1.478857728059627952e-01,-4.411704618332176864e+00,2.451889967061017028e+00,3.100217944685688121e-01,8.222899662661131703e-01,1.169863845471274949e-01,7.438381052639652102e-01,1.141416376903146901e+00,-4.435863876135266892e+00,5.387558441071782944e+00,1.263081874597794085e+00,-2.136609537629240219e+00,-2.897751732304659988e+00,-9.839166641235351562e+00,4.296777678024690239e-01,-2.730470967631509094e+00,-3.139120075319086212e-01,1.916374455230056006e-01,7.053636595974898116e-01,-9.839166641235351562e+00,4.296777678024690239e-01,-2.730470967631509094e+00,-3.139120075319086212e-01,1.916374455230056006e-01,7.053636595974898116e-01,-1.011864379192915031e+01,-3.064773762346642005e+00,2.380443572998046875e+00,6.280841931679727042e-01,2.189450147750663100e-01,1.059357090739316970e-01
