-9.471493210176735289e+00,-8.511870861526458221e-01,-9.637895428263146824e-01,-6.555969635854071997e-01,-1.815933381990084972e-01,1.250628470644044032e-01,-1.009523638021346059e+01,-1.306001517053420935e+00,-1.010258308968104091e+00,-2.174265262516210107e-01,-1.366895581007339933e-01,-4.410950012088326044e-01,-5.449275298993168981e+00,2.266327163557626090e+00,8.129071419238739438e+00,-1.608257681173322073e-01,4.307885510155841091e-01,1.572500105118088964e-01,-1.403577174942640049e+01,1.605298866158210913e+01,-7.572053935240038669e+00,-2.163480912953993140e+00,-4.625490033396162937e-01,-2.367222350705346035e+00,-1.403577174942640049e+01,1.605298866158210913e+01,-7.572053935240038669e+00,-2.163480912953993140e+00,-4.625490033396162937e-01,-2.367222350705346035e+00,-8.934557157336071143e+00,1.706511550915160047e+00,2.871478685447138801e+00,-4.750861069899154909e-01,1.402587532638573109e-01,6.092092883937050285e-02
-9.415196628775806431e+00,-9.561136676017181202e-01,-9.029490618317242978e-01,-5.996582791449747152e-01,-1.176140787943247001e-01,1.311293085500150890e-01,-1.018593739804035003e+01,-1.379436612129210982e+00,-1.208532929420470969e+00,-2.335076109986395920e-01,-1.516682377730768916e-01,-4.735624819948193731e-01,-5.493364393070181428e+00,2.465862692043344850e+00,8.082350843696184839e+00,-1.719689272263998925e-01,4.450414882552238827e-01,1.523747296743495905e-01,-1.404152460267932945e+01,1.875448574147700143e+01,-8.596110049030105671e+00,-2.409115245152142037e+00,-2.926282095215650969e-01,-1.942315830092538054e+00,-1.404152460267932945e+01,1.875448574147700143e+01,-8.596110049030105671e+00,-2.409115245152142037e+00,-2.926282095215650969e-01,-1.942315830092538054e+00,-8.911404609680174005e+00,1.657058063480588928e+00,2.683351978423103024e+00,-4.907757793627087750e-01,1.469423889167724984e-01,8.206087723374366760e-02
-9.240295088196582185e+00,-9.712071813583862401e-01,-1.050545914470004893e+00,-5.487160453916603009e-01,-4.960927229299798291e-02,1.339896710988563999e-01,-1.016142213297274921e+01,-1.330813204496049895e+00,-1.281467993387900961e+00,-2.194408737795310038e-01,-1.557323394371150083e-01,-5.049715537878732841e-01,-5.285805702209472656e+00,2.673421382904053178e+00,8.138634279191052201e+00,-1.931932704594241101e-01,4.826111535503335159e-01,1.410913337236602005e-01,-1.317218201182713067e+01,2.075446910098731124e+01,-9.902857696456038639e+00,-2.531098825283535803e+00,-3.591006238601558709e-02,-1.451220405771765032e+00,-1.317218201182713067e+01,2.075446910098731124e+01,-9.902857696456038639e+00,-2.531098825283535803e+00,-3.591006238601558709e-02,-1.451220405771765032e+00,-8.921479260068567285e+00,1.593502853357058102e+00,2.415806527542394111e+00,-4.993973259322854186e-01,1.578104035578631048e-01,9.893074662683411236e-02
-9.066529590453829002e+00,-9.159287659081984945e-01,-1.218927403064683945e+00,-4.896923778090979118e-01,2.619033894103271060e-02,1.345866322517395020e-01,-1.017848985242770077e+01,-1.218471309144375958e+00,-1.430535176794649921e+00,-1.938073018396962999e-01,-1.587192131501098113e-01,-5.342347029533620617e-01,-5.304888112064880090e+00,2.717946923079738841e+00,8.071245888194908957e+00,-2.043844958877704121e-01,5.118677512187076450e-01,1.211756372338082949e-01,-1.242522281534933981e+01,2.159818320473289077e+01,-1.089511503085840971e+01,-2.493289337519462023e+00,2.547337010441791949e-01,-8.975371027392500256e-01,-1.242522281534933981e+01,2.159818320473289077e+01,-1.089511503085840971e+01,-2.493289337519462023e+00,2.547337010441791949e-01,-8.975371027392500256e-01,-9.114888179505143739e+00,1.480509774123113020e+00,2.395791603236319123e+00,-4.895104264596596977e-01,1.522505104629510997e-01,1.111972926797946959e-01
-8.941580711620556343e+00,-7.791491682827853538e-01,-1.337052816254787002e+00,-4.275505609499514192e-01,1.054819895386970019e-01,1.345866322517395020e-01,-1.015429584100855998e+01,-1.091652443737618938e+00,-1.503885537702539965e+00,-1.664717863993898928e-01,-1.608650010953132092e-01,-5.632907016610237960e-01,-5.311333086584314245e+00,2.892042190793929990e+00,8.004875469952345668e+00,-2.139984203215737069e-01,5.315619251509260401e-01,8.880569529597467926e-02,-1.288968018309710928e+01,2.031997516057262843e+01,-9.758899224947576556e+00,-2.452613683596049032e+00,4.039939809335421073e-01,-3.032076554755642195e-01,-1.288968018309710928e+01,2.031997516057262843e+01,-9.758899224947576556e+00,-2.452613683596049032e+00,4.039939809335421073e-01,-3.032076554755642195e-01,-9.273564042316332134e+00,1.305242180381803063e+00,2.450555434776882091e+00,-4.749968580593605938e-01,1.430221629668393113e-01,1.131140270511074991e-01
-8.860080780521514043e+00,-5.544523907605036772e-01,-1.536951464991415994e+00,-3.867728758242822140e-01,1.819067211240850135e-01,1.317612032095591135e-01,-1.004692450170325912e+01,-1.017958709019243013e+00,-1.569663900872467988e+00,-1.467716040340558969e-01,-1.610726415195405936e-01,-5.876585176158305446e-01,-5.220458923641133175e+00,2.973376193873038975e+00,7.986309211069782421e+00,-2.191588583889217956e-01,5.465145843323842012e-01,5.193561042601284317e-02,-1.484177434372715965e+01,1.768102438245709962e+01,-3.213233073725370925e+00,-2.547602892166121791e+00,4.522335225277333004e-01,2.645044563202033072e-01,-1.484177434372715965e+01,1.768102438245709962e+01,-3.213233073725370925e+00,-2.547602892166121791e+00,4.522335225277333004e-01,2.645044563202033072e-01,-9.436617972130139975e+00,1.048291081946326919e+00,2.387024829946549076e+00,-4.687527944208060848e-01,1.401203222512711066e-01,1.107044765472244008e-01
-8.890533765157062618e+00,-2.830017311598664875e-01,-1.909605444118541051e+00,-3.489857069266740219e-01,2.553906991917599956e-01,1.211141760471046991e-01,-9.997744832685199867e+00,-1.149509953335642987e+00,-1.664947302686593078e+00,-1.314445209193439990e-01,-1.691613600399924089e-01,-6.017820248984655507e-01,-5.340483549384870798e+00,2.826269265861710789e+00,7.943329168254033235e+00,-2.091781452219967918e-01,5.600770609518881393e-01,1.431821201246484022e-02,-1.261272427343947022e+01,8.128588225065509931e+00,3.736038723416720941e+00,-2.256213823094741056e+00,6.327145457969620690e-01,4.442134542348030180e-01,-1.261272427343947022e+01,8.128588225065509931e+00,3.736038723416720941e+00,-2.256213823094741056e+00,6.327145457969620690e-01,4.442134542348030180e-01,-9.681420797394162392e+00,7.796973157109058361e-01,2.289049869552245209e+00,-4.649997657184242184e-01,1.232472762244238990e-01,1.030621128527497987e-01
-9.106985317763461651e+00,-1.141982934167307950e-01,-2.315337537437356819e+00,-3.130362165230576865e-01,3.202376138138515183e-01,9.708659519110957037e-02,-1.000533593781350028e+01,-1.446958607090355953e+00,-1.723611266702733902e+00,-1.074794333063817942e-01,-1.794488281011580866e-01,-6.162672924098148153e-01,-5.481349012269402188e+00,2.844325065612792969e+00,7.834621466799266187e+00,-2.001546544756757917e-01,5.799796346420517112e-01,-1.647753393157355001e-02,-8.865874858423122618e+00,-4.419390944013763090e+00,7.770597269482273362e+00,-1.234862088897721977e+00,6.214558597366589554e-01,4.740811337525083213e-01,-8.865874858423122618e+00,-4.419390944013763090e+00,7.770597269482273362e+00,-1.234862088897721977e+00,6.214558597366589554e-01,4.740811337525083213e-01,-9.942120378223737731e+00,5.099169014663618160e-01,2.414234243779687983e+00,-4.508967383421815800e-01,1.101029062471021031e-01,9.210846681077237974e-02
-9.455201388107255411e+00,-4.095800366869171982e-02,-2.618410711112681977e+00,-3.008732931090273843e-01,3.637890293498083905e-01,6.573285579273249746e-02,-1.006323866298627934e+01,-1.687115036040766070e+00,-1.663089162634558082e+00,-8.510625539221192137e-02,-1.951734572668072099e-01,-6.404183307724107266e-01,-5.862881522958018898e+00,2.685424143596997215e+00,7.746204349061796890e+00,-2.004143640267380955e-01,6.018612878767823915e-01,-4.130928121239201695e-02,-6.897478093200016147e+00,-9.525197015563097835e+00,1.046763281558516034e+01,-1.093965391936023990e-01,2.282456414739726103e-01,3.877610390842785026e-01,-6.897478093200016147e+00,-9.525197015563097835e+00,1.046763281558516034e+01,-1.093965391936023990e-01,2.282456414739726103e-01,3.877610390842785026e-01,-1.028517307294186978e+01,2.219422721774308993e-01,2.597967927035451208e+00,-4.332852661685929196e-01,8.956420750364123273e-02,7.575839167708230126e-02
-9.836496433232664316e+00,4.304156477691360033e-02,-2.761359341164093983e+00,-2.990813851356505793e-01,3.611767139692094175e-01,3.749223445249835751e-02,-1.015447167455272925e+01,-1.614145063587804962e+00,-1.538132786750793013e+00,-4.750666337359839286e-02,-2.227942178884551871e-01,-6.607110211278730549e-01,-5.502215094891073299e+00,2.434097233211694800e+00,8.014410420435853055e+00,-1.730837008786610121e-01,5.874632440099213371e-01,-7.425815271498817371e-02,-4.504273911345162418e+00,-7.857203789165012608e+00,6.866837253525393869e+00,9.781917917214235647e-01,3.181188273388198262e-02,2.924798630949447809e-01,-4.504273911345162418e+00,-7.857203789165012608e+00,6.866837253525393869e+00,9.781917917214235647e-01,3.181188273388198262e-02,2.924798630949447809e-01,-1.064757677150771009e+01,3.413415776577356092e-02,2.794484241780085920e+00,-4.262453983587333739e-01,4.498473615157261990e-02,5.322373650310867343e-02
-1.013131693678050027e+01,1.191772556111919956e-01,-2.773977268402819885e+00,-3.023763379244435723e-01,3.029558687971142805e-01,3.005388067074718939e-03,-1.007346845585574080e+01,-1.564774097164080002e+00,-1.557557160107011951e+00,-1.586267202053136954e-02,-2.324078045885555888e-01,-6.835558006465320968e-01,-5.324362103130087398e+00,2.869610058762392057e+00,7.994354105477874839e+00,-1.706855937630666897e-01,6.644315387747069535e-01,-8.695609334979764737e-02,-5.200635015514286863e+00,-2.893973561090843027e+00,-1.943349609727851091e+00,1.659033598736235904e+00,-9.227150554800098159e-03,3.046756581229355110e-01,-5.200635015514286863e+00,-2.893973561090843027e+00,-1.943349609727851091e+00,1.659033598736235904e+00,-9.227150554800098159e-03,3.046756581229355110e-01,-1.093497466418656039e+01,-1.407717395566704041e-02,3.006760778170857851e+00,-4.275317931472683020e-01,4.532145142498034650e-03,2.881743936243532853e-02
-1.032413230655776992e+01,1.572447352261056863e-01,-2.606839213407285971e+00,-3.046761412604065966e-01,2.205921388207973122e-01,-4.194103540969722210e-02,-1.023630398006089948e+01,-1.647857270700959109e+00,-1.562689818875762082e+00,2.186948299321180011e-02,-2.488162383164423119e-01,-7.094065584676237934e-01,-5.969351609792087565e+00,2.569692691045116995e+00,7.990767444272682596e+00,-1.501581744618495917e-01,6.778724367534326722e-01,-1.263438907918781051e-01,-7.829438468334099177e+00,-7.807018832688078502e-02,-1.054303953047753062e+01,1.826361788991226032e+00,-1.918428405091483074e-02,3.308671896441500726e-01,-7.829438468334099177e+00,-7.807018832688078502e-02,-1.054303953047753062e+01,1.826361788991226032e+00,-1.918428405091483074e-02,3.308671896441500726e-01,-1.110502368224718950e+01,-5.378071325322589247e-02,3.084311122031083929e+00,-4.332497042564801837e-01,-5.269397023386585693e-02,7.570434503344077373e-03
-1.053658786274137960e+01,2.300514241769200108e-01,-2.235698795034771980e+00,-3.065202654827208772e-01,1.568269896365347138e-01,-9.530675695056006758e-02,-1.065338764005115024e+01,-1.587549993305771956e+00,-1.525925397872925027e+00,7.699688764349106596e-02,-2.712709902419960795e-01,-7.403423896338837684e-01,-5.536793287617488346e+00,2.814542234783011132e+00,8.336444288194712726e+00,-1.367229223251343051e-01,7.312796383463027183e-01,-1.598610222598980113e-01,-1.305550379162255048e+01,1.329192760017549046e+00,-1.309054464141467022e+01,1.414265296571205033e+00,-1.186078829815753050e-02,3.725052109046342874e-01,-1.305550379162255048e+01,1.329192760017549046e+00,-1.309054464141467022e+01,1.414265296571205033e+00,-1.186078829815753050e-02,3.725052109046342874e-01,-1.103549289703368963e+01,-1.545526371041257008e-01,3.246127236199168209e+00,-4.448206118488837180e-01,-1.017258725397628960e-01,-1.176698874259259932e-02
-1.090339119093759024e+01,3.697099281208854893e-01,-1.828494636785416017e+00,-3.316598910660971122e-01,1.401053863976683134e-01,-1.573483433042253965e-01,-1.117580546175462963e+01,-1.285158876999183075e+00,-1.516218242252171944e+00,1.261445402610746891e-01,-2.864438386159984806e-01,-7.817813592633404696e-01,-5.594163151407589574e+00,2.903638222018853021e+00,8.484628317557868726e+00,-1.350573178191387114e-01,8.216955590425143452e-01,-2.061466533767475906e-01,-1.749608095694491894e+01,3.030283484346613099e-02,-5.721868668108246681e+00,6.879055188120906106e-01,4.660799695561314293e-02,4.359290141610384084e-01,-1.749608095694491894e+01,3.030283484346613099e-02,-5.721868668108246681e+00,6.879055188120906106e-01,4.660799695561314293e-02,4.359290141610384084e-01,-1.101878504599294040e+01,-3.138483983855093751e-01,3.450982366289411019e+00,-4.339928909930215739e-01,-1.476899005026311995e-01,-3.339807666872503938e-02
-1.135792349890306063e+01,4.839280784770843002e-01,-1.553700633112476082e+00,-3.704021944775738873e-01,1.517651583289044981e-01,-2.202734307907779077e-01,-1.161097729538663081e+01,-9.042664274462721696e-01,-1.462691888468693024e+00,1.635786229451355045e-01,-2.948088049888610840e-01,-8.304470583914733695e-01,-5.568291481273909937e+00,3.117261149827426969e+00,8.549327313266793738e+00,-1.342013655670256933e-01,9.089035518676267245e-01,-2.634446503303427001e-01,-1.444429625685985030e+01,-8.626268401215519965e-01,-6.583934474757433541e-01,3.651557303640822205e-01,2.235599745043991005e-01,4.204490751455334241e-01,-1.444429625685985030e+01,-8.626268401215519965e-01,-6.583934474757433541e-01,3.651557303640822205e-01,2.235599745043991005e-01,4.204490751455334241e-01,-1.068857035699146074e+01,-4.859871326015829940e-01,3.375882802913949821e+00,-4.411053937324210250e-01,-1.717949098856637880e-01,-6.026382250499170284e-02
-1.167226853971290979e+01,5.625359422722293612e-01,-1.459514462148234104e+00,-4.013740517851395184e-01,1.333790102184841120e-01,-2.700789524914665174e-01,-1.182380363611845020e+01,-5.186779114306011573e-01,-1.365042754544931958e+00,1.796540940022318955e-01,-2.956577416663437874e-01,-8.902434359025961363e-01,-5.430850717756483093e+00,3.477381628046753104e+00,8.640150789718900270e+00,-1.535950578669066091e-01,1.007996525815737954e+00,-3.345752778766830082e-01,-8.913836981654014835e+00,2.195270406031260890e+00,-2.064791469431180193e+00,1.311549924720208926e-01,3.368032547727031756e-01,3.329202513965401899e-01,-8.913836981654014835e+00,2.195270406031260890e+00,-2.064791469431180193e+00,1.311549924720208926e-01,3.368032547727031756e-01,3.329202513965401899e-01,-1.035731182957928986e+01,-6.744859754665302187e-01,3.263579131546284096e+00,-4.615570446918690894e-01,-1.485803056016589130e-01,-8.973385234993042081e-02
-1.171420409123112982e+01,5.996236570754491790e-01,-1.436561192285841893e+00,-4.426921088442550833e-01,7.035680514476973235e-02,-2.991269072695362796e-01,-1.188515958172036058e+01,-3.316310781050503254e-01,-1.306192159652709961e+00,1.709726935756293031e-01,-2.948226012403004082e-01,-9.528413128871153770e-01,-5.325599139628277356e+00,3.497485045005147786e+00,8.673599135274621119e+00,-1.814749525549589904e-01,1.113903719871770948e+00,-4.130579749656694277e-01,-8.854811380169541835e+00,6.761584088549636107e+00,-3.135563363341630883e+00,-3.502670258867300879e-01,2.740564767139664903e-01,2.904209382736677170e-01,-8.854811380169541835e+00,6.761584088549636107e+00,-3.135563363341630883e+00,-3.502670258867300879e-01,2.740564767139664903e-01,2.904209382736677170e-01,-1.021992938167288933e+01,-7.342957249908979023e-01,3.107950518626525049e+00,-4.853830126356287744e-01,-1.491507813773126911e-01,-1.103432347735063962e-01
-1.144168583224423941e+01,5.214785214820205628e-01,-1.319343521689319010e+00,-4.854132029512995827e-01,3.196511928179538841e-03,-2.974112753586676816e-01,-1.188265411291009954e+01,-6.552306581050142409e-01,-1.311042612171515076e+00,1.565790945865286055e-01,-2.882090280499142732e-01,-1.004603165299601031e+00,-5.420210537539906781e+00,3.271584033966064009e+00,8.659976795867072141e+00,-1.922254479812028072e-01,1.233004227732745095e+00,-4.888433015441149831e-01,-1.049222751587651992e+01,5.570345675820182585e+00,-1.388694459082816968e+00,-7.499243911267059470e-01,1.976475310117379869e-01,2.839982669113053082e-01,-1.049222751587651992e+01,5.570345675820182585e+00,-1.388694459082816968e+00,-7.499243911267059470e-01,1.976475310117379869e-01,2.839982669113053082e-01,-1.003263901205538033e+01,-7.666039758205841492e-01,2.999222803311145213e+00,-5.152334698287439618e-01,-1.203144888613985053e-01,-1.162665183687505988e-01
-1.090797998644612044e+01,4.126036630465241828e-01,-1.147972417542902024e+00,-5.004912181861081999e-01,-2.341299615028052949e-02,-2.590840835079439852e-01,-1.189001083374023082e+01,-1.156162166778506029e+00,-1.216579052476034928e+00,1.659420627435657936e-01,-2.843319330242911058e-01,-1.039641887609271009e+00,-5.733979631687850187e+00,3.198669283884092884e+00,8.550576091255159383e+00,-1.901717364261661103e-01,1.351215848159228905e+00,-5.623140188073983969e-01,-1.129547082402613967e+01,1.108185635274175018e+00,-4.231816514469936008e-01,-6.870597235647637469e-01,2.193652348777209993e-01,2.074193673919217940e-01,-1.129547082402613967e+01,1.108185635274175018e+00,-4.231816514469936008e-01,-6.870597235647637469e-01,2.193652348777209993e-01,2.074193673919217940e-01,-9.996021603982578441e+00,-7.091840248200678154e-01,2.689239571986485000e+00,-5.435324956509302030e-01,-9.126326808047693917e-02,-1.125251991583949007e-01
-1.037679565337396070e+01,3.569462217630878786e-01,-1.150908736665616106e+00,-4.872046197934816747e-01,1.037998537709903038e-02,-2.013267209639900135e-01,-1.188515962216695954e+01,-1.571144277356181895e+00,-9.359087816999460685e-01,1.902526927849091942e-01,-2.900840624446947014e-01,-1.068092522721374005e+00,-5.923293236121516259e+00,2.854579492514781158e+00,8.518530636453739646e+00,-1.913942096024058015e-01,1.463117018391600022e+00,-6.334275336011706559e-01,-1.071944677539880963e+01,-1.033123738600342900e+00,-1.381267577508906941e+00,-3.502280801679583111e-01,2.776397031714978869e-01,1.513614925065552008e-01,-1.071944677539880963e+01,-1.033123738600342900e+00,-1.381267577508906941e+00,-3.502280801679583111e-01,2.776397031714978869e-01,1.513614925065552008e-01,-9.966141852995541228e+00,-4.864129047206994794e-01,2.523256664528857218e+00,-5.616352961732153926e-01,-5.794007974605130257e-02,-9.864087532449816731e-02
-1.007453133042995042e+01,3.457123540528785899e-01,-1.308139201988028910e+00,-4.616542462272882896e-01,6.733446926759775741e-02,-1.393741482007568033e-01,-1.182921164383370005e+01,-1.935642882359557060e+00,-6.280305202572137313e-01,2.340278601209286879e-01,-2.992784016060338059e-01,-1.086918133940478093e+00,-5.880346228633242411e+00,2.427904308177969206e+00,8.572306545343511885e+00,-1.825334937509608957e-01,1.584589613320213974e+00,-6.891574345365036880e-01,-1.022580943520229013e+01,-1.717580990063735102e+00,-2.150834497401973966e+00,-2.720467475396940935e-02,2.946097241934910183e-01,2.142071177867272969e-01,-1.022580943520229013e+01,-1.717580990063735102e+00,-2.150834497401973966e+00,-2.720467475396940935e-02,2.946097241934910183e-01,2.142071177867272969e-01,-1.006626745474926921e+01,-2.111377666611629900e-01,2.453074176078994029e+00,-5.783514811509339326e-01,-2.141038947558735958e-02,-8.448483406952009278e-02
-9.958801664331907944e+00,3.286263659649851787e-01,-1.360884828913595967e+00,-4.539197456345335779e-01,7.964209497882901445e-02,-8.212104311887188923e-02,-1.167799704378833958e+01,-2.065541961927995107e+00,-4.128077514984639929e-01,2.804329573833447831e-01,-3.061225307610361268e-01,-1.108247476788710051e+00,-5.939614324281597746e+00,2.268751783610245099e+00,8.481863697186776463e+00,-1.719318685344531084e-01,1.726653261942797890e+00,-7.396374101890275110e-01,-9.685161043736169262e+00,-1.641434042062861032e+00,-1.818018713376440054e+00,3.462086933707055891e-01,2.918482441633927782e-01,2.758647288202584202e-01,-9.685161043736169262e+00,-1.641434042062861032e+00,-1.818018713376440054e+00,3.462086933707055891e-01,2.918482441633927782e-01,2.758647288202584202e-01,-1.021149976200704046e+01,-4.882961139082909324e-02,2.439036345698589070e+00,-5.878021326371518640e-01,-2.082826732666792115e-03,-6.483497158658213522e-02
-9.860185244457477793e+00,2.217063785613818949e-01,-1.209542154564039018e+00,-4.663509628162196274e-01,4.388632881759049059e-02,-3.367467844128869264e-02,-1.156526838068496943e+01,-2.079989674117888043e+00,-2.568617004738579790e-01,3.046069592561700956e-01,-3.176206522549098188e-01,-1.142197509009081902e+00,-6.266472894038004782e+00,2.089267558879404962e+00,8.291537459156325340e+00,-1.648895895547481116e-01,1.856248030585637032e+00,-7.837052368925487844e-01,-9.038484351153623919e+00,-2.790995805887114267e-01,-1.887932461761905989e+00,6.145231940501815204e-01,2.667218753453972080e-01,2.563938985956323857e-01,-9.038484351153623919e+00,-2.790995805887114267e-01,-1.887932461761905989e+00,6.145231940501815204e-01,2.667218753453972080e-01,2.563938985956323857e-01,-1.032991308893145010e+01,-4.821713208440826098e-02,2.385913808901483968e+00,-5.944261082793630413e-01,-1.443291520329141944e-03,-3.657760345562387216e-02
-9.767393141240930277e+00,9.817340714214796427e-02,-1.070353742598755042e+00,-4.729771189302903744e-01,1.346117832949864958e-02,2.728419602794816823e-03,-1.153862142050138040e+01,-2.090091318212529803e+00,-1.758916091213945029e-02,3.184918162002358111e-01,-3.442996499999876892e-01,-1.175123358285554920e+00,-6.233932844504783688e+00,1.964491878649057055e+00,8.299219830244917162e+00,-1.540901685296665047e-01,1.959373213316438989e+00,-8.047103232914402104e-01,-9.083992251905604220e+00,1.617026359613271014e+00,-2.424633293588783989e+00,6.311870467671965024e-01,2.608276433138583261e-01,2.590065749520867877e-01,-9.083992251905604220e+00,1.617026359613271014e+00,-2.424633293588783989e+00,6.311870467671965024e-01,2.608276433138583261e-01,2.590065749520867877e-01,-1.037812592530699085e+01,-3.662221133708953857e-02,2.254704174488252999e+00,-6.046250970846068773e-01,-8.759003611295579708e-03,8.562408164992276870e-04
-9.759083921558708852e+00,3.662221133708953857e-02,-1.098153761311132071e+00,-4.624690462414470238e-01,2.579727998301606026e-02,1.849961457241211873e-02,-1.141432504020425931e+01,-1.951226837028084082e+00,1.512105518442543872e-01,3.230290748078830099e-01,-3.769856428659085767e-01,-1.203938609428020001e+00,-5.946350801895847304e+00,1.914295240872406989e+00,8.357561668665510979e+00,-1.659552825656054054e-01,2.096643313576711076e+00,-8.172115427682087319e-01,-9.368675956345191125e+00,2.246302840896465813e+00,-2.801814611240100117e+00,4.994394810106347893e-01,2.605402785283262856e-01,2.372411967994796922e-01,-9.368675956345191125e+00,2.246302840896465813e+00,-2.801814611240100117e+00,4.994394810106347893e-01,2.605402785283262856e-01,2.372411967994796922e-01,-1.041535293341781987e+01,-3.966937396681070871e-02,2.186343976246412968e+00,-6.053731877774504166e-01,-1.356432890339243948e-02,3.935821123203740030e-02
-9.803491712394663438e+00,5.272323475228248707e-02,-1.191905314632738966e+00,-4.449112582196044774e-01,6.651048652630342506e-02,1.278099733368220046e-02,-1.128948983997183042e+01,-1.804337667201155071e+00,2.293044702420312109e-01,3.023710160478529918e-01,-4.052041835445839846e-01,-1.238759979857460891e+00,-6.130779241209327601e+00,1.955459786022984980e+00,8.211531847120246752e+00,-2.092306360228514961e-01,2.254636281463224812e+00,-8.299070786221236506e-01,-8.994278168687438679e+00,2.058880998461801948e+00,-2.936803022267707952e+00,3.283547526565173125e-01,2.802815508265723010e-01,1.587161259928570878e-01,-8.994278168687438679e+00,2.058880998461801948e+00,-2.936803022267707952e+00,3.283547526565173125e-01,2.802815508265723010e-01,1.587161259928570878e-01,-1.045626014163608986e+01,-1.061901875249360028e-01,2.209539890289307085e+00,-5.998191933663633568e-01,-2.867825851526217135e-02,7.866615507001686880e-02
-9.872838919063866570e+00,1.000750835658767990e-01,-1.238313832804293968e+00,-4.342666270866554767e-01,8.818673367644966343e-02,-9.473043779331832143e-03,-1.129170580909969956e+01,-1.835680678759556983e+00,3.196064717261842825e-01,2.713593065540326199e-01,-4.352800157324048791e-01,-1.273788491818750090e+00,-6.351012143499183082e+00,1.825737252974501068e+00,8.095344382334529243e+00,-2.397024538427587059e-01,2.399944012317341890e+00,-8.514298850895269943e-01,-8.906605044207204003e+00,2.152268948932825054e+00,-3.372643585578637193e+00,6.365897996886168975e-02,2.976093435029584788e-01,7.916531500707466029e-02,-8.906605044207204003e+00,2.152268948932825054e+00,-3.372643585578637193e+00,6.365897996886168975e-02,2.976093435029584788e-01,7.916531500707466029e-02,-1.034701583493188082e+01,-2.752485960496917072e-01,2.202246393389025947e+00,-5.903134520099941884e-01,-4.662171940457632974e-02,1.135382462895116046e-01
-9.857285687524949935e+00,2.147528222524391073e-01,-1.191507522029159105e+00,-4.402398427169830208e-01,8.054687693955375760e-02,-4.159570428620740917e-02,-1.129449939178502049e+01,-1.872885662081543057e+00,4.026943089050198932e-01,2.521222639973392798e-01,-4.714121992977423070e-01,-1.309251616282788966e+00,-6.379024333424038851e+00,1.740112841342940087e+00,7.929463220753550701e+00,-2.411927455054815872e-01,2.531190603437388997e+00,-8.681189737225946113e-01,-9.410249868642196702e+00,1.744775845957796889e+00,-3.640117003611623048e+00,-1.985367264154700995e-01,3.144970067092403010e-01,7.271690368289968759e-03,-9.410249868642196702e+00,1.744775845957796889e+00,-3.640117003611623048e+00,-1.985367264154700995e-01,3.144970067092403010e-01,7.271690368289968759e-03,-1.024754878766800914e+01,-4.113336973070655933e-01,2.056380985854850962e+00,-5.828903288988370734e-01,-6.098356940955851346e-02,1.410946490677320864e-01
-9.743551642480898778e+00,4.353786496797464878e-01,-1.064088031992934003e+00,-4.584766032600549046e-01,7.954337523417538691e-02,-8.072309804287740309e-02,-1.114599007789965945e+01,-1.651450897505108983e+00,4.394665062427520752e-01,2.242161567920943899e-01,-4.945110210486812208e-01,-1.343427929990532066e+00,-6.480713958610848202e+00,2.123978889539301917e+00,7.673116308495709248e+00,-2.802742983495992157e-01,2.659382686287862896e+00,-8.967196076486627643e-01,-9.708267344246749531e+00,1.021233947626212002e+00,-3.504168497862965026e+00,-3.283441493710186898e-01,3.278114508496023927e-01,-4.167471895126947240e-02,-9.708267344246749531e+00,1.021233947626212002e+00,-3.504168497862965026e+00,-3.283441493710186898e-01,3.278114508496023927e-01,-4.167471895126947240e-02,-1.011142896415939063e+01,-5.834713627958285631e-01,1.929377421305739082e+00,-5.763212346362432958e-01,-8.469807920872113316e-02,1.643837725994896082e-01
-9.646813970238913072e+00,6.610278547702731489e-01,-1.004886632949461012e+00,-4.832524694936248255e-01,1.141229705162929015e-01,-1.248542163242119946e-01,-1.091155047826311986e+01,-1.362696922934935939e+00,4.055089562417846794e-01,1.680997436375643028e-01,-5.143530324393328357e-01,-1.373787541973074067e+00,-6.587975580754551252e+00,2.358757263138180793e+00,7.502096164794195943e+00,-3.303095484567311058e-01,2.747314711869587089e+00,-9.301811933700573354e-01,-9.416134623121426017e+00,5.582031634786774887e-01,-3.210782926427131923e+00,-3.180573202271962940e-01,3.138894494892340847e-01,-6.815830276177357872e-02,-9.416134623121426017e+00,5.582031634786774887e-01,-3.210782926427131923e+00,-3.180573202271962940e-01,3.138894494892340847e-01,-6.815830276177357872e-02,-9.942381559978432648e+00,-7.763233292624697190e-01,1.939767608719487058e+00,-5.667102381518359655e-01,-1.117752714829372968e-01,1.829178539460979969e-01
-9.630156383109104823e+00,8.211963353206485072e-01,-1.062951974025214907e+00,-5.068001970572466597e-01,1.616875233535912115e-01,-1.684356388686958084e-01,-1.074518148155203079e+01,-1.349688255286503047e+00,3.152084610240674101e-01,9.526227372797410609e-02,-5.416857107676659178e-01,-1.391563230321203992e+00,-6.487590366604233161e+00,2.293702771382006844e+00,7.508993583041056574e+00,-3.849091828174571184e-01,2.852604986595066894e+00,-9.685579524537016871e-01,-9.237435015501493041e+00,1.455026922694792058e-01,-2.896980406120543972e+00,-2.063233314601639889e-01,2.937630713520152925e-01,-6.873246213279815553e-02,-9.237435015501493041e+00,1.455026922694792058e-01,-2.896980406120543972e+00,-2.063233314601639889e-01,2.937630713520152925e-01,-6.873246213279815553e-02,-9.805682563269074947e+00,-9.203925767629045351e-01,1.916562318801880105e+00,-5.575731396675109863e-01,-1.254494728130245984e-01,1.883643766600268110e-01
-9.622402877851566672e+00,1.026661073801399038e+00,-1.089427948425319981e+00,-5.216748201032205268e-01,1.793693955634809989e-01,-2.071487539973828895e-01,-1.065488944641531077e+01,-1.413884812838410943e+00,1.884622384015827989e-01,2.134832425987066851e-02,-5.715907616158053539e-01,-1.401585515231301926e+00,-6.509096143371436938e+00,2.276710373587444991e+00,7.262737623130243847e+00,-4.334340567619021090e-01,2.986902463423918963e+00,-1.001152050370017976e+00,-9.198487254091128662e+00,-2.422434408015025908e-01,-2.707304612906384911e+00,-4.444960251204505691e-02,2.715492138945916900e-01,-4.757147295617208949e-02,-9.198487254091128662e+00,-2.422434408015025908e-01,-2.707304612906384911e+00,-4.444960251204505691e-02,2.715492138945916900e-01,-4.757147295617208949e-02,-9.629228639285258851e+00,-1.015024012775830986e+00,1.914149587818493981e+00,-5.574675830919437747e-01,-1.355366436406947039e-01,1.957349405303039913e-01
-9.557493923172120986e+00,1.307415592537698013e+00,-1.040601085444716078e+00,-5.356391388109974505e-01,1.629805226538378060e-01,-2.406493378184476895e-01,-1.051357904488155981e+01,-1.262874818132001087e+00,3.004589862239406828e-03,-7.377876191124993488e-02,-6.023484241118675087e-01,-1.413350021382933086e+00,-6.821010408031639827e+00,2.595978700289207186e+00,6.867069769741767971e+00,-5.016282178613176157e-01,3.112956398476044217e+00,-1.036989455260922899e+00,-9.276526879428153904e+00,-2.282423600516322038e-01,-2.813322989656542816e+00,7.358161790295721094e-02,2.675171056470294073e-01,-2.445953262310189905e-02,-9.276526879428153904e+00,-2.282423600516322038e-01,-2.813322989656542816e+00,7.358161790295721094e-02,2.675171056470294073e-01,-2.445953262310189905e-02,-9.574970996778082721e+00,-1.049233531518581897e+00,1.872557482538768969e+00,-5.553313065289260386e-01,-1.546048628132702940e-01,2.010228753063204032e-01
-9.429179268366668865e+00,1.572072338649012968e+00,-9.971368757143195261e-01,-5.570778218805446658e-01,1.356811601481210938e-01,-2.625818479027560159e-01,-1.037395359135503980e+01,-1.210361200482553024e+00,-1.317718248829604089e-01,-1.991961763030097865e-01,-6.246319734250589395e-01,-1.417651726002578050e+00,-7.165101779160350404e+00,2.916700633562228084e+00,6.561913535952628607e+00,-5.870897013653990637e-01,3.210996123136645952e+00,-1.086413517525667949e+00,-9.451683120356468848e+00,2.332390487569785120e-01,-3.052255588412116971e+00,1.011907694152996973e-01,2.619366990448829813e-01,-1.798885059253890056e-02,-9.451683120356468848e+00,2.332390487569785120e-01,-3.052255588412116971e+00,1.011907694152996973e-01,2.619366990448829813e-01,-1.798885059253890056e-02,-9.418098982944282938e+00,-1.034621150636757969e+00,1.970806447835806052e+00,-5.530373502696287469e-01,-1.692038069889751084e-01,2.052949504479499032e-01
-9.251439801009569308e+00,1.789411260098356049e+00,-1.008742143275551006e+00,-5.817738180885667632e-01,1.160121721812107931e-01,-2.701109678651880119e-01,-1.021612643768338025e+01,-1.376752258415153918e+00,-2.434543369712925120e-01,-3.179741994177778253e-01,-6.265937279345787925e-01,-1.409152175924559103e+00,-7.401676760399736210e+00,3.293495888717956177e+00,6.269363356997594394e+00,-7.081517742794881665e-01,3.277609109786992825e+00,-1.166152304057715972e+00,-9.435522375995541111e+00,6.982221975579239182e-01,-3.107384220887256188e+00,5.736071647169174031e-02,2.595599293708801270e-01,-2.946157268278540992e-02,-9.435522375995541111e+00,6.982221975579239182e-01,-3.107384220887256188e+00,5.736071647169174031e-02,2.595599293708801270e-01,-2.946157268278540992e-02,-9.294823501553716838e+00,-9.735849165675400929e-01,2.069243841123055816e+00,-5.478545483692790485e-01,-1.570703515428729935e-01,2.097780039323728085e-01
-9.123402675725348132e+00,1.897505853445299095e+00,-1.023045073593817023e+00,-6.071485013868402891e-01,1.011110170731484015e-01,-2.675587280486035890e-01,-1.000522361556140005e+01,-1.273151507026039964e+00,-3.712475703837502250e-01,-4.388545087771847930e-01,-6.282440343851685149e-01,-1.390146836615560932e+00,-7.372727760962849430e+00,2.994246483123761848e+00,6.063514131201560353e+00,-8.183693643661736905e-01,3.329835465084677981e+00,-1.223701857031344931e+00,-9.363078117370605469e+00,8.462143176818467394e-01,-3.155413701756454081e+00,-1.117152462322866004e-02,2.595599293708801270e-01,-4.207356572313319248e-02,-9.363078117370605469e+00,8.462143176818467394e-01,-3.155413701756454081e+00,-1.117152462322866004e-02,2.595599293708801270e-01,-4.207356572313319248e-02,-9.148370001200387236e+00,-9.131609559700135659e-01,1.952585915477704992e+00,-5.458235144615173340e-01,-1.578240079418704034e-01,2.183735283758649059e-01
-9.071593829058063108e+00,1.888284054808156087e+00,-9.298732624522004775e-01,-6.372609167703741084e-01,6.910016791218530352e-02,-2.533897047675048864e-01,-9.857308846101037858e+00,-9.552351362983229066e-01,-5.065955266396520162e-01,-5.818530364682270584e-01,-6.450978595499771151e-01,-1.367732615793131101e+00,-6.999117508950259747e+00,2.941771722364840969e+00,5.970948608240223443e+00,-8.375244119261326947e-01,3.450222511262205138e+00,-1.196022529542231982e+00,-9.318952187231975159e+00,5.744996001010238551e-01,-3.124695210901212050e+00,-5.802577749777849958e-02,2.592841423075136764e-01,-5.774998851072785100e-02,-9.318952187231975159e+00,5.744996001010238551e-01,-3.124695210901212050e+00,-5.802577749777849958e-02,2.592841423075136764e-01,-5.774998851072785100e-02,-9.003663878793005892e+00,-8.637257247808478589e-01,1.942777039954989959e+00,-5.463484984406676848e-01,-1.518001737602081014e-01,2.279879725400515977e-01
-9.063248933590170253e+00,1.792750373934832941e+00,-8.063153280993304861e-01,-6.759942632267255114e-01,2.585489361774308964e-02,-2.320286138363553963e-01,-9.513012822810894775e+00,-9.173272544765130876e-01,-8.295455678603127492e-01,-7.349192026909107112e-01,-6.571310635215492635e-01,-1.339978987170804103e+00,-6.889754034956479423e+00,3.548891516691345949e+00,5.756303163900535758e+00,-9.454073576639079324e-01,3.587906897403737805e+00,-1.234003594394103898e+00,-9.148060029261491977e+00,3.315605190912719880e-01,-3.091624100647040851e+00,-6.377843237835517654e-02,2.587675008096139151e-01,-6.436458451323934238e-02,-9.148060029261491977e+00,3.315605190912719880e-01,-3.091624100647040851e+00,-6.377843237835517654e-02,2.587675008096139151e-01,-6.436458451323934238e-02,-8.896802674790132315e+00,-8.044916300195581460e-01,1.978197875736434908e+00,-5.571334415591806533e-01,-1.329424221858314104e-01,2.374953872124110077e-01
-9.070100784301757812e+00,1.589707641004677097e+00,-7.392955514863772670e-01,-7.195820477544978555e-01,-3.694563800831174912e-03,-2.130086063598680135e-01,-9.265803701040962181e+00,-8.463664019400730654e-01,-1.041705204736006030e+00,-8.743254590025331119e-01,-6.494843163071064573e-01,-1.316635977697091953e+00,-7.090966934097663099e+00,3.967170170689153785e+00,5.372302515839670001e+00,-1.077564926561253023e+00,3.705044763152003817e+00,-1.292466282112167963e+00,-9.081104520310086414e+00,2.098966932238759131e-01,-3.097531247636509999e+00,-5.210088988504477797e-02,2.573555306967997836e-01,-6.433036909911425683e-02,-9.081104520310086414e+00,2.098966932238759131e-01,-3.097531247636509999e+00,-5.210088988504477797e-02,2.573555306967997836e-01,-6.433036909911425683e-02,-8.852761189641285000e+00,-7.800769487859100515e-01,1.988609931967284083e+00,-5.702652728360760870e-01,-1.212976005771820992e-01,2.450247460133010979e-01
-9.091518581897673812e+00,1.345590807069328987e+00,-7.163806955350219274e-01,-7.568868424375796433e-01,-1.060628551171116998e-02,-1.974569634261089113e-01,-9.080794065961823591e+00,-5.564963470818260483e-01,-1.278650503050529963e+00,-1.058420437295132910e+00,-6.216000757321784587e-01,-1.301922042569439997e+00,-7.311883017947230279e+00,4.463957612537691411e+00,4.812420136368220192e+00,-1.276667851166912948e+00,3.799589518211587968e+00,-1.358394424746236062e+00,-9.319351245107814208e+00,2.000301957801690067e-01,-3.085323563249390943e+00,-2.632559251897409122e-02,2.482589337949042130e-01,-6.029908979678202940e-02,-9.319351245107814208e+00,2.000301957801690067e-01,-3.085323563249390943e+00,-2.632559251897409122e-02,2.482589337949042130e-01,-6.029908979678202940e-02,-8.902181284035771469e+00,-7.568590044975280762e-01,1.966585741522858033e+00,-5.894373726734917218e-01,-1.113198154395625972e-01,2.534644189808102910e-01
-9.172466212153985055e+00,1.144289383598918963e+00,-6.958220005035400391e-01,-7.843757245214670881e-01,3.428409564181499145e-03,-1.862515077773143901e-01,-8.843607375881822108e+00,-8.087170251778194041e-01,-1.491018991682752981e+00,-1.263275100842415899e+00,-5.790595925211357020e-01,-1.270830922595550083e+00,-7.691895233353501560e+00,4.253248000624053837e+00,4.334353206253197754e+00,-1.503156319159514087e+00,3.865687316165574039e+00,-1.458221504618991915e+00,-9.503272056213308616e+00,3.414243932128058767e-01,-3.041642255963779906e+00,-1.436973969981355029e-02,2.414349114455328904e-01,-5.416662273030704855e-02,-9.503272056213308616e+00,3.414243932128058767e-01,-3.041642255963779906e+00,-1.436973969981355029e-02,2.414349114455328904e-01,-5.416662273030704855e-02,-8.965604718640115323e+00,-7.574557824027425834e-01,1.989806771278380904e+00,-6.077001335097910184e-01,-9.396857335030774083e-02,2.600298927725506193e-01
-9.332015867423717026e+00,1.013861445100626035e+00,-7.332973978761154754e-01,-8.065443021086503572e-01,2.304885680350931068e-02,-1.821848366255034990e-01,-8.658175724076418334e+00,-1.181394388140986962e+00,-1.705909590613090998e+00,-1.429076356913453916e+00,-5.433693482167161193e-01,-1.224662268262487919e+00,-8.040346883958385149e+00,3.863052429691438139e+00,3.791777057032430953e+00,-1.807340564266328053e+00,3.795852799569407132e+00,-1.420912223477516889e+00,-9.478856332411325525e+00,3.114809379351545227e-01,-2.954575877986603150e+00,-8.511555262886336473e-03,2.462585164929614046e-01,-4.992750306650214215e-02,-9.478856332411325525e+00,3.114809379351545227e-01,-2.954575877986603150e+00,-8.511555262886336473e-03,2.462585164929614046e-01,-4.992750306650214215e-02,-9.077820260281814768e+00,-7.678787825782665832e-01,1.986837738486844973e+00,-6.279380207664833069e-01,-7.232230063575509349e-02,2.697967607518433897e-01
-9.485996133322480262e+00,9.254161678435768312e-01,-8.026828251746660481e-01,-8.245524413176195111e-01,3.485437075740729224e-02,-1.815851330757141113e-01,-8.470028896422114428e+00,-1.315262132763298064e+00,-1.927950961449746980e+00,-1.596290016668669987e+00,-5.094110917056338117e-01,-1.181311873502864040e+00,-8.029700905904718411e+00,3.477970937295316034e+00,3.562208739008135172e+00,-2.019139231250699051e+00,3.760883164591967809e+00,-1.484895906481320971e+00,-9.473319775131624709e+00,3.610559851961201994e-01,-3.006541792698171012e+00,-1.222176012474351058e-02,2.507394991368742110e-01,-4.913479834794998169e-02,-9.473319775131624709e+00,3.610559851961201994e-01,-3.006541792698171012e+00,-1.222176012474351058e-02,2.507394991368742110e-01,-4.913479834794998169e-02,-9.234735024506411705e+00,-7.428701965246088390e-01,1.932332545869849927e+00,-6.471646910316811718e-01,-6.586145743330930336e-02,2.823547400454040068e-01
-9.560738250000834881e+00,8.590333037180444276e-01,-8.354546076630893214e-01,-8.327602368511566322e-01,3.985800905382796966e-02,-1.820533610370060895e-01,-8.335550030866038185e+00,-1.484043293590125989e+00,-2.409293207338512044e+00,-1.825893743674205094e+00,-4.555267603334500204e-01,-1.141738998633559099e+00,-8.463605517432803538e+00,2.605650851650843869e+00,3.492819128528473982e+00,-2.153750538825989214e+00,3.649428734703668908e+00,-1.511263814237383096e+00,-9.509567260742187500e+00,4.359478851133983812e-01,-3.054996029814638803e+00,-3.617251821937014777e-02,2.499465942382811945e-01,-4.968521008681627688e-02,-9.509567260742187500e+00,4.359478851133983812e-01,-3.054996029814638803e+00,-3.617251821937014777e-02,2.499465942382811945e-01,-4.968521008681627688e-02,-9.355621529309125606e+00,-7.086231947799737085e-01,2.003795582150655896e+00,-6.663394019473105612e-01,-5.848833953096691657e-02,2.899356725517445166e-01
-9.632473922916956255e+00,8.018439065122470177e-01,-8.690643317335733364e-01,-8.401052184442989734e-01,4.587143992789190217e-02,-1.835896478975889978e-01,-8.334697197366621069e+00,-1.729414401897725995e+00,-2.656217886719948851e+00,-2.091803667336007866e+00,-3.872627611275613058e-01,-1.110986932055676002e+00,-9.235183377140222305e+00,2.740827630510224822e+00,3.968943345842685932e+00,-2.231709840537520861e+00,3.554110481270993827e+00,-1.434205485879231023e+00,-9.509567260742187500e+00,3.843488044849860952e-01,-3.082922563757947820e+00,-5.274342274015766940e-02,2.488461767732944863e-01,-5.072088713943195132e-02,-9.509567260742187500e+00,3.843488044849860952e-01,-3.082922563757947820e+00,-5.274342274015766940e-02,2.488461767732944863e-01,-5.072088713943195132e-02,-9.456841333338999789e+00,-7.196431248457131336e-01,2.040417400442611218e+00,-6.846015604981871006e-01,-5.340738967061042092e-02,2.992891649898434259e-01
-9.696519696259221277e+00,7.759241609334670553e-01,-9.247463612455120163e-01,-8.439687171722248804e-01,5.501583536685986098e-02,-1.847895681858063022e-01,-8.447301001787460351e+00,-2.490710418060424036e+00,-2.079342330987071108e+00,-2.178042690330575848e+00,-3.724456707817112022e-01,-1.078099049781352070e+00,-1.072743593384632987e+01,2.619637226976017974e+00,4.148492268467474098e+00,-2.217022448484439856e+00,3.431686061392607900e+00,-1.289146283593539000e+00,-9.487561682282802167e+00,3.599348238781505116e-01,-3.153020872344101999e+00,-6.952599158161781867e-02,2.429233095575870915e-01,-4.803452268671962178e-02,-9.487561682282802167e+00,3.599348238781505116e-01,-3.153020872344101999e+00,-6.952599158161781867e-02,2.429233095575870915e-01,-4.803452268671962178e-02,-9.625340215621456252e+00,-7.062573461763320681e-01,2.075258493423461914e+00,-7.048397198800118169e-01,-5.366581257793211213e-02,3.036124172710604197e-01
-9.722443125334315539e+00,7.583667646750711366e-01,-9.789265628341949910e-01,-8.437048257289829767e-01,6.964657479332364565e-02,-1.843214600832014105e-01,-8.387367083872844020e+00,-3.752724226406345842e+00,-2.324458034063261014e+00,-2.116318559671019006e+00,-4.040868920361692096e-01,-1.061700390972950991e+00,-1.190089950668951957e+01,2.665870606258351039e+00,4.068965829096264919e+00,-2.196616262517950169e+00,2.990760805053827909e+00,-1.090780767061376944e+00,-9.442970249143797901e+00,3.323798484440285139e-01,-3.188912227986350878e+00,-8.206758243391834573e-02,2.366423229097983916e-01,-4.486220702528954246e-02,-9.442970249143797901e+00,3.323798484440285139e-01,-3.188912227986350878e+00,-8.206758243391834573e-02,2.366423229097983916e-01,-4.486220702528954246e-02,-9.744460936515562111e+00,-6.719978461342474008e-01,2.074667819084659914e+00,-7.237562835216523327e-01,-5.910992171735533068e-02,3.087980891427685726e-01
-9.723951719140492500e+00,7.500005521441017731e-01,-1.034610267287940921e+00,-8.435008187768279209e-01,9.207606716181641893e-02,-1.837214231491088867e-01,-8.259346427585471773e+00,-4.749159520221370556e+00,-3.117725144240671042e+00,-2.053620957693521820e+00,-4.327017179596490126e-01,-1.047830964651391916e+00,-1.246063355818444052e+01,1.887684604783455899e+00,3.511481741911560039e+00,-2.100627306236466207e+00,2.521193664866231199e+00,-7.763071834461174880e-01,-9.513070407024223130e+00,3.334638164273209249e-01,-3.152291148782737196e+00,-9.629120960169834653e-02,2.405766096964057077e-01,-4.513713946613903683e-02,-9.513070407024223130e+00,3.334638164273209249e-01,-3.152291148782737196e+00,-9.629120960169834653e-02,2.405766096964057077e-01,-4.513713946613903683e-02,-9.807270034666984770e+00,-6.812518883136010617e-01,2.063051223754882812e+00,-7.365223976873582767e-01,-6.694874756278529349e-02,3.110894339699898925e-01
-9.727788289306657177e+00,8.156823248838200868e-01,-1.094129548434074062e+00,-8.440400387339499488e-01,1.074859647951316999e-01,-1.832535116491582072e-01,-8.230790089047143709e+00,-5.177309545931056078e+00,-3.260514201717504168e+00,-1.938914712581399913e+00,-4.693784855508341125e-01,-1.005027538124438902e+00,-1.204512661718364086e+01,2.450982327774902991e+00,3.403087846269257977e+00,-1.970002945774742997e+00,2.116901945573519850e+00,-5.332933582703048847e-01,-9.533268995182488936e+00,4.087698549581563201e-01,-3.109390569538931004e+00,-1.165528119514522981e-01,2.376473053099555921e-01,-4.565552488461525893e-02,-9.533268995182488936e+00,4.087698549581563201e-01,-3.109390569538931004e+00,-1.165528119514522981e-01,2.376473053099555921e-01,-4.565552488461525893e-02,-9.904928587011836427e+00,-6.336037846162684284e-01,2.066004252046229173e+00,-7.483236265063484272e-01,-8.195440089917740978e-02,3.168435784562912971e-01
-9.741507530212402344e+00,9.499519650875996035e-01,-1.162021007294874897e+00,-8.526550283537008834e-01,1.152977436120860011e-01,-1.854601909276878124e-01,-8.137502171052458877e+00,-5.438722531560226336e+00,-3.331500754258124086e+00,-1.786748236293419057e+00,-5.227215656257081511e-01,-9.620038916889812608e-01,-1.309122836484507069e+01,1.751145872885401023e+00,4.711940422480550339e+00,-1.517910789579606901e+00,1.514977630832073041e+00,-2.944363041378719181e-01,-9.476447882489246410e+00,3.874947664442768835e-01,-3.076626802562430818e+00,-1.319952512641527076e-01,2.363355995838888890e-01,-4.486220702528954246e-02,-9.476447882489246410e+00,3.874947664442768835e-01,-3.076626802562430818e+00,-1.319952512641527076e-01,2.363355995838888890e-01,-4.486220702528954246e-02,-1.000080931656676952e+01,-6.109592766103778549e-01,2.124677399061792205e+00,-7.610367130177239092e-01,-9.771693015687599182e-02,3.306762545164034783e-01
-9.752201013554078202e+00,1.073542115173524936e+00,-1.233752418965059050e+00,-8.645373625714418697e-01,1.249112271990221040e-01,-1.909335084601856969e-01,-8.236496846735690269e+00,-4.877732836217435697e+00,-2.612602999987994945e+00,-1.510787888880698926e+00,-5.980058077415685291e-01,-8.571063048309750521e-01,-1.457744435313171039e+01,2.881351866521313809e+00,8.558578849464375082e+00,-8.333409672034894911e-01,4.321648352554752215e-01,2.811942564610344086e-01,-9.543793625912176282e+00,3.910119414741543009e-01,-3.112887859344482866e+00,-1.426797664957479006e-01,2.365783288182201904e-01,-4.376124359306789169e-02,-9.543793625912176282e+00,3.910119414741543009e-01,-3.112887859344482866e+00,-1.426797664957479006e-01,2.365783288182201904e-01,-4.376124359306789169e-02,-1.005831093003384957e+01,-6.231665175788567712e-01,2.139829357078625982e+00,-7.716150191515523948e-01,-1.080890702370231049e-01,3.435454009468366099e-01
-9.787303263225918926e+00,1.199430105491803067e+00,-1.308503016961088949e+00,-8.775559821538365668e-01,1.349910298646312956e-01,-1.952055566509691975e-01,-8.301996752352696518e+00,-2.807899684888914837e+00,-1.715074510343612912e+00,-1.220435434772122019e+00,-6.924258678831078928e-01,-6.841084689008719577e-01,-1.314745809552123923e+01,9.133678506962532140e+00,8.061217761076356680e+00,-6.294746080301873992e-01,-9.378017725483063227e-01,9.765037057861205572e-01,-9.626097530466058316e+00,4.209687029767644195e-01,-3.122323500122896167e+00,-1.519848659918766887e-01,2.360933424987667895e-01,-4.058961570262908936e-02,-9.626097530466058316e+00,4.209687029767644195e-01,-3.122323500122896167e+00,-1.519848659918766887e-01,2.360933424987667895e-01,-4.058961570262908936e-02,-1.004845081899206072e+01,-6.353709886791886197e-01,2.212469856859902162e+00,-7.797991790209314322e-01,-1.128733606205054030e-01,3.574792069659071814e-01
-9.878875144812997888e+00,1.303151640165147063e+00,-1.332127197152229048e+00,-8.982517492690282879e-01,1.377225755962415976e-01,-1.971397855595987958e-01,-7.859658717315724630e+00,-2.134163066273719878e-01,-1.591309160837119041e+00,-1.178501160093234024e+00,-7.587226379334232051e-01,-5.148206031858028053e-01,-7.164772640586157593e+00,1.460106687534790915e+01,5.417655902773687693e+00,-1.412923037311597962e+00,-1.663225790197986997e+00,1.563157862269983989e+00,-9.680470466613769531e+00,3.997002588103383269e-01,-3.174662491753963867e+00,-1.589757228395113076e-01,2.376144897904202968e-01,-4.003940792959345685e-02,-9.680470466613769531e+00,3.997002588103383269e-01,-3.174662491753963867e+00,-1.589757228395113076e-01,2.376144897904202968e-01,-4.003940792959345685e-02,-1.008097154977592069e+01,-6.464065432029824088e-01,2.275849539268830934e+00,-7.813286893823002677e-01,-1.272121101469068927e-01,3.723305627409991270e-01
-1.002000315693173960e+01,1.330606937408447044e+00,-1.302373542166787912e+00,-9.244846017309115149e-01,1.251048111479214908e-01,-1.923323660692239923e-01,-7.235896317823325319e+00,2.547043739467539147e+00,-1.532249474992400051e+00,-1.395501914982056002e+00,-7.566231544116674979e-01,-3.441027532604891137e-01,-2.771096101372338971e+00,1.334097776934171087e+01,5.273952804605954725e+00,-2.583905364279099004e+00,-1.579212749735213084e+00,1.940092077789882907e+00,-9.655321339341508491e+00,3.969241806193776201e-01,-3.266031101664522929e+00,-1.707249607237142086e-01,2.323060887186869095e-01,-3.900345925489172305e-02,-9.655321339341508491e+00,3.969241806193776201e-01,-3.266031101664522929e+00,-1.707249607237142086e-01,2.323060887186869095e-01,-3.900345925489172305e-02,-1.003215432667573914e+01,-6.347849965095520020e-01,2.385106519406352987e+00,-7.919565370021206530e-01,-1.290928891135587064e-01,3.849412327354770902e-01
-1.014893421782510075e+01,1.319924690817420032e+00,-1.276436258601459039e+00,-9.463795230319056451e-01,1.114877246118056026e-01,-1.799156390553978135e-01,-6.757817976792694026e+00,4.625329461340591308e+00,-1.270079237971734054e+00,-1.830579806127784925e+00,-6.980795675465785166e-01,-1.433554396392275887e-01,-1.406901681172926910e+00,9.273851012792942328e+00,4.546785887607352805e+00,-3.142084529811274951e+00,-1.313329577812218041e+00,1.957117502468399994e+00,-9.611093835103103444e+00,4.621889701850341869e-01,-3.332983573552466883e+00,-1.846732102788478103e-01,2.315448278354274025e-01,-4.141451860599208029e-02,-9.611093835103103444e+00,4.621889701850341869e-01,-3.332983573552466883e+00,-1.846732102788478103e-01,2.315448278354274025e-01,-4.141451860599208029e-02,-9.983324638268072704e+00,-6.330366168363320556e-01,2.483930845198369042e+00,-8.017227975671886719e-01,-1.261944256262332031e-01,3.934863422303899738e-01
-1.022827757419521078e+01,1.290170840626259086e+00,-1.290931751721039022e+00,-9.564595822944357284e-01,1.018081738749554987e-01,-1.638943160539947097e-01,-6.302870881800124891e+00,4.835239755620481361e+00,-1.331586864064497000e+00,-2.374659271158432006e+00,-6.159955368596297109e-01,6.468905922873899317e-02,-2.185768956596035206e+00,5.806386187085112560e+00,4.118451672459771729e+00,-3.150694212911071990e+00,-1.110053901665037923e+00,2.029341389811837981e+00,-9.708388874537810409e+00,5.950206918080485075e-01,-3.384953745040395034e+00,-2.071668125939830074e-01,2.295254587661773038e-01,-4.544365471597289902e-02,-9.708388874537810409e+00,5.950206918080485075e-01,-3.384953745040395034e+00,-2.071668125939830074e-01,2.295254587661773038e-01,-4.544365471597289902e-02,-9.935082753499347774e+00,-5.970001589684258425e-01,2.605408554985409797e+00,-8.142847106570288984e-01,-1.291441633587792071e-01,4.019796266442253185e-01
-1.023133362860773055e+01,1.226858923045526906e+00,-1.345093986815043996e+00,-9.528560832888555154e-01,9.072694158174157697e-02,-1.511442172882820068e-01,-6.161674579706781785e+00,3.681431258211485869e+00,-1.658909987063684088e+00,-2.772803934804763948e+00,-5.739953932316007590e-01,2.503792887729275884e-01,-2.691845658309753198e+00,4.319709788085281055e+00,4.011671866342839010e+00,-2.890817767570101893e+00,-1.061229921922203889e+00,2.210152223475470912e+00,-9.709742478694417755e+00,5.451233933369318274e-01,-3.439702993347530935e+00,-2.313319410093002959e-01,2.154598551388892946e-01,-5.185193156740541126e-02,-9.709742478694417755e+00,5.451233933369318274e-01,-3.439702993347530935e+00,-2.313319410093002959e-01,2.154598551388892946e-01,-5.185193156740541126e-02,-9.897878510611397118e+00,-5.708414089112053835e-01,2.708880821863810073e+00,-8.218634270486376847e-01,-1.270587231431689057e-01,4.094566702842711847e-01
-1.020158264884812027e+01,1.118530678492720032e+00,-1.368760563993967061e+00,-9.451117372427362273e-01,8.932242304834413227e-02,-1.407313478249375138e-01,-6.419245422527355416e+00,1.922465956438460966e+00,-1.964071508086894013e+00,-2.882163135351063055e+00,-5.913923762345765223e-01,3.821576435330643062e-01,-3.325378274862667016e+00,4.078721076387414435e+00,4.121615999579979039e+00,-2.568267871981940953e+00,-1.003970369696616904e+00,2.412539822165317815e+00,-9.563968320822390012e+00,4.146970379608900803e-01,-3.492026683906732210e+00,-2.400894983735140098e-01,2.101192909346397963e-01,-5.826060839915694206e-02,-9.563968320822390012e+00,4.146970379608900803e-01,-3.492026683906732210e+00,-2.400894983735140098e-01,2.101192909346397963e-01,-5.826060839915694206e-02,-9.851374626159667969e+00,-5.092235456794046433e-01,2.685047428418438908e+00,-8.313749885110502946e-01,-1.262957305612507075e-01,4.167810687713032758e-01
-1.017563684823097070e+01,1.007138091257862023e+00,-1.344347085596335978e+00,-9.425733935797884211e-01,9.806603121189916283e-02,-1.279142865786918049e-01,-6.788528802528220218e+00,4.815760441734752151e-01,-2.312706930543066086e+00,-2.764139980264651797e+00,-6.281068639963975908e-01,4.876760007186810020e-01,-4.412919421057442726e+00,3.937727257672305914e+00,3.989356865852967893e+00,-2.254752588381951028e+00,-1.010634368533714911e+00,2.556763605929269989e+00,-9.525264068316387167e+00,4.317986127456456269e-01,-3.552004361024466039e+00,-2.430189394368706124e-01,2.028562023060722919e-01,-6.329541429076143699e-02,-9.525264068316387167e+00,4.317986127456456269e-01,-3.552004361024466039e+00,-2.430189394368706124e-01,2.028562023060722919e-01,-6.329541429076143699e-02,-9.848475912565826107e+00,-4.394665062427520752e-01,2.675740349250027794e+00,-8.386482127464799374e-01,-1.313821822404860895e-01,4.206980637752026908e-01
-1.014742102552179936e+01,9.094859299846508316e-01,-1.346616295595018054e+00,-9.445753402958390055e-01,1.070131797370196952e-01,-1.207007020711898942e-01,-7.093420307024649318e+00,1.769229636746479928e-01,-2.660126367655400781e+00,-2.587943311111168931e+00,-6.619333345586071449e-01,5.965950256943153285e-01,-5.056668369817661102e+00,4.301159264183142206e+00,4.081069913450047437e+00,-1.997345065283153032e+00,-1.082974762075447073e+00,2.586922469410112946e+00,-9.554909525829408778e+00,5.420099700838384438e-01,-3.537704755596814188e+00,-2.476270965832259030e-01,1.886655598627106911e-01,-6.683545432146603682e-02,-9.554909525829408778e+00,5.420099700838384438e-01,-3.537704755596814188e+00,-2.476270965832259030e-01,1.886655598627106911e-01,-6.683545432146603682e-02,-9.788598343462927787e+00,-4.388867646562583102e-01,2.726309135182356957e+00,-8.422584962033029532e-01,-1.312299995786614104e-01,4.172906910059273056e-01
-1.006657973230534076e+01,8.545182347297668457e-01,-1.383236480265775947e+00,-9.487133477220275335e-01,1.132873754195500016e-01,-1.263032472367844050e-01,-7.406228935929067170e+00,7.353749709084175246e-01,-2.909077052786920081e+00,-2.484011965759703067e+00,-6.807838862345656494e-01,7.176094276233191405e-01,-4.960496021357661434e+00,5.454062376226183062e+00,4.203469986587850649e+00,-1.875811834898645891e+00,-1.179566730416020892e+00,2.513092512146361202e+00,-9.478189272082163441e+00,3.899493338020411093e-01,-3.601183891296387163e+00,-2.549826820508309111e-01,1.716070022039148935e-01,-7.669224739990293527e-02,-9.478189272082163441e+00,3.899493338020411093e-01,-3.601183891296387163e+00,-2.549826820508309111e-01,1.716070022039148935e-01,-7.669224739990293527e-02,-9.747918829972224586e+00,-4.295777897324861150e-01,2.807702779769897017e+00,-8.541094916403622062e-01,-1.281270114038629004e-01,4.094079517645307087e-01
-9.944514938213858457e+00,8.491833620173956376e-01,-1.409186262597319939e+00,-9.535869041346185515e-01,1.193634688671099953e-01,-1.400537018059035965e-01,-7.689226465962571311e+00,1.458337792419984957e+00,-3.170218302174463876e+00,-2.480485256793738991e+00,-6.954872887743721588e-01,8.424639887707208175e-01,-4.876797339132893150e+00,6.537873119577377601e+00,4.384074867694796040e+00,-1.924309078899125947e+00,-1.264922324420699962e+00,2.398352456523105136e+00,-9.365531303750465497e+00,3.330794692031860960e-01,-3.607458673548213035e+00,-2.534854389993174140e-01,1.574470113467487109e-01,-8.389451576552500733e-02,-9.365531303750465497e+00,3.330794692031860960e-01,-3.607458673548213035e+00,-2.534854389993174140e-01,1.574470113467487109e-01,-8.389451576552500733e-02,-9.625281425237776745e+00,-4.778232707146553015e-01,2.804811879420244125e+00,-8.680443058121345423e-01,-1.266542708532693018e-01,3.931347186740580812e-01
-9.827781672851843453e+00,8.636476314664420784e-01,-1.410724588870452934e+00,-9.587927532687348098e-01,1.278365033745582913e-01,-1.517397407935826004e-01,-7.999220934808903394e+00,1.325025933874899975e+00,-3.337445977248960194e+00,-2.500361025234229206e+00,-7.138686417678887786e-01,9.491002749545341954e-01,-5.459953297118437909e+00,6.446990396936185697e+00,4.634462912511166266e+00,-2.033321895540768143e+00,-1.363222414447414987e+00,2.294288017050278849e+00,-9.302041053771972656e+00,3.972469057698952977e-01,-3.613053748684544875e+00,-2.641955388169134888e-01,1.455129943788051883e-01,-9.140047417258337359e-02,-9.302041053771972656e+00,3.972469057698952977e-01,-3.613053748684544875e+00,-2.641955388169134888e-01,1.455129943788051883e-01,-9.140047417258337359e-02,-9.495626097113573749e+00,-5.121328979616187604e-01,2.744931617660658851e+00,-8.829476355987648795e-01,-1.169399040810037010e-01,3.721260891672836801e-01
-9.749920619890854567e+00,9.018084466907587693e-01,-1.441189392002790948e+00,-9.619344745154204679e-01,1.389218498693357007e-01,-1.582832028215359899e-01,-8.292469516877204683e+00,5.281670950953998300e-01,-3.301413570680925780e+00,-2.474088693818738971e+00,-7.280030601447629035e-01,1.050566502155795945e+00,-6.317865713034541031e+00,5.817249479015485392e+00,4.912420302125899418e+00,-2.061984797959687032e+00,-1.540075543289360027e+00,2.200346684126261110e+00,-9.302041053771972656e+00,4.610814186189508002e-01,-3.586176630203479210e+00,-2.810992360397320811e-01,1.387416419353678099e-01,-1.020816011921965027e-01,-9.302041053771972656e+00,4.610814186189508002e-01,-3.586176630203479210e+00,-2.810992360397320811e-01,1.387416419353678099e-01,-1.020816011921965027e-01,-9.458437036259383035e+00,-5.022287037942694266e-01,2.707743215731821973e+00,-8.964779429172041736e-01,-1.053440962587633978e-01,3.582938493091634147e-01
-9.723967147965794311e+00,9.208887459708809953e-01,-1.521304274722075967e+00,-9.631997613550484783e-01,1.389316633278858959e-01,-1.650237806593332079e-01,-8.577751363268220075e+00,-8.154413097954199552e-03,-3.230138669318523004e+00,-2.412243300541314195e+00,-7.380379328315150866e-01,1.151613345696071100e+00,-6.782639864051629885e+00,5.470779236644967902e+00,5.220726417210469705e+00,-1.992386770236207028e+00,-1.753368530065321007e+00,2.128378087299727106e+00,-9.298906478159134181e+00,4.569494162866902243e-01,-3.632199404060199033e+00,-3.028923680140798158e-01,1.243957402160762032e-01,-1.105677898528786007e-01,-9.298906478159134181e+00,4.569494162866902243e-01,-3.632199404060199033e+00,-3.028923680140798158e-01,1.243957402160762032e-01,-1.105677898528786007e-01,-9.406733301222041987e+00,-5.371257662773132324e-01,2.663513795004814888e+00,-9.032892627751462067e-01,-9.619523552419829981e-02,3.453252242970342167e-01
-9.717093467712402344e+00,9.384275136691723196e-01,-1.594542196672684042e+00,-9.674719644713044575e-01,1.241867100230222981e-01,-1.763677385442160017e-01,-8.863913706593089969e+00,-3.425338290861590917e-01,-3.189002477632934873e+00,-2.315965664824648051e+00,-7.558903315377635268e-01,1.252428240985399066e+00,-7.039911943341424561e+00,5.284555463319671631e+00,5.488009241136355243e+00,-1.862084506675639073e+00,-1.964978924392128068e+00,2.113727406422662991e+00,-9.333713688588579416e+00,4.383103209307506742e-01,-3.633353176059574086e+00,-3.111052582545605905e-01,1.135990876467481980e-01,-1.113327737741719031e-01,-9.333713688588579416e+00,4.383103209307506742e-01,-3.633353176059574086e+00,-3.111052582545605905e-01,1.135990876467481980e-01,-1.113327737741719031e-01,-9.302041053771972656e+00,-5.359787814704443099e-01,2.708896448321667982e+00,-9.180909862319323045e-01,-7.483488811524294237e-02,3.295056948860792256e-01
-9.706428108669403088e+00,9.361795565847945699e-01,-1.625126762089863064e+00,-9.694116054843974206e-01,1.004903838677364963e-01,-1.885224152096527106e-01,-9.025781168793630016e+00,-5.830785379736959095e-01,-3.132481827774966199e+00,-2.181246127523157163e+00,-7.843062754813914239e-01,1.355581693248264941e+00,-7.412381048652926019e+00,5.195649162352535377e+00,5.603820143291590838e+00,-1.705728576397844032e+00,-2.191391596518878160e+00,2.135390679600997821e+00,-9.429406119198660008e+00,6.595248198866294764e-01,-3.435246474121512072e+00,-3.135440407527816942e-01,9.202110083536252372e-02,-1.116925473899579996e-01,-9.429406119198660008e+00,6.595248198866294764e-01,-3.435246474121512072e+00,-3.135440407527816942e-01,9.202110083536252372e-02,-1.116925473899579996e-01,-9.303761521181691307e+00,-5.109904545067948112e-01,2.680467227942139985e+00,-9.300413330090822051e-01,-5.442535786479864302e-02,3.180069716440306893e-01
-9.692678451538085938e+00,9.048917438821553194e-01,-1.595381996964895022e+00,-9.683435412168623913e-01,8.311918370246398902e-02,-1.966004555294345868e-01,-9.123129121963023280e+00,-6.396057587584287329e-01,-3.096170555519801137e+00,-2.049925245615499048e+00,-8.171399228782209034e-01,1.460062860008148000e+00,-7.752926114639501876e+00,5.465416508336221391e+00,5.645158393408662434e+00,-1.580102589395310897e+00,-2.410780962222792922e+00,2.159381465672591816e+00,-9.285407228566278093e+00,6.049734835632019081e-01,-3.427249186142419024e+00,-3.183080554008483887e-01,7.682174433136694514e-02,-1.218254504512920056e-01,-9.285407228566278093e+00,6.049734835632019081e-01,-3.427249186142419024e+00,-3.183080554008483887e-01,7.682174433136694514e-02,-1.218254504512920056e-01,-9.338089700393940262e+00,-4.732216402752885132e-01,2.578629127068142957e+00,-9.460132666514836641e-01,-5.355791210590397228e-02,3.116984594979024803e-01
-9.692678451538085938e+00,8.591540189035322683e-01,-1.606741462598517911e+00,-9.682083871946525200e-01,8.384283642434409156e-02,-1.980129767113452954e-01,-9.218842331371064347e+00,-5.843304150139310149e-01,-3.022929924361061005e+00,-1.952734280621273966e+00,-8.454963651308249339e-01,1.557960490983288926e+00,-7.835629570305645331e+00,5.802253912768624566e+00,5.507448157534226674e+00,-1.517183977633268954e+00,-2.605925149013118780e+00,2.175596697358244125e+00,-9.121743252017349590e+00,2.854394763135872926e-01,-3.781482231049310805e+00,-3.194040936259081032e-01,6.674529510205426397e-02,-1.306438258807597064e-01,-9.121743252017349590e+00,2.854394763135872926e-01,-3.781482231049310805e+00,-3.194040936259081032e-01,6.674529510205426397e-02,-1.306438258807597064e-01,-9.326456069946289062e+00,-4.127639838581627085e-01,2.644806105237218929e+00,-9.605150812873459731e-01,-5.636161695107153730e-02,3.079768822581354093e-01
-9.687348006507768616e+00,7.965752433659294418e-01,-1.685310751337059987e+00,-9.674108969176419270e-01,8.912265953105716343e-02,-1.902053756510606874e-01,-9.269915769214012613e+00,-3.871057652357550727e-01,-2.949694871658341100e+00,-1.888542031442312030e+00,-8.538435818549995338e-01,1.645368475912780903e+00,-7.522713706790027821e+00,5.833938685796593582e+00,5.308720220801650846e+00,-1.499600807459489982e+00,-2.742407917243911086e+00,2.179789807664633816e+00,-9.100777899701723683e+00,1.439920445828085094e-01,-3.827496707904785911e+00,-3.283341150269776243e-01,6.543099308718064444e-02,-1.416267216220853942e-01,-9.100777899701723683e+00,1.439920445828085094e-01,-3.827496707904785911e+00,-3.283341150269776243e-01,6.543099308718064444e-02,-1.416267216220853942e-01,-9.325884158343946240e+00,-3.650782552594962760e-01,2.808274702542389090e+00,-9.662061432997385291e-01,-5.097083303041630153e-02,3.151536639522297123e-01
-9.685799547312111457e+00,7.690663933753967285e-01,-1.738780067724920997e+00,-9.651393584348307852e-01,8.459541845579479635e-02,-1.819919348163528128e-01,-9.386513734193441039e+00,-1.259525203443128960e-01,-2.919814848710621025e+00,-1.845284244981229005e+00,-8.636243202047841905e-01,1.721707859270644958e+00,-7.003889759849100116e+00,5.607434908081503799e+00,5.080254605237175980e+00,-1.475580216155333080e+00,-2.798795447630041178e+00,2.171717213181887818e+00,-9.118929862976074219e+00,1.793560012879353016e-01,-3.903864080241809198e+00,-3.543234398951912167e-01,6.622516363859176636e-02,-1.541145105244896008e-01,-9.118929862976074219e+00,1.793560012879353016e-01,-3.903864080241809198e+00,-3.543234398951912167e-01,6.622516363859176636e-02,-1.541145105244896008e-01,-9.313105317216729517e+00,-3.395198823989741821e-01,2.818766339127634968e+00,-9.792740513676337910e-01,-4.521246886642049656e-02,3.161217280711587918e-01
-9.682022864527684902e+00,7.264444095241995303e-01,-1.729675411659141071e+00,-9.640713115993588822e-01,7.098212002546087918e-02,-1.755836161871509871e-01,-9.574442420809072374e+00,6.071042258691097815e-02,-2.951619450550353019e+00,-1.819788039188414031e+00,-8.739414059361980680e-01,1.786050335312890924e+00,-6.551261099252832842e+00,5.380600455536088234e+00,4.900397333254035814e+00,-1.411926390480152893e+00,-2.776245583953213192e+00,2.157069767522493908e+00,-9.112670888550438164e+00,1.258254653262708134e-01,-3.967406034469604048e+00,-3.922823029978547149e-01,6.512980968757565992e-02,-1.600027508842004065e-01,-9.112670888550438164e+00,1.258254653262708134e-01,-3.967406034469604048e+00,-3.922823029978547149e-01,6.512980968757565992e-02,-1.600027508842004065e-01,-9.291545114087496060e+00,-2.935480564084959054e-01,2.797776745669485976e+00,-9.970310730196790816e-01,-5.238915156407108337e-02,3.152533410812303205e-01
-9.625645369253167161e+00,6.607526466155071443e-01,-1.671745609590272963e+00,-9.630032050539412136e-01,5.729121645797632945e-02,-1.705733880968937910e-01,-9.745665628229872368e+00,3.985491256102868113e-02,-3.019386225162937976e+00,-1.803120058797071934e+00,-8.758811950683593750e-01,1.844599124351719910e+00,-6.452730642121228932e+00,5.482614735947914930e+00,4.748183018569527292e+00,-1.328907795741526954e+00,-2.696115340494428914e+00,2.146933651605183790e+00,-9.103901020514921782e+00,1.668563833440183108e-01,-3.964277648156688816e+00,-4.363728370183684868e-01,5.976267783872542955e-02,-1.666578610150616924e-01,-9.103901020514921782e+00,1.668563833440183108e-01,-3.964277648156688816e+00,-4.363728370183684868e-01,5.976267783872542955e-02,-1.666578610150616924e-01,-9.329307539063593779e+00,-3.029039059514718191e-01,2.855730930943808143e+00,-1.006344890588378949e+00,-5.445530402127109898e-02,3.184078564858078830e-01
-9.528000349639565769e+00,6.523178822250776943e-01,-1.623584628105164018e+00,-9.647310998765736834e-01,5.127109587192534707e-02,-1.669034266389460008e-01,-9.875120447161743087e+00,-2.222084879552820025e-01,-3.221082350137108197e+00,-1.779935159288914992e+00,-8.754598009116333346e-01,1.902470815169523988e+00,-6.753375539032544950e+00,5.760000271365023572e+00,4.675435543060302734e+00,-1.255319796948938027e+00,-2.617437996622603791e+00,2.140295895197057874e+00,-9.143649791520765291e+00,3.006149120566848840e-02,-3.923918539196402211e+00,-4.795112719452520045e-01,5.422849570727982654e-02,-1.698355078697204867e-01,-9.143649791520765291e+00,3.006149120566848840e-02,-3.923918539196402211e+00,-4.795112719452520045e-01,5.422849570727982654e-02,-1.698355078697204867e-01,-9.380669221568052052e+00,-2.552181481094594750e-01,3.086198451667300002e+00,-1.009300140337410889e+00,-7.549019550915596344e-02,3.205936178545956139e-01
-9.472945213317871094e+00,6.378977609120206616e-01,-1.660863157974044046e+00,-9.691398606139212113e-01,5.266904009194235681e-02,-1.626308399914963010e-01,-9.992372717150008299e+00,-5.605280720537608730e-01,-3.531067524160143023e+00,-1.751233735860241003e+00,-8.684927884097839446e-01,1.962284035983562047e+00,-7.287354168209665417e+00,6.019933853486262976e+00,4.703443516603600827e+00,-1.200094265067610966e+00,-2.558820490096271882e+00,2.138410914484301983e+00,-9.186219895647381506e+00,-2.754126399427435021e-02,-3.804986521023787205e+00,-5.061590491420828730e-01,5.825322583598117887e-02,-1.690148110218364086e-01,-9.186219895647381506e+00,-2.754126399427435021e-02,-3.804986521023787205e+00,-5.061590491420828730e-01,5.825322583598117887e-02,-1.690148110218364086e-01,-9.240438328971023907e+00,-2.325063353653328002e-01,3.026632920693447915e+00,-1.006817950005417073e+00,-6.806447988216747513e-02,3.236982773205469011e-01
-9.488921651825560133e+00,6.210211788271247091e-01,-1.719687463134847993e+00,-9.714123388772369916e-01,5.307759421258113203e-02,-1.602221727371216098e-01,-1.010222517353128069e+01,-7.051044782862290194e-01,-3.819536021465867126e+00,-1.733468816006640045e+00,-8.524726102633801705e-01,2.021250214235557063e+00,-7.871281007083730685e+00,6.355466978846949999e+00,4.835063173804173609e+00,-1.154484413967687084e+00,-2.525836407855932997e+00,2.138220911431352178e+00,-9.213756586912420943e+00,-1.787283909232335877e-02,-3.713883313299002786e+00,-5.286387177125815295e-01,6.329414870794521086e-02,-1.655373435239090862e-01,-9.213756586912420943e+00,-1.787283909232335877e-02,-3.713883313299002786e+00,-5.286387177125815295e-01,6.329414870794521086e-02,-1.655373435239090862e-01,-9.227099931124108423e+00,-2.464107752296476883e-01,2.756610502112662786e+00,-9.974520971728665364e-01,-6.269502525799132420e-02,3.251623976279452988e-01
-9.520215632270479844e+00,6.241367029692164170e-01,-1.733451247215270996e+00,-9.720144867897033691e-01,4.521488590728055257e-02,-1.606880337922872992e-01,-1.019764457552236081e+01,-8.723698984764810538e-01,-4.078104096928805156e+00,-1.732217961742031909e+00,-8.301346124713993024e-01,2.074293284433290196e+00,-8.671739252950505517e+00,6.644881877645278934e+00,4.996174562332893032e+00,-1.123105802060577085e+00,-2.531547820844251007e+00,2.156231876007348003e+00,-9.281612496710531346e+00,4.599340955301912948e-02,-3.658522141816002105e+00,-5.596625835802148119e-01,6.654880683787101070e-02,-1.596252000006083138e-01,-9.281612496710531346e+00,4.599340955301912948e-02,-3.658522141816002105e+00,-5.596625835802148119e-01,6.654880683787101070e-02,-1.596252000006083138e-01,-9.190478100905448144e+00,-2.912808718181489898e-01,2.716830705842638860e+00,-9.938723539003073704e-01,-7.743039305237120473e-02,3.346766949417068759e-01
-9.544626708160105721e+00,6.103701591491699219e-01,-1.744095990307442001e+00,-9.752744478075796586e-01,3.272809235439184949e-02,-1.640845654342520110e-01,-1.030939263853120913e+01,-1.107592117829135026e+00,-4.296305970906355576e+00,-1.746586289457096042e+00,-7.955633835553268529e-01,2.120223670022888918e+00,-9.437710323030986004e+00,6.780865778998723670e+00,5.019889822387109568e+00,-1.113513722611400913e+00,-2.600004452347937978e+00,2.186015056574948989e+00,-9.412193603251969520e+00,4.201109436290924315e-02,-3.545535822401701953e+00,-5.921272731050095661e-01,7.397549216342647060e-02,-1.478509132777867940e-01,-9.412193603251969520e+00,4.201109436290924315e-02,-3.545535822401701953e+00,-5.921272731050095661e-01,7.397549216342647060e-02,-1.478509132777867940e-01,-9.154988721402192553e+00,-2.608683909963352976e-01,2.854275874766825094e+00,-1.004207038491796045e+00,-6.612644328450124898e-02,3.418566658177317197e-01
-9.521144766974170892e+00,5.997267784969183557e-01,-1.784474528569746976e+00,-9.822854413565700327e-01,2.437545288162005011e-02,-1.690961511529820993e-01,-1.047547560581610959e+01,-1.071204718014014068e+00,-4.326939181055987405e+00,-1.755131018538641952e+00,-7.596384782835691185e-01,2.162783109438369156e+00,-9.481937203504328338e+00,6.626782590015801944e+00,4.925113113134293563e+00,-1.094046156613603937e+00,-2.667517600803479993e+00,2.194519792829205951e+00,-9.426674941717752887e+00,-5.507395252551076925e-02,-3.439084362873833012e+00,-6.050934369937615021e-01,7.668267617920576651e-02,-1.318055039554971997e-01,-9.426674941717752887e+00,-5.507395252551076925e-02,-3.439084362873833012e+00,-6.050934369937615021e-01,7.668267617920576651e-02,-1.318055039554971997e-01,-9.145601072888757344e+00,-3.562708691508246206e-01,2.809394914057532056e+00,-1.006967297134975903e+00,-6.458240436383129446e-02,3.429248045367527808e-01
-9.446344521963290219e+00,5.912755092737784768e-01,-1.829543344330333055e+00,-9.872969803058824212e-01,2.275949148071432920e-02,-1.736967226412420018e-01,-1.059566838327457994e+01,-7.345912568137638043e-01,-4.168967123893487781e+00,-1.770832478679637001e+00,-7.263335535694743772e-01,2.200165341709798827e+00,-8.686495882025511150e+00,6.273480167037330801e+00,4.803050632301014033e+00,-1.025221323912044902e+00,-2.653583115147005955e+00,2.200191303881632088e+00,-9.350591172638583970e+00,-9.509681602545405621e-02,-3.381171094490869944e+00,-6.035035252571105957e-01,8.443262322766365013e-02,-1.114868518152462989e-01,-9.350591172638583970e+00,-9.509681602545405621e-02,-3.381171094490869944e+00,-6.035035252571105957e-01,8.443262322766365013e-02,-1.114868518152462989e-01,-9.191612331548594028e+00,-4.011566509848915052e-01,2.850513148417670006e+00,-1.000706823740137086e+00,-7.462267611982635607e-02,3.441897136275119951e-01
-9.379992360526699713e+00,5.981627702713012695e-01,-1.806083090599537089e+00,-9.900357337774401412e-01,3.154891799931275331e-02,-1.787088447146945869e-01,-1.063745909763727937e+01,-5.271432640746904763e-01,-3.961092071863991926e+00,-1.803428056098794086e+00,-6.919283398009743458e-01,2.236285746334060853e+00,-7.728159771981135684e+00,6.047986157523613571e+00,4.715165325488504422e+00,-9.155928555026824345e-01,-2.528844364867631089e+00,2.223826883239873098e+00,-9.298645990052346377e+00,-1.555756416841310996e-01,-3.335466764275988982e+00,-6.007729856496704102e-01,9.461531017969432300e-02,-8.798984024641272328e-02,-9.298645990052346377e+00,-1.555756416841310996e-01,-3.335466764275988982e+00,-6.007729856496704102e-01,9.461531017969432300e-02,-8.798984024641272328e-02,-9.177717026622991270e+00,-3.667845938516368087e-01,2.976356540555671781e+00,-9.976008685331223536e-01,-7.151668674983517604e-02,3.493827848188492124e-01
-9.306751812464082008e+00,6.087999011404334748e-01,-1.763184642343168962e+00,-9.931026523601196310e-01,4.850099184945499270e-02,-1.791208600679037033e-01,-1.064485549926757990e+01,-6.359100762050822198e-01,-3.814250954834546903e+00,-1.847186913688062093e+00,-6.579766045517635442e-01,2.266255314449010960e+00,-7.460254701662234034e+00,5.973401729351303757e+00,4.773969735723241570e+00,-7.826307670189915910e-01,-2.353937446430165004e+00,2.281441263827799215e+00,-9.253211975097656250e+00,-1.371282193507928904e-01,-3.301965911364289852e+00,-5.920029704372113954e-01,1.060196517931046023e-01,-6.394532086911998425e-02,-9.253211975097656250e+00,-1.371282193507928904e-01,-3.301965911364289852e+00,-5.920029704372113954e-01,1.060196517931046023e-01,-6.394532086911998425e-02,-9.129454883867449411e+00,-3.789904920858294113e-01,2.932581850674234047e+00,-9.963855658716503916e-01,-7.020323840577939734e-02,3.515679005722295858e-01
-9.249468049303633421e+00,6.172605450382522285e-01,-1.780707539035738973e+00,-9.987704359308700042e-01,6.526146717841593836e-02,-1.759168202000024883e-01,-1.069294151968134976e+01,-8.940899666233810272e-01,-3.723629786042506051e+00,-1.889552399146150918e+00,-6.218897811372414708e-01,2.288069142995052818e+00,-7.836218589249057231e+00,6.215088710885003032e+00,4.928901838246218858e+00,-6.645704386070414582e-01,-2.183153559422196910e+00,2.378734753926187828e+00,-9.253211975097656250e+00,-1.316999382259781137e-01,-3.286910552582983147e+00,-5.874342691025487007e-01,1.109085263492690931e-01,-3.803929677295093265e-02,-9.253211975097656250e+00,-1.316999382259781137e-01,-3.286910552582983147e+00,-5.874342691025487007e-01,1.109085263492690931e-01,-3.803929677295093265e-02,-9.092272393563716193e+00,-3.911977387470816914e-01,2.989131198870364159e+00,-9.922602565461849933e-01,-6.389256985822326651e-02,3.547722979910941099e-01
-9.223480993701564046e+00,5.837895283775944577e-01,-1.815752794665675074e+00,-1.003921135779350049e+00,7.556284423316678156e-02,-1.708519619799429012e-01,-1.085346136897737068e+01,-1.110495490494282089e+00,-3.648177222151896881e+00,-1.921011839506949981e+00,-5.849291595251546738e-01,2.302666682010269916e+00,-8.184957816426226884e+00,6.516498600405054020e+00,4.968625753583873816e+00,-5.964024907967033773e-01,-2.032306174376166119e+00,2.492762594209593896e+00,-9.265686420385502942e+00,-2.077930278968340982e-01,-3.305354767506060831e+00,-5.794351054309013760e-01,1.272031015084844063e-01,-1.024494926008549973e-02,-9.265686420385502942e+00,-2.077930278968340982e-01,-3.305354767506060831e+00,-5.794351054309013760e-01,1.272031015084844063e-01,-1.024494926008549973e-02,-9.044011965678269149e+00,-4.039601831006692789e-01,2.954191684722899947e+00,-9.911435183970850327e-01,-5.923044503797735005e-02,3.579271498234350979e-01
-9.205958942773170506e+00,5.493331551551818848e-01,-1.853948747411390929e+00,-1.005127072334289995e+00,7.983519692766853637e-02,-1.629102481806856961e-01,-1.102512403000153007e+01,-1.171534141092924086e+00,-3.550515362414754961e+00,-1.948330763175760927e+00,-5.490318019518577453e-01,2.309723273657751985e+00,-8.098451999792228406e+00,6.637511757902280429e+00,5.001930790308814601e+00,-5.647047013368585722e-01,-1.874602302979464952e+00,2.611088500748549812e+00,-9.298923267657038139e+00,-2.535017044660818897e-01,-3.341974760380800102e+00,-5.741178920656354601e-01,1.421098762217228029e-01,1.991095336378497990e-02,-9.298923267657038139e+00,-2.535017044660818897e-01,-3.341974760380800102e+00,-5.741178920656354601e-01,1.421098762217228029e-01,1.991095336378497990e-02,-9.007944998600166286e+00,-4.272591173648834229e-01,2.953072973544537128e+00,-9.888112057068582095e-01,-4.675378613760434315e-02,3.601615767876866769e-01
-9.181544330266293130e+00,5.333874130688560644e-01,-1.857102166658600950e+00,-1.006522333525829982e+00,8.736330699144595480e-02,-1.548302905185016953e-01,-1.108912890884001001e+01,-1.232566468543538019e+00,-3.481703875312669005e+00,-1.974451245494946106e+00,-5.154680035630678780e-01,2.312346448180496061e+00,-7.885776363393311783e+00,6.517515674714118745e+00,4.971104020896595088e+00,-5.435608993019742652e-01,-1.685485540172471097e+00,2.732537927532341815e+00,-9.296070568757439645e+00,-2.714155325964036081e-01,-3.363006898073519046e+00,-5.719815380804551541e-01,1.501096264538570868e-01,4.877501221944340742e-02,-9.296070568757439645e+00,-2.714155325964036081e-01,-3.363006898073519046e+00,-5.719815380804551541e-01,1.501096264538570868e-01,4.877501221944340742e-02,-8.984090927726523290e+00,-4.278169105082854085e-01,2.931450280950330001e+00,-9.825983830974026612e-01,-4.146253662611813773e-02,3.642384111881256104e-01
-9.151813625602766678e+00,5.180263694599376301e-01,-1.885841442576507987e+00,-1.008331537246704102e+00,9.725271837763668770e-02,-1.478182287240903947e-01,-1.101003143993033007e+01,-1.332041126002976972e+00,-3.495735397233906916e+00,-1.991380162638167972e+00,-4.844948416602011254e-01,2.307460466979987856e+00,-7.874184604553471800e+00,6.230753727550011334e+00,4.873243007955304407e+00,-5.120246548681943732e-01,-1.482797671307312992e+00,2.837594545285770931e+00,-9.304901078610438248e+00,-2.503799034832869808e-01,-3.319901219222463951e+00,-5.698456552263045927e-01,1.603342927286580122e-01,8.135862336043389598e-02,-9.304901078610438248e+00,-2.503799034832869808e-01,-3.319901219222463951e+00,-5.698456552263045927e-01,1.603342927286580122e-01,8.135862336043389598e-02,-8.971885415422280019e+00,-4.400227382983195046e-01,2.970848810836018927e+00,-9.801216742666800652e-01,-3.684980048441970080e-02,3.640437293576017086e-01
-9.131137847900390625e+00,5.036627924329383221e-01,-1.999429807518930069e+00,-1.006936633219170041e+00,1.075185833759410015e-01,-1.418751275724018102e-01,-1.084797131220092936e+01,-1.505133271400487027e+00,-3.602601558599593190e+00,-1.990517556125537046e+00,-4.501588736380464084e-01,2.298723049680274855e+00,-7.968732631090539087e+00,5.946706928049547258e+00,4.735872431467938348e+00,-4.773395566972657988e-01,-1.281532616231970012e+00,2.898191373224936918e+00,-9.308781267295767492e+00,-2.405231969466088138e-01,-3.256515837289391868e+00,-5.671642202505851049e-01,1.811513366485457133e-01,1.163560612105490055e-01,-9.308781267295767492e+00,-2.405231969466088138e-01,-3.256515837289391868e+00,-5.671642202505851049e-01,1.811513366485457133e-01,1.163560612105490055e-01,-8.959678894334039967e+00,-4.522287351971260860e-01,3.065167924381372977e+00,-9.708007327070493631e-01,-2.539281810238822046e-02,3.597230720826780082e-01
-9.125825272866130433e+00,4.654640882089686738e-01,-2.133694017465939119e+00,-1.004197444330481970e+00,1.181489335396646023e-01,-1.379295584564398935e-01,-1.086601049085592940e+01,-1.647607278887935012e+00,-3.698843240737915039e+00,-1.959291924622243997e+00,-4.182034442271586050e-01,2.289302373014825864e+00,-8.057283295783133070e+00,5.452740530343361591e+00,4.666924931184286862e+00,-4.379341861593818996e-01,-1.087880628073579992e+00,2.897492175735127962e+00,-9.381014107314978645e+00,-1.462388198166567066e-01,-3.268219746386034963e+00,-5.642545674009562529e-01,1.957435538668970132e-01,1.542826830306940900e-01,-9.381014107314978645e+00,-1.462388198166567066e-01,-3.268219746386034963e+00,-5.642545674009562529e-01,1.957435538668970132e-01,1.542826830306940900e-01,-8.945801712586879617e+00,-4.633250831031897055e-01,3.090141768249830001e+00,-9.674012144579559047e-01,-2.005145666649013961e-02,3.542843838705688198e-01
-9.092369246003631389e+00,4.622981639307328083e-01,-2.230788446116762191e+00,-9.978779013110190554e-01,1.226984730400283025e-01,-1.385821657725782030e-01,-1.091421202324135997e+01,-1.838336173076843938e+00,-3.679628948156978829e+00,-1.901982150990964016e+00,-3.966492681672983966e-01,2.274260314684064976e+00,-8.257242777990917659e+00,4.559949617537241373e+00,4.847307946946886048e+00,-3.638654072133322148e-01,-8.963625326989189679e-01,2.860008239746094194e+00,-9.295316464736490758e+00,-9.741079454969066298e-02,-3.200956766971259970e+00,-5.631428826912622254e-01,2.017161506293113915e-01,1.910781492542918125e-01,-9.295316464736490758e+00,-9.741079454969066298e-02,-3.200956766971259970e+00,-5.631428826912622254e-01,2.017161506293113915e-01,1.910781492542918125e-01,-8.901415603440415936e+00,-4.522286641768656912e-01,3.124540395176356178e+00,-9.600707031156976434e-01,-1.475991065343540930e-02,3.468082536773015034e-01
-8.999457379088088516e+00,4.760887324810028076e-01,-2.258369684219359907e+00,-9.828742456378176673e-01,1.285534305537341104e-01,-1.423899982862187052e-01,-1.086898806469197076e+01,-2.267352521465292980e+00,-3.650013685226439986e+00,-1.816976901939955091e+00,-3.882797928472170867e-01,2.243357292855825857e+00,-8.757730048733911588e+00,3.987375860252072801e+00,5.088347986659029765e+00,-2.761099971768860017e-01,-7.542344620266568933e-01,2.795261021660091938e+00,-9.198156301143898261e+00,-2.990907502178955998e-02,-3.131077056290000993e+00,-5.570284021065532443e-01,2.214642893608813889e-01,2.215496061996380939e-01,-9.198156301143898261e+00,-2.990907502178955998e-02,-3.131077056290000993e+00,-5.570284021065532443e-01,2.214642893608813889e-01,2.215496061996380939e-01,-8.949690443492466230e+00,-4.660997055804665945e-01,3.109560275736872992e+00,-9.556040638909487628e-01,-1.126380614881048944e-02,3.394769056124977147e-01
-8.854571797395200505e+00,4.920210050633296861e-01,-2.258369684219359907e+00,-9.655088231884897398e-01,1.457392243559010037e-01,-1.469881005092175952e-01,-1.090381655121045057e+01,-2.645172871970714823e+00,-3.611605092026545893e+00,-1.704099768255969094e+00,-4.070131448338972224e-01,2.201355010381719879e+00,-9.202399528241716808e+00,3.608619657899999833e+00,5.317160686213153298e+00,-2.148223938285717116e-01,-6.566180695297928471e-01,2.696585151979228989e+00,-9.173742324949211380e+00,8.282378666807606316e-02,-3.091101084996869197e+00,-5.513518332031339675e-01,2.415285520851573886e-01,2.554356580058729231e-01,-9.173742324949211380e+00,8.282378666807606316e-02,-3.091101084996869197e+00,-5.513518332031339675e-01,2.415285520851573886e-01,2.554356580058729231e-01,-8.983545465830712118e+00,-5.127109289169311523e-01,3.040195134652925013e+00,-9.473988536422947027e-01,-2.369231739712338025e-02,3.351570750184689196e-01
-8.711816658805226155e+00,5.286405659826731718e-01,-2.322088128776961025e+00,-9.556666042825472385e-01,1.718375303968978085e-01,-1.552549806684332123e-01,-1.088420311288514064e+01,-2.785482885070491132e+00,-3.480342567592499936e+00,-1.582717868779546011e+00,-4.290595563027996828e-01,2.151381204248481005e+00,-9.452166157923509004e+00,3.299454972027786148e+00,5.484220722031992956e+00,-1.904484488782360041e-01,-5.859535350226476869e-01,2.556501285742663221e+00,-9.143107831508638483e+00,1.744899255644646041e-01,-3.018102304329948193e+00,-5.366923237496989962e-01,2.652560268389037024e-01,2.872465768999706848e-01,-9.143107831508638483e+00,1.744899255644646041e-01,-3.018102304329948193e+00,-5.366923237496989962e-01,2.652560268389037024e-01,2.872465768999706848e-01,-8.958578851854134939e+00,-5.127109289169311523e-01,3.047989492622694030e+00,-9.465237461141117192e-01,-2.753051215209566943e-02,3.298646146426795767e-01
-8.605676848253978051e+00,5.599515366749561185e-01,-2.479187125084298060e+00,-9.538559913635253906e-01,1.938941892730919880e-01,-1.636130919716475007e-01,-1.091519271907725930e+01,-2.841299323720642978e+00,-3.287651749887931185e+00,-1.475312889484571066e+00,-4.480560679675948954e-01,2.102215201093756036e+00,-9.620133945164287326e+00,3.359781413736309119e+00,5.459279848255992107e+00,-2.146259239844738043e-01,-5.368696713960299238e-01,2.375111803145391054e+00,-9.084946933757567678e+00,2.719096349804743240e-01,-2.990813732147215909e+00,-5.254668122169136035e-01,2.839583319310385878e-01,3.246305452736730213e-01,-9.084946933757567678e+00,2.719096349804743240e-01,-2.990813732147215909e+00,-5.254668122169136035e-01,2.839583319310385878e-01,3.246305452736730213e-01,-8.924714738422757421e+00,-5.127109289169311523e-01,2.965847416417204840e+00,-9.491490700799372071e-01,-2.368586618893357004e-02,3.256885507043307815e-01
-8.568004619628171170e+00,5.684403045968120516e-01,-2.565146776834310138e+00,-9.464252961745385218e-01,2.048057523103921918e-01,-1.666310578584671021e-01,-1.104645347558595958e+01,-2.989151383581469812e+00,-3.113719080499356195e+00,-1.385549565413140005e+00,-4.599517180697493268e-01,2.053763720651418989e+00,-9.790684187105579639e+00,3.295998811721802202e+00,5.328098162545233940e+00,-2.774954454115802771e-01,-4.976203208785652810e-01,2.175103893906209951e+00,-9.058586854783316156e+00,3.329408390059326872e-01,-2.965936411238912829e+00,-5.104734722889208154e-01,3.058837832653150124e-01,3.603795729749212917e-01,-9.058586854783316156e+00,3.329408390059326872e-01,-2.965936411238912829e+00,-5.104734722889208154e-01,3.058837832653150124e-01,3.603795729749212917e-01,-8.944726359947972938e+00,-5.121608776003656605e-01,2.959142151943428001e+00,-9.397294276259949841e-01,-5.111740866587276277e-02,3.236006511612787850e-01
-8.587111959138733042e+00,5.721554189115369837e-01,-2.482350685611423025e+00,-9.330504192171718003e-01,2.072206735610961914e-01,-1.652378608755105949e-01,-1.121515345927451968e+01,-3.242878205398993074e+00,-2.943665634468770165e+00,-1.293577569939817984e+00,-4.597234597426770875e-01,1.997229573318302975e+00,-9.875957932889736668e+00,3.240306055490871806e+00,5.162719098104309623e+00,-3.634508320812805948e-01,-4.515902553835223210e-01,1.972416145460945902e+00,-9.183306261197135001e+00,4.592705455774476198e-01,-2.936684421276627877e+00,-4.882950269960799061e-01,3.293218722336426207e-01,3.899945484398728013e-01,-9.183306261197135001e+00,4.592705455774476198e-01,-2.936684421276627877e+00,-4.882950269960799061e-01,3.293218722336426207e-01,3.899945484398728013e-01,-8.874232272757415885e+00,-4.994030134338073856e-01,3.061306985304808048e+00,-9.347256169244047008e-01,-7.073849892342254364e-02,3.223880438954840888e-01
-8.625857926660076558e+00,5.912630097075397551e-01,-2.392651081085205078e+00,-9.310069518557404500e-01,2.076850903906956869e-01,-1.638910395779744900e-01,-1.124647614947662966e+01,-3.453848234444197196e+00,-2.728319384110931001e+00,-1.191917181182851060e+00,-4.612113991612801223e-01,1.932952409606575994e+00,-9.841257818313104977e+00,2.971081602761065810e+00,4.835720753617862577e+00,-4.421911822701330985e-01,-3.721325541754073041e-01,1.768465207280079055e+00,-9.235013224562191425e+00,7.331192756440783054e-01,-3.054733966078076790e+00,-4.691691622824712971e-01,3.429345263657482268e-01,4.148117674317228221e-01,-9.235013224562191425e+00,7.331192756440783054e-01,-3.054733966078076790e+00,-4.691691622824712971e-01,3.429345263657482268e-01,4.148117674317228221e-01,-8.862019996311099490e+00,-4.766433297489376941e-01,3.005794231989880050e+00,-9.366685567852296446e-01,-7.700315411702000901e-02,3.181624738211091263e-01
-8.683174501075095364e+00,5.928567044029738886e-01,-2.456323975136196935e+00,-9.323079334732879975e-01,2.055031314261450970e-01,-1.658876081324258123e-01,-1.106162038559921079e+01,-3.441587658216571199e+00,-2.600605023011024031e+00,-1.100907931374210058e+00,-4.536929016487450950e-01,1.857497527272164994e+00,-9.705860812176940300e+00,2.704508599353582010e+00,4.386855194828659599e+00,-5.234915551830119362e-01,-2.434816384517300980e-01,1.565649548998504059e+00,-9.265642672330884011e+00,8.796033472467381653e-01,-3.046082245926691190e+00,-4.705875434117786082e-01,3.560238026838731251e-01,4.366982866841028765e-01,-9.265642672330884011e+00,8.796033472467381653e-01,-3.046082245926691190e+00,-4.705875434117786082e-01,3.560238026838731251e-01,4.366982866841028765e-01,-8.849264307383446493e+00,-4.893993506302481977e-01,3.070126062805567990e+00,-9.343397241720955426e-01,-1.022462997465364010e-01,3.151036202907562256e-01
-8.682660596220866722e+00,5.965643882385277541e-01,-2.586880568641409806e+00,-9.237188789933923339e-01,1.995592099915663997e-01,-1.700199263800460936e-01,-1.080790440579158940e+01,-3.332186840060789912e+00,-2.654680609611527853e+00,-1.049912525742811020e+00,-4.274871332095595000e-01,1.762746238299639057e+00,-1.016270916803414082e+01,2.940340515442119163e+00,3.796858675269636052e+00,-6.583985035403900898e-01,-6.888042816182539385e-02,1.323658379430610932e+00,-9.330003643292286597e+00,9.919066287356811396e-01,-3.078931758169053179e+00,-4.888029590357800824e-01,3.704525586730341158e-01,4.564480911203481206e-01,-9.330003643292286597e+00,9.919066287356811396e-01,-3.078931758169053179e+00,-4.888029590357800824e-01,3.704525586730341158e-01,4.564480911203481206e-01,-8.824849432414644923e+00,-5.149171050510652492e-01,3.202200509606837997e+00,-9.277861097413446778e-01,-1.197709069943345972e-01,3.151036202907562256e-01
-8.649744766253910200e+00,6.368916790000975769e-01,-2.670223800309746931e+00,-9.109012938128775438e-01,2.039652207629993053e-01,-1.772170853994823880e-01,-1.052019031843567021e+01,-3.441165595914776887e+00,-2.853033097876032986e+00,-1.040337432683803964e+00,-3.866356039318900040e-01,1.652663018651266080e+00,-1.098204362642685972e+01,3.154285589182492799e+00,2.945040708740612967e+00,-8.850583818498416466e-01,1.017915355656782012e-01,1.053534228558792085e+00,-9.418122824299571150e+00,9.481828013038829939e-01,-3.024550461085640851e+00,-5.127691913511491784e-01,3.872909233992380962e-01,4.743352768700049849e-01,-9.418122824299571150e+00,9.481828013038829939e-01,-3.024550461085640851e+00,-5.127691913511491784e-01,3.872909233992380962e-01,4.743352768700049849e-01,-8.798786899677510931e+00,-5.626407901924225241e-01,3.288742643055239778e+00,-9.182220310670987651e-01,-1.455087761154187920e-01,3.149592121933076916e-01
-8.616318770198317267e+00,6.926252027334850458e-01,-2.708445167504884843e+00,-8.990115916074413738e-01,2.289463297976402079e-01,-1.900795919690259905e-01,-1.029389698685749011e+01,-3.720184683357266930e+00,-3.033092092982514032e+00,-1.071691976181907924e+00,-3.225083214005662891e-01,1.520401441713735924e+00,-1.143354789404805949e+01,2.655803211089606819e+00,2.063976188635499032e+00,-1.168946749755428005e+00,3.030979172850515879e-01,7.294626404179296308e-01,-9.448741363682607641e+00,7.779583167544587008e-01,-3.079792043943952784e+00,-5.223242640495300293e-01,4.070565990467588935e-01,4.916934893498359216e-01,-9.448741363682607641e+00,7.779583167544587008e-01,-3.079792043943952784e+00,-5.223242640495300293e-01,4.070565990467588935e-01,4.916934893498359216e-01,-8.742706645119438846e+00,-5.881615575275668251e-01,3.390348890229618828e+00,-9.100136941287637615e-01,-1.507536182078725029e-01,3.118508954016421253e-01
-8.597713046657982972e+00,7.361456270820884162e-01,-2.738159813130846221e+00,-8.929715752601623535e-01,2.637266936332547940e-01,-2.057757432953153942e-01,-1.027077653477635089e+01,-4.286442448771799363e+00,-3.322545178780114128e+00,-1.155837100649637073e+00,-2.325647109008359970e-01,1.361872587274784996e+00,-1.192888309549076986e+01,2.074958465432608090e+00,1.324667287678578997e+00,-1.485109002405230916e+00,5.629430130787891340e-01,3.633536142590362839e-01,-9.500667361463671412e+00,7.262381769532693099e-01,-3.186541614010042878e+00,-5.185230731369057100e-01,4.270592493428381764e-01,5.112072586189322365e-01,-9.500667361463671412e+00,7.262381769532693099e-01,-3.186541614010042878e+00,-5.185230731369057100e-01,4.270592493428381764e-01,5.112072586189322365e-01,-8.793180364996677767e+00,-6.358849583385574045e-01,3.318213665819528035e+00,-9.087050410356378727e-01,-1.554976058447999909e-01,3.107828870787596731e-01
-8.660843194355063446e+00,7.515569473466565675e-01,-2.801289681465394921e+00,-8.938994339671553213e-01,2.946574395084711195e-01,-2.201245890475362899e-01,-1.030087688056470974e+01,-5.158704186755127097e+00,-3.782417092202476017e+00,-1.260695200000603977e+00,-1.198892690678036027e-01,1.169748404003452924e+00,-1.292380804511510028e+01,1.733309123784281036e+00,4.588836801860748937e-01,-1.875820158142428973e+00,8.280321718986181079e-01,-1.937921347808345060e-02,-9.533782021790605299e+00,6.987238185822628456e-01,-3.268682289660679086e+00,-5.024848084875820353e-01,4.428085209739799910e-01,5.355184929787777381e-01,-9.533782021790605299e+00,6.987238185822628456e-01,-3.268682289660679086e+00,-5.024848084875820353e-01,4.428085209739799910e-01,5.355184929787777381e-01,-8.877525010965934271e+00,-6.608452429557175600e-01,3.274326482676141126e+00,-9.025369163619757495e-01,-1.918223603083515916e-01,3.097628653049468994e-01
-8.769106648484683575e+00,7.234433611279809107e-01,-2.867136449583115088e+00,-8.927882056219786922e-01,3.120825250165253917e-01,-2.322950751997084062e-01,-1.022113308059834935e+01,-6.507230388783963093e+00,-4.555186619268399184e+00,-1.383011841328344982e+00,1.570277194553447095e-02,9.325429435088254948e-01,-1.513498731160679966e+01,5.417955442223348905e-01,9.538059329012874010e-03,-2.305959006000489975e+00,1.011769591411330937e+00,-4.292620879299524073e-01,-9.488055652865950762e+00,6.714071631431579590e-01,-3.330114845611305885e+00,-4.843442712079755741e-01,4.602045170570874810e-01,5.616785415336079668e-01,-9.488055652865950762e+00,6.714071631431579590e-01,-3.330114845611305885e+00,-4.843442712079755741e-01,4.602045170570874810e-01,5.616785415336079668e-01,-8.939658528358091161e+00,-6.974672585874548414e-01,3.332621097564696822e+00,-9.017566696379626379e-01,-2.060441171468395116e-01,3.098588384030860898e-01
-8.912360177067556677e+00,6.481217524369252692e-01,-2.896847230230319870e+00,-8.911583770717173003e-01,3.081473254882899915e-01,-2.380563180872208862e-01,-1.013214492797851918e+01,-9.131964142132758866e+00,-5.746574783312990320e+00,-1.554918972280955103e+00,1.815211513197221016e-01,6.414652646221039589e-01,-1.934560653254910889e+01,-1.440595452777557961e+00,6.100248711403712942e-01,-2.790190472579042069e+00,9.160034281640203613e-01,-8.074433201561355133e-01,-9.476238704863048312e+00,6.838083352361405964e-01,-3.495386373429071103e+00,-4.734607480821155234e-01,4.820568097962272813e-01,5.862436058029295571e-01,-9.476238704863048312e+00,6.838083352361405964e-01,-3.495386373429071103e+00,-4.734607480821155234e-01,4.820568097962272813e-01,5.862436058029295571e-01,-9.026192482860784239e+00,-7.324442267417907715e-01,3.334261670973761138e+00,-9.073359915622137839e-01,-2.269736933491529884e-01,3.120905560544187107e-01
-9.077938388731181973e+00,5.329748297177208105e-01,-2.906973304066030828e+00,-8.929715752601623535e-01,2.921276946804035046e-01,-2.355564731235099130e-01,-1.042905678011216963e+01,-1.297557477354163957e+01,-6.697353435908421915e+00,-1.675439447870209042e+00,3.181921145178421839e-01,2.701400863348820125e-01,-2.590368352739614011e+01,-4.783820668184873171e+00,1.516513611921058935e+00,-3.076396665570678035e+00,6.004474121434408840e-01,-9.021022314300184419e-01,-9.543473629797068369e+00,7.512357479384991210e-01,-3.720734579621426175e+00,-4.783262364593980909e-01,4.967560018968845137e-01,6.089114989710115999e-01,-9.543473629797068369e+00,7.512357479384991210e-01,-3.720734579621426175e+00,-4.783262364593980909e-01,4.967560018968845137e-01,6.089114989710115999e-01,-9.139863661967725150e+00,-7.340803168794161060e-01,3.382332115159910835e+00,-9.168709286408002201e-01,-2.399148652744916010e-01,3.162194845565636236e-01
-9.247223684419779488e+00,4.267982458493151943e-01,-2.871964318751679013e+00,-8.864820283454550864e-01,2.770331830190579936e-01,-2.246939272092741136e-01,-1.128640365600585938e+01,-1.678372364317644028e+01,-7.348931633870661173e+00,-1.621211587741810956e+00,3.803054813659930145e-01,-1.971572247175026882e-01,-3.235645675366229312e+01,-8.160390661877521268e+00,-1.926743245935006899e+00,-2.655698752168289101e+00,2.633627524365081962e-01,-5.661909526103622303e-01,-9.641312334028441455e+00,8.299159243496881944e-01,-3.799226013105220012e+00,-4.976006074023137105e-01,5.130313277565022867e-01,6.262713776251871423e-01,-9.641312334028441455e+00,8.299159243496881944e-01,-3.799226013105220012e+00,-4.976006074023137105e-01,5.130313277565022867e-01,6.262713776251871423e-01,-9.325910792344055622e+00,-7.679758062210703118e-01,3.669855075625258145e+00,-9.022032054212446583e-01,-2.776045448516404890e-01,3.172876234855905864e-01
-9.456800984231355400e+00,3.413540715292799899e-01,-2.796656652840528778e+00,-8.733830676159988204e-01,2.612947288487116881e-01,-2.061748225234746046e-01,-1.215597946022452014e+01,-2.029225489962606943e+01,-8.493540041152476405e+00,-1.494287378410773082e+00,4.432654841032873105e-01,-7.103062724676487694e-01,-3.423966702081823854e+01,-9.726215926549768298e+00,-6.496898207613217124e+00,-1.477518323608624007e+00,-3.323088242642340817e-01,-4.907564871734189094e-01,-9.778687611014380110e+00,8.120712257524038691e-01,-3.738563648399891193e+00,-5.280662967745846093e-01,5.280012058705172429e-01,6.479536512208385890e-01,-9.778687611014380110e+00,8.120712257524038691e-01,-3.738563648399891193e+00,-5.280662967745846093e-01,5.280012058705172429e-01,6.479536512208385890e-01,-9.314792893116338846e+00,-7.457393563262266767e-01,3.834212378310327018e+00,-8.940397500991821289e-01,-2.972994099283260971e-01,3.182128782218007212e-01
-9.743326900833228166e+00,2.135272225767705923e-01,-2.665601305813302790e+00,-8.613110440161566572e-01,2.468435878479325885e-01,-1.774358597994002973e-01,-1.243911582037772057e+01,-2.271458378819392010e+01,-9.644989066640221154e+00,-1.329515978232471918e+00,5.159132055135403627e-01,-1.184097481683175079e+00,-3.198365637045517929e+01,-9.606059459386981914e+00,-5.357189201536609602e+00,-6.387993059237054849e-01,-6.015413771987220271e-01,-8.529897893373813433e-01,-9.937551296740023687e+00,8.109766120673813639e-01,-3.738381274162776879e+00,-5.652088232975523985e-01,5.453449699796900640e-01,6.821630724228411324e-01,-9.937551296740023687e+00,8.109766120673813639e-01,-3.738381274162776879e+00,-5.652088232975523985e-01,5.453449699796900640e-01,6.821630724228411324e-01,-9.331363110704618435e+00,-7.685211695824127887e-01,3.862991663937926035e+00,-8.934672632530457070e-01,-2.827066413072297779e-01,3.160286429503825767e-01
-1.009038549132952944e+01,3.043960162059271973e-02,-2.581057213919120130e+00,-8.553034119717095596e-01,2.367681600244040119e-01,-1.437228271907199095e-01,-1.321583591091041043e+01,-2.313744483895015946e+01,-8.450460555671851282e+00,-7.717004304363583866e-01,4.807843841990018241e-01,-1.625361893644591937e+00,-2.966106926082526840e+01,-7.104037988532279080e+00,-6.136572098249786222e+00,-2.178837026307751945e-01,-5.759251587287438356e-01,-6.598160381689267551e-01,-1.013905677175332976e+01,5.200247652213613181e-01,-3.689373107416046960e+00,-6.011591643175120403e-01,5.616534008391456112e-01,7.254610527695392053e-01,-1.013905677175332976e+01,5.200247652213613181e-01,-3.689373107416046960e+00,-6.011591643175120403e-01,5.616534008391456112e-01,7.254610527695392053e-01,-9.439034708726575573e+00,-7.574013120049688519e-01,3.991002016100469785e+00,-8.805576216364131570e-01,-2.980606919396566190e-01,3.128723967336323186e-01
-1.037024475221184083e+01,-9.971228649304067493e-02,-2.646198822566126818e+00,-8.605018180737677991e-01,2.274776126745491067e-01,-1.138567943152188067e-01,-1.577644645355936071e+01,-1.800903228460918015e+01,-1.938573709586554061e+00,4.312596244749903884e-01,2.091256261531871941e-01,-1.937180124150748028e+00,-1.703565205744627065e+01,9.005733046548152210e-01,1.241154137034840010e+00,1.576071979331642933e-02,-9.305186315680635811e-01,8.711077637006467422e-02,-1.039282084365900083e+01,8.457674563438448423e-02,-3.653459110994921044e+00,-6.136585898617262780e-01,5.846549099491489265e-01,7.767272355522305549e-01,-1.039282084365900083e+01,8.457674563438448423e-02,-3.653459110994921044e+00,-6.136585898617262780e-01,5.846549099491489265e-01,7.767272355522305549e-01,-9.500622188157059611e+00,-7.690663933753967285e-01,4.241405692709538044e+00,-8.656018754695729012e-01,-2.977494135487558924e-01,3.104504464622773185e-01
-1.048983028553963948e+01,-1.713302492660495058e-01,-2.833397400269311195e+00,-8.650577877935725635e-01,2.250953361380577111e-01,-9.239109531731649894e-02,-1.580367396736047070e+01,-5.255668525749515041e+00,3.852204554030910888e+00,1.157689565612423976e+00,6.036949357045533898e-02,-1.850380376950325978e+00,9.702033016169181456e-01,4.346862357910548091e+00,1.274601209943540070e+01,-4.323203421641734212e-01,-5.226636806798872215e-01,3.892849736681607831e-01,-1.069420582436728040e+01,-4.813588467069827154e-02,-3.763322224648129932e+00,-6.228364074671144390e-01,6.150885398968011231e-01,8.266425096514159465e-01,-1.069420582436728040e+01,-4.813588467069827154e-02,-3.763322224648129932e+00,-6.228364074671144390e-01,6.150885398968011231e-01,8.266425096514159465e-01,-9.574389552813672211e+00,-7.674441593906025094e-01,4.354798715286439581e+00,-8.503675249440617590e-01,-2.680376989979427194e-01,3.019546146025626210e-01
-1.056350125695153963e+01,-2.356113163316579107e-01,-3.026240645648881067e+00,-8.653416420045536572e-01,2.289048157598015942e-01,-7.359021642429899868e-02,-1.120646302538004946e+01,6.196237578307195015e+00,4.049026679797375294e+00,7.584995143806889661e-01,3.353314164367480199e-01,-1.475408554641687964e+00,4.461816742074192987e+00,5.039781522714115169e-03,1.529087100945564082e+01,-1.956925002439937056e-01,-1.099382974693682014e-01,2.018895057428820028e-01,-1.089638489825886047e+01,1.193202944920030012e-01,-3.848426550241395905e+00,-6.630316522817057967e-01,6.458220565048928830e-01,8.728407520122158925e-01,-1.089638489825886047e+01,1.193202944920030012e-01,-3.848426550241395905e+00,-6.630316522817057967e-01,6.458220565048928830e-01,8.728407520122158925e-01,-9.663645783744872375e+00,-7.302758268895648275e-01,4.286967019336682228e+00,-8.293816629641801441e-01,-2.427313348842393137e-01,2.943344674384713033e-01
-1.083374492462657912e+01,-2.193113987056451997e-01,-2.956172830146389874e+00,-8.557966495771711646e-01,2.307199239730834961e-01,-4.328849217077841011e-02,-6.981150008505329296e+00,1.109802503410023000e+01,1.768589004003946030e+00,-9.727652425864874441e-02,6.047581540457847016e-01,-1.174196105566748027e+00,-1.807827076054938920e-01,-1.619684823769149962e-01,1.414773056095707027e+01,2.990540401696303863e-01,-1.293670278208504942e-01,-1.075955220863901995e-01,-1.128118729963613021e+01,1.614473654948402059e-01,-3.860634254561015055e+00,-7.343439583678302851e-01,6.815985849302138577e-01,9.192991027342012345e-01,-1.128118729963613021e+01,1.614473654948402059e-01,-3.860634254561015055e+00,-7.343439583678302851e-01,6.815985849302138577e-01,9.192991027342012345e-01,-9.837741886965140736e+00,-6.787625885641519474e-01,4.337941080011346706e+00,-8.166613459999110258e-01,-2.241055283941522924e-01,2.834669112495379895e-01
-1.133463035066860947e+01,-1.550302776392155080e-01,-2.587516354342576985e+00,-8.393492327857128288e-01,2.237753275413728038e-01,-7.794525232061141201e-03,-6.086649132067853074e+00,7.500109479535057133e+00,-2.019416589224580783e+00,-7.761226569921155782e-01,7.687913666579537786e-01,-9.960168464898178087e-01,-3.379544567576629799e+00,8.064820226078285970e+00,8.359580812999842792e+00,2.948950563009000159e-01,-2.075523465736398010e-01,-2.806260765026065140e-01,-1.175460560290368939e+01,6.363759198905777348e-02,-3.838818143812372075e+00,-8.074932276874480230e-01,7.171270435711987190e-01,9.644248131569606031e-01,-1.175460560290368939e+01,6.363759198905777348e-02,-3.838818143812372075e+00,-8.074932276874480230e-01,7.171270435711987190e-01,9.644248131569606031e-01,-1.008458398555070978e+01,-5.688965335005791157e-01,4.435599639018122708e+00,-8.062157860245332541e-01,-1.951713683826279966e-01,2.684657678788134882e-01
-1.179928543191400081e+01,-1.025387527444718977e-01,-2.220514592876603022e+00,-8.371792148265158051e-01,1.980328062203786932e-01,1.363723831503733074e-02,-8.907691630350281997e+00,-5.902870855023785168e-01,-5.827769200373355218e+00,-6.935232766487632317e-01,6.151842348586579190e-01,-9.694105848189322749e-01,-7.157585669711377108e+00,1.190327749762606047e+01,4.223161620783671744e+00,-3.408065678783551156e-01,-7.260110178753481636e-02,-2.818180698762168812e-01,-1.230981143392929056e+01,-3.662221133708953857e-02,-3.726020038905947906e+00,-8.785200185686662389e-01,7.566497127876153916e-01,1.010627230735638982e+00,-1.230981143392929056e+01,-3.662221133708953857e-02,-3.726020038905947906e+00,-8.785200185686662389e-01,7.566497127876153916e-01,1.010627230735638982e+00,-1.038919438597977063e+01,-4.585058070486531245e-01,4.533784356290600392e+00,-7.999349704352758383e-01,-1.646221987464399905e-01,2.525395655931110261e-01
-1.188879624868257068e+01,1.830641660816428873e-02,-2.101706325000697984e+00,-8.438367843627929688e-01,1.674504926074363020e-01,1.474076769142079919e-02,-1.191654427305129005e+01,-3.558188683211871872e+00,-4.952494961709169807e+00,-9.214275753041868688e-02,3.126841692129261885e-01,-1.109500743432523029e+00,-9.618782143535472784e+00,4.385076060826314404e+00,5.108335880663256390e+00,-5.904209728257138190e-01,-2.251056633643674088e-01,-3.350126640339595729e-01,-1.276076469186996931e+01,-2.116762612327834081e-02,-3.600402627245193887e+00,-9.544272480167246275e-01,7.967045384373837580e-01,1.057616792577263931e+00,-1.276076469186996931e+01,-2.116762612327834081e-02,-3.600402627245193887e+00,-9.544272480167246275e-01,7.967045384373837580e-01,1.057616792577263931e+00,-1.067142018668939052e+01,-3.348209339546552865e-01,4.642574922489881573e+00,-7.737488188888826945e-01,-1.436826923000620038e-01,2.385597590949183056e-01
-1.142614812467627061e+01,2.754713379111783933e-01,-2.242086780022428005e+00,-8.322658580477519941e-01,1.767772334340255991e-01,-1.242494387101501958e-02,-1.209383945738542998e+01,-2.606543044035580237e-01,-1.451630914189909971e+00,1.276924759366525886e-01,2.540076523885718141e-01,-1.189195034751755031e+00,-4.770869032824760936e+00,1.343927092320817973e+00,8.570933239909601653e+00,-3.780385847395992815e-01,-3.756372672947432267e-01,-4.025084787142473863e-01,-1.305357792782413995e+01,4.295793343080298032e-02,-3.306814179108600982e+00,-1.058954019209616071e+00,8.407947656425671656e-01,1.103802502971596988e+00,-1.305357792782413995e+01,4.295793343080298032e-02,-3.306814179108600982e+00,-1.058954019209616071e+00,8.407947656425671656e-01,1.103802502971596988e+00,-1.071115297765775942e+01,-1.777668014117237960e-01,4.712507741242509596e+00,-7.588919699192047119e-01,-1.309071737363041998e-01,2.229623205032766065e-01
-1.074137921134376938e+01,7.246345031519267899e-01,-2.428037443702899090e+00,-8.134313327197624233e-01,2.424218560389493904e-01,-5.696205029682197690e-02,-1.035745541982891993e+01,1.129601948335098971e+00,-5.462602229337421011e-01,-1.771484956553857903e-01,3.657998894299573922e-01,-1.044237802209895039e+00,-2.458909759200460066e+00,2.935004730436998166e+00,8.654620525062762582e+00,-3.673593146073502180e-01,-2.102637934262112096e-01,-4.266484240350110202e-01,-1.328828340155370924e+01,8.839116025624507711e-02,-2.864300335057869962e+00,-1.199230938188490914e+00,8.926015806866497426e-01,1.148133002851049911e+00,-1.328828340155370924e+01,8.839116025624507711e-02,-2.864300335057869962e+00,-1.199230938188490914e+00,8.926015806866497426e-01,1.148133002851049911e+00,-1.055192148191039081e+01,-5.943373871821275300e-02,4.435394128896123611e+00,-7.457935972147823334e-01,-9.654678048969414506e-02,2.171613441153605883e-01
-1.031448081207861023e+01,1.282469674759828981e+00,-2.379280883269919933e+00,-8.243170573882020458e-01,3.287570635215709136e-01,-9.505790791763658876e-02,-9.713425204201707075e+00,-1.750698798689612090e+00,-8.300846820679781413e-01,-4.051045245793699068e-01,4.799719761411780916e-01,-8.439191226738849139e-01,-6.343003996384186216e+00,1.994740046400536926e+00,7.232580154600109168e+00,-4.182918447747451807e-01,-1.732313747527778891e-01,-3.715393383817006123e-01,-1.353949468230126918e+01,8.524711797976800010e-03,-2.415729966249688943e+00,-1.362652282258330017e+00,9.449260889545502140e-01,1.196494442071162068e+00,-1.353949468230126918e+01,8.524711797976800010e-03,-2.415729966249688943e+00,-1.362652282258330017e+00,9.449260889545502140e-01,1.196494442071162068e+00,-1.038315595459827989e+01,-2.174267822164132127e-02,3.976856905743822779e+00,-7.271280748778223835e-01,-8.201357269067369171e-02,2.245916121635020135e-01
-1.031805596997945074e+01,1.639835678293688925e+00,-2.080622520883760984e+00,-8.805282353042687138e-01,3.963442282267481964e-01,-1.224764887294527982e-01,-1.009179445474473980e+01,-4.723872836750263815e+00,-6.114201356594746173e-01,-2.718858009669870013e-01,4.687238608533558226e-01,-7.213649476717303166e-01,-7.665970947256348644e+00,1.059339420332823939e-01,7.319842131116791606e+00,-2.984289932644628163e-01,-2.461591926633998895e-01,-2.646675606218996113e-01,-1.405244609385468912e+01,-1.897179311321627870e-01,-1.979393268205297929e+00,-1.524442191985833972e+00,9.935158195705579010e-01,1.252302965810222046e+00,-1.405244609385468912e+01,-1.897179311321627870e-01,-1.979393268205297929e+00,-1.524442191985833972e+00,9.935158195705579010e-01,1.252302965810222046e+00,-1.026375464084724065e+01,4.249938730544253196e-02,3.640930772346397060e+00,-7.208595255893729403e-01,-7.690664380788803101e-02,2.315614291216243070e-01
-1.060811020912044000e+01,1.640321563273710037e+00,-1.827082508202019007e+00,-9.664651074452816903e-01,4.049488749895299167e-01,-1.318116023303085027e-01,-1.002440177863278059e+01,-4.683887894069361124e+00,-7.186522865396125503e-01,3.162192918943922126e-03,3.797015247783536163e-01,-6.599286944589672910e-01,-6.001344897230649345e+00,4.564681204462199271e-01,7.913144570891208041e+00,-1.232964221924101045e-01,-2.073686165469033060e-01,-1.419072395130510922e-01,-1.460750875457154052e+01,-3.760530304492213927e-01,-1.530536143831326079e+00,-1.683345849422765994e+00,1.041053106899864966e+00,1.306751767529821917e+00,-1.460750875457154052e+01,-3.760530304492213927e-01,-1.530536143831326079e+00,-1.683345849422765994e+00,1.041053106899864966e+00,1.306751767529821917e+00,-1.020273217970546042e+01,1.794055446690502875e-01,3.441424981501722158e+00,-7.177023232067124558e-01,-7.737159109473489005e-02,2.503650469261681222e-01
-1.087916975193470037e+01,1.497498207752643085e+00,-1.736729258461370051e+00,-1.059095539571258016e+00,3.424899040943191197e-01,-1.258658983922411045e-01,-9.721897682703581012e+00,-1.716065977967901057e+00,-1.311473241905755094e+00,1.028718058480948966e-01,2.952283628463256981e-01,-6.092638199588453762e-01,-5.267534282835195647e+00,2.910346184377402778e+00,7.769972297517587556e+00,-1.058512187900104012e-01,-1.495128066019014990e-01,-6.887810355826924635e-02,-1.500962125553085968e+01,-5.462469297284293646e-01,-1.030219179053093903e+00,-1.837563170815392999e+00,1.088292910359299981e+00,1.350493166303853965e+00,-1.500962125553085968e+01,-5.462469297284293646e-01,-1.030219179053093903e+00,-1.837563170815392999e+00,1.088292910359299981e+00,1.350493166303853965e+00,-1.013316471167222943e+01,3.715493768369690919e-01,3.419671121600463159e+00,-7.157988639661410080e-01,-8.726182888830015527e-02,2.601659054535869764e-01
-1.095696469788910044e+01,1.396566283638758899e+00,-1.608653563645578100e+00,-1.163399645718194986e+00,2.583194850913940188e-01,-1.159026515820334030e-01,-9.398056764207128211e+00,8.236840795201030296e-01,-1.818365538419361105e+00,-7.539329603047353889e-02,2.684759166505600869e-01,-5.340405475830825033e-01,-5.261240910458308662e+00,3.599983777868033030e+00,7.782406927803143581e+00,-1.591868433077031075e-01,-1.300059777102254011e-01,-6.330252715319212298e-02,-1.522626164352239009e+01,-5.494691030051175318e-01,-5.108078974364097524e-01,-1.962274350080023044e+00,1.127519198222608043e+00,1.381738461682787911e+00,-1.522626164352239009e+01,-5.494691030051175318e-01,-5.108078974364097524e-01,-1.962274350080023044e+00,1.127519198222608043e+00,1.381738461682787911e+00,-9.876870768855589233e+00,4.898855368743981753e-01,3.456284633810335905e+00,-7.189562029439315882e-01,-7.992565464464471137e-02,2.739557822952348731e-01
-1.080212699382845010e+01,1.222955830863446058e+00,-1.482378471543079890e+00,-1.241456176107708087e+00,1.841904938270566006e-01,-8.878778726907662899e-02,-1.004335843319016064e+01,2.248706070146715974e-01,-1.702730417617773995e+00,-2.180440600860840961e-01,2.778090777133805922e-01,-4.286663204709988961e-01,-5.274112357993170797e+00,2.926192447194122082e+00,7.849213357681534831e+00,-1.703406653265542026e-01,-1.046463558549279027e-01,-7.157233114639562077e-02,-1.535973585292856924e+01,-6.137173765449113194e-01,2.313499796775078943e-01,-2.082354136692579960e+00,1.151733289482772982e+00,1.409731185564431000e+00,-1.535973585292856924e+01,-6.137173765449113194e-01,2.313499796775078943e-01,-2.082354136692579960e+00,1.151733289482772982e+00,1.409731185564431000e+00,-9.616237597420358441e+00,5.275741408845789904e-01,3.488130290702935010e+00,-7.212786378078152039e-01,-7.569906787743249654e-02,2.855672851407011770e-01
-1.041278389916196012e+01,8.966463313275485625e-01,-1.621363859707132926e+00,-1.236410430383932946e+00,1.178538570264713037e-01,-4.297083153301996944e-02,-1.056526827287258996e+01,-1.268957383926867966e+00,-1.288254554004347074e+00,-1.723653097525887079e-01,2.900230540673182089e-01,-3.755703222252623208e-01,-5.486987031183667263e+00,2.621316372646286919e+00,7.779184960610916910e+00,-1.554124970818810958e-01,-8.973043210159736827e-02,-7.208493575491908834e-02,-1.513857862571892987e+01,-5.755354028672425848e-01,1.026589006097798906e+00,-2.170354025992239144e+00,1.158198861707786964e+00,1.414418158573300000e+00,-1.513857862571892987e+01,-5.755354028672425848e-01,1.026589006097798906e+00,-2.170354025992239144e+00,1.158198861707786964e+00,1.414418158573300000e+00,-9.260722296962267563e+00,5.864836232882885136e-01,3.412262272917191197e+00,-7.279633033322915336e-01,-7.152473958784570651e-02,2.937868810534827735e-01
-1.000338283902030057e+01,5.637730044959480269e-01,-1.683567140240910032e+00,-1.197126828574573087e+00,5.466089900063376972e-02,7.836136178048921583e-03,-1.031698211853992042e+01,-1.085687072275085985e+00,-9.511618648908300999e-01,-1.256166703738705870e-01,2.933709741432138918e-01,-3.740845699476917918e-01,-5.383599421988066958e+00,2.315330206256935863e+00,7.797529302973242871e+00,-1.476376361808321991e-01,-9.319736441683407202e-02,-5.469113459118529752e-02,-1.452530978840555953e+01,-1.549880750137783980e-01,1.462930370433112026e+00,-2.225094123766841125e+00,1.164981094465094902e+00,1.382883158788519973e+00,-1.452530978840555953e+01,-1.549880750137783980e-01,1.462930370433112026e+00,-2.225094123766841125e+00,1.164981094465094902e+00,1.382883158788519973e+00,-8.871099488890523688e+00,5.986924393906660757e-01,3.276376164037317906e+00,-7.405508707583705608e-01,-4.597889024987922291e-02,2.947161130222821779e-01
-9.638837899918776486e+00,2.374918901013010064e-01,-1.247685365900617072e+00,-1.185992218852577107e+00,-9.710011339179225667e-03,5.757249694500243820e-02,-9.872226463118639828e+00,-3.567805869330274993e-01,-9.213307878480345714e-01,-1.662348059053244953e-01,2.802813230754775953e-01,-3.719484347581131223e-01,-5.475111811410964258e+00,1.877482366244527023e+00,7.800408801302536332e+00,-1.201213125182863939e-01,-1.012429967274681986e-01,-1.838422752296963933e-02,-1.377911175343884942e+01,3.294421074879055888e-01,1.748375440592774055e+00,-2.250966917013065949e+00,1.135980572668767952e+00,1.331767041176092015e+00,-1.377911175343884942e+01,3.294421074879055888e-01,1.748375440592774055e+00,-2.250966917013065949e+00,1.135980572668767952e+00,1.331767041176092015e+00,-8.506506511631588552e+00,6.124828588303332655e-01,3.104965240053195075e+00,-7.479345672751962493e-01,-2.192793188676718866e-02,2.926725149154663086e-01
-9.281544678529144221e+00,-3.730335134830747856e-02,-7.083137164587006707e-01,-1.192977053294683953e+00,-6.380563286627256858e-02,1.062433881385265039e-01,-9.509697991989444432e+00,-1.804458562304731006e-01,-1.030192956583928066e+00,-1.901043399058555128e-01,2.780754807235213955e-01,-3.622978585956955211e-01,-5.404250977775468812e+00,2.445502977217397955e+00,7.745681864874703670e+00,-9.453846327102130576e-02,-1.260562110434753913e-01,4.262746642193487173e-03,-1.254012526345142930e+01,1.042326617900128038e+00,1.540200166026568063e+00,-2.168544347934458827e+00,1.143236882950303901e+00,1.230970177370281915e+00,-1.254012526345142930e+01,1.042326617900128038e+00,1.540200166026568063e+00,-2.168544347934458827e+00,1.143236882950303901e+00,1.230970177370281915e+00,-8.176908915134118772e+00,6.586716675917042574e-01,2.921855291391965981e+00,-7.533214462180304327e-01,1.457373072050771948e-02,2.925338858177579104e-01
-8.978326414207943529e+00,-2.187826850520233068e-01,-5.163475308475680148e-01,-1.185871214254712980e+00,-9.928494306533122704e-02,1.496925425036337021e-01,-9.376821917923475525e+00,-9.038260202717039726e-02,-1.113946228063360966e+00,-1.300379404958635909e-01,3.165609394446359803e-01,-3.442760387817336842e-01,-5.007988592446674936e+00,3.088529217627741019e+00,7.821992257773053403e+00,-1.047030991020564961e-01,-1.351182398639516891e-01,-8.842983995542823966e-03,-1.109528279484547042e+01,3.888619841155940837e-01,1.260774926661407891e+00,-1.977722155777758006e+00,1.168900848915005009e+00,1.083830293789115107e+00,-1.109528279484547042e+01,3.888619841155940837e-01,1.260774926661407891e+00,-1.977722155777758006e+00,1.168900848915005009e+00,1.083830293789115107e+00,-7.850508647885495961e+00,6.438327104661993872e-01,2.737186696550141018e+00,-7.593609609407946381e-01,5.525053278540670992e-02,2.891455008297837970e-01
-8.757249193684723210e+00,-4.670066240883092856e-01,-6.111139963513084750e-01,-1.146754605643149905e+00,-1.164606555273944022e-01,1.833891685054477028e-01,-9.512645517347046109e+00,2.068086891096196089e-01,-1.261568635553369955e+00,-8.214867326246094725e-02,3.517393026914332199e-01,-3.339622271636162876e-01,-4.986915657344218822e+00,2.965687981155972874e+00,7.901310136463765232e+00,-1.207007020711898942e-01,-1.327137747987137961e-01,-3.018115676389252974e-02,-9.320295968912713391e+00,-1.122012185214179975e-01,1.050046108644006937e+00,-1.626165951238311091e+00,1.191755713771931013e+00,9.308022032837591775e-01,-9.320295968912713391e+00,-1.122012185214179975e-01,1.050046108644006937e+00,-1.626165951238311091e+00,1.191755713771931013e+00,9.308022032837591775e-01,-7.598893680875224987e+00,5.711152092009519343e-01,2.519560848478012094e+00,-7.572707539329177617e-01,9.788406823671048917e-02,2.817606706824022922e-01
-8.635551308725030850e+00,-7.156869539466295116e-01,-7.978607502512173877e-01,-1.071891484516279913e+00,-1.248620100730393062e-01,2.085286190788860905e-01,-9.669794947443042687e+00,4.198209052658423146e-01,-1.287115333328110012e+00,-1.249618108875008016e-01,3.584803522274058185e-01,-3.379864794165429731e-01,-5.173124728603236022e+00,2.407572695919629080e+00,7.947019577026367188e+00,-1.145336945859273953e-01,-1.270964665360332924e-01,-3.069502980382975144e-02,-8.045977345902011635e+00,5.713605237334421494e-01,-4.377071898915497750e-01,-1.201188219535004986e+00,1.111346454027138053e+00,8.015854121108954011e-01,-8.045977345902011635e+00,5.713605237334421494e-01,-4.377071898915497750e-01,-1.201188219535004986e+00,1.111346454027138053e+00,8.015854121108954011e-01,-7.460298485293913373e+00,5.106109992255173369e-01,2.354453844769608839e+00,-7.562027158115274261e-01,1.388359761766017886e-01,2.764665363929830755e-01
-8.625711989659134105e+00,-8.162552304165338057e-01,-9.789550067276082679e-01,-9.852342969307334997e-01,-1.349369358792099904e-01,2.265105032392085993e-01,-9.772217619942439981e+00,3.700360332738569791e-01,-1.309817007786330922e+00,-2.053684733992088007e-01,3.540742444531280175e-01,-3.687115672660609134e-01,-5.291691494830267573e+00,2.258757052036461932e+00,7.959275401723410859e+00,-9.211185853368079879e-02,-1.169600660580001061e-01,-1.680955368251612139e-02,-7.191237203963768643e+00,2.412335615721472148e+00,-2.516248674573986044e+00,-7.603421281285001054e-01,8.850765348136944155e-01,7.864697888623246591e-01,-7.191237203963768643e+00,2.412335615721472148e+00,-2.516248674573986044e+00,-7.603421281285001054e-01,8.850765348136944155e-01,7.864697888623246591e-01,-7.502673473428950857e+00,4.576002753766568731e-01,2.314695730261837170e+00,-7.551804780960083008e-01,1.873690889199199072e-01,2.723776996135712225e-01
-8.746506091087095314e+00,-8.512366447717911733e-01,-1.136010470890230106e+00,-8.983955689335381134e-01,-1.599493942033219096e-01,2.377662569364553113e-01,-9.882075564652543775e+00,2.187909794722421863e-01,-1.448855635070581016e+00,-2.328746792976207902e-01,3.436273247140892995e-01,-4.119518851766937884e-01,-5.078104836111855036e+00,2.634042560413320189e+00,8.017288602808470444e+00,-8.064707499464780771e-02,-1.089281040814615020e-01,-8.552839619017416767e-03,-6.417624075281837648e+00,4.416076823720000988e+00,-5.091618520264801440e+00,-4.242507394493336137e-01,8.186448799668178955e-01,8.153607188915299453e-01,-6.417624075281837648e+00,4.416076823720000988e+00,-5.091618520264801440e+00,-4.242507394493336137e-01,8.186448799668178955e-01,8.153607188915299453e-01,-7.680863158982409011e+00,3.158267246291263097e-01,2.215281066196244097e+00,-7.547694650358013346e-01,2.218829660623488076e-01,2.720580205237382865e-01
-8.940172087409257173e+00,-9.053462099803175622e-01,-1.269926163034281963e+00,-8.083575322001534946e-01,-1.981942597240244075e-01,2.358546383430019933e-01,-9.949033737182617188e+00,8.393780937596906355e-02,-1.571501987822363944e+00,-1.853671919959281045e-01,3.381350178633428794e-01,-4.439126903911901900e-01,-4.965472938399929426e+00,2.911567191013388012e+00,8.053742689216171868e+00,-8.331908490237049936e-02,-8.570553292764676589e-02,-2.031257888337963113e-02,-6.151687317363310648e+00,5.378983232465940567e+00,-8.206656541692495921e+00,-1.443115297229974892e-01,8.039248094031338221e-01,8.580410176524734256e-01,-6.151687317363310648e+00,5.378983232465940567e+00,-8.206656541692495921e+00,-1.443115297229974892e-01,8.039248094031338221e-01,8.580410176524734256e-01,-8.022146771571463830e+00,2.781609843791286174e-01,2.350605670245892842e+00,-7.452475643945262185e-01,2.404980018008278930e-01,2.640787291874672205e-01
-9.168795664972948956e+00,-9.610943688132400631e-01,-1.323680615266427996e+00,-7.160464724566099060e-01,-2.116070165114473933e-01,2.124103444586578071e-01,-9.934735574785770851e+00,5.777733176288561701e-02,-1.652181092525712991e+00,-1.103987956349964938e-01,3.415732218006972132e-01,-4.694952715743339056e-01,-5.084430366922388700e+00,2.969364945423401014e+00,7.968374545550993560e+00,-8.759085488774137618e-02,-7.048955385483079983e-02,-4.006511347127064693e-02,-5.875204505710462932e+00,4.083948978095481408e+00,-9.294508680130995515e+00,6.253620628474937382e-02,8.550160245188643815e-01,8.524574027253100095e-01,-5.875204505710462932e+00,4.083948978095481408e+00,-9.294508680130995515e+00,6.253620628474937382e-02,8.550160245188643815e-01,8.524574027253100095e-01,-8.354825763197053945e+00,2.140100078787675886e-01,2.501477111305940859e+00,-7.378625277366404056e-01,2.676953583608649989e-01,2.452642666165233132e-01
-9.440973361333210079e+00,-9.940798713101280937e-01,-1.357007889520553956e+00,-6.282065404312950907e-01,-1.830517147623356988e-01,1.680976395450886895e-01,-9.917177009777820018e+00,1.193975603602979996e-01,-1.673001735902817977e+00,-7.221707162414731096e-02,3.391226449933413267e-01,-5.000017327115247046e-01,-5.142375857549608575e+00,2.807554347130913897e+00,7.977582757884647435e+00,-9.106025218765272100e-02,-5.820756331257809224e-02,-5.153878245530842117e-02,-5.870623238197791416e+00,1.572479827750113968e+00,-8.528501071810294931e+00,1.992899691118562022e-01,7.811941018989008167e-01,7.297459317898664644e-01,-5.870623238197791416e+00,1.572479827750113968e+00,-8.528501071810294931e+00,1.992899691118562022e-01,7.811941018989008167e-01,7.297459317898664644e-01,-8.760733643496152467e+00,8.493302741907708675e-02,2.482253309646388129e+00,-7.324770337425619005e-01,2.577200702563713919e-01,2.353343454099469934e-01
-9.770891159425758588e+00,-9.640504984914852749e-01,-1.396923505297150037e+00,-5.553470406903968648e-01,-1.314951094556645050e-01,1.022203649958872002e-01,-9.967499516648754110e+00,1.342814415693283081e-01,-1.645321030984215893e+00,-8.907548905075116097e-02,3.245073230531785868e-01,-5.335286214940071492e-01,-5.139291675714609653e+00,2.594010610947898865e+00,8.041645920343786003e+00,-8.972004049968335115e-02,-4.485126942275993733e-02,-5.073374086114469661e-02,-5.042238823509729073e+00,2.998774337368799725e-01,-7.630551984760866269e+00,1.680472853260837063e-01,5.951595553878203937e-01,5.137755329319324549e-01,-5.042238823509729073e+00,2.998774337368799725e-01,-7.630551984760866269e+00,1.680472853260837063e-01,5.951595553878203937e-01,5.137755329319324549e-01,-9.237860687439464868e+00,6.909403048028442407e-02,2.580431224136431112e+00,-7.263859258330424007e-01,2.391529912238724020e-01,2.180624009323194057e-01
-1.010704860164828034e+01,-8.574978011252250010e-01,-1.419685215417819890e+00,-5.044860802385819909e-01,-9.575938991177146420e-02,1.675076728585846164e-02,-1.004401211290674922e+01,1.247548519914751936e-01,-1.741182775624976031e+00,-1.318492741031523918e-01,3.029120326278640918e-01,-5.652052216100240667e-01,-5.124098545730182863e+00,2.545325649390373091e+00,8.044631933656344103e+00,-8.117513184272479032e-02,-2.562939486687228902e-02,-4.512770711311409055e-02,-4.028686751601515681e+00,-1.285921508678093961e+00,-6.247021446823766588e+00,-9.822256520058611495e-02,5.712186887944226132e-01,1.924544786104500083e-01,-4.028686751601515681e+00,-1.285921508678093961e+00,-6.247021446823766588e+00,-9.822256520058611495e-02,5.712186887944226132e-01,1.924544786104500083e-01,-9.734728108716797834e+00,-2.389613948791021944e-02,2.690815318842083137e+00,-7.268186649581737102e-01,2.116537475550848979e-01,1.967904535948176992e-01
-1.029281141204950956e+01,-6.651784474200855835e-01,-1.482690046597185951e+00,-4.723273862441320081e-01,-9.653365509884972995e-02,-7.435235740875380250e-02,-1.006366149364711937e+01,2.892304451433257151e-02,-1.891539599122723070e+00,-1.521999890121110977e-01,2.851201192772944149e-01,-5.883898813176386966e-01,-5.182033461176670741e+00,2.707043299477220888e+00,7.962264540741153418e+00,-7.557268750878157193e-02,-1.575476960915666094e-02,-4.566783167295924983e-02,-4.328759419724286239e+00,-3.128007736368398017e+00,-4.391876153202561639e+00,-3.648139771274792054e-01,5.281087763022936921e-01,-1.542734656581634112e-01,-4.328759419724286239e+00,-3.128007736368398017e+00,-4.391876153202561639e+00,-3.648139771274792054e-01,5.281087763022936921e-01,-1.542734656581634112e-01,-1.014194271201911945e+01,-1.220740284770726984e-02,2.813890867152704978e+00,-7.124398177212101224e-01,1.901606601046343936e-01,1.773428898619434091e-01
-1.028524671147800973e+01,-4.388320841623830071e-01,-1.559241057556224108e+00,-4.520880967393877126e-01,-1.249396593910314934e-01,-1.631255327064413119e-01,-1.004730090933827924e+01,-1.214661632931070961e-01,-1.928769707679748979e+00,-1.392536887978201021e-01,2.654015021050549761e-01,-6.048287186128813442e-01,-5.130113902080383426e+00,2.826039643442066929e+00,7.943980470931012228e+00,-7.984667999554760642e-02,-1.334959209946568956e-02,-5.608001642876087045e-02,-4.824544915039600923e+00,-2.477573196116130916e+00,-2.704497716714342914e+00,-5.595002465533770453e-01,3.247427820999134740e-01,-4.214601989623770750e-01,-4.824544915039600923e+00,-2.477573196116130916e+00,-2.704497716714342914e+00,-5.595002465533770453e-01,3.247427820999134740e-01,-4.214601989623770750e-01,-1.036769446230539060e+01,-1.220740284770726984e-02,2.952644858365784053e+00,-6.868044158400180565e-01,1.660445543332912943e-01,1.525500485034388121e-01
-1.016647917505295062e+01,-2.732055094350592794e-01,-1.602793625926459020e+00,-4.426471797956361143e-01,-1.403613510902607109e-01,-2.372062102711726128e-01,-1.000530955856175019e+01,-1.729804058785751053e-01,-1.995429098102537990e+00,-1.215117926057475983e-01,2.340617838863587041e-01,-6.165030230422297031e-01,-5.038614946759424562e+00,2.890112060403066785e+00,7.965324231007130606e+00,-8.812493112947289431e-02,-6.674009698232816028e-03,-6.382484074502695059e-02,-4.952121554515921176e+00,-2.166490112790739886e-01,-1.145439749891858039e+00,-8.048357547328885975e-01,1.838487033523275027e-01,-6.334128845261348673e-01,-4.952121554515921176e+00,-2.166490112790739886e-01,-1.145439749891858039e+00,-8.048357547328885975e-01,1.838487033523275027e-01,-6.334128845261348673e-01,-1.045159369899380053e+01,-1.015095852272030960e-02,2.914998841542070007e+00,-6.611720183096477799e-01,1.522503106931631933e-01,1.227355421350528053e-01
-1.005693294711170083e+01,-1.620055133285892013e-01,-1.639413766300694908e+00,-4.399321205588838102e-01,-1.164088352339820026e-01,-2.908450532711743808e-01,-9.983581127223873253e+00,-2.476870046906352874e-01,-2.123477179125575098e+00,-1.098376705004771026e-01,1.992312349587903875e-01,-6.172079027698452736e-01,-5.075236178658978581e+00,2.926733173207773930e+00,7.931746639699434276e+00,-9.907334467161789393e-02,2.682332066766861733e-04,-7.503953579234876048e-02,-6.055422207177509009e+00,1.115842911443891028e+00,1.295872384914054931e-01,-1.118389037347609083e+00,7.481628929155639818e-02,-8.058686043382361497e-01,-6.055422207177509009e+00,1.115842911443891028e+00,1.295872384914054931e-01,-1.118389037347609083e+00,7.481628929155639818e-02,-8.058686043382361497e-01,-1.049785232629388965e+01,3.919243746857079685e-02,2.853448067311973091e+00,-6.353567006278858509e-01,1.400959379603886057e-01,9.491887466635606785e-02
-1.005393109416814923e+01,-1.342814415693283081e-01,-1.691859799290827082e+00,-4.466843343794316135e-01,-6.525929044422833225e-02,-3.289517936832284106e-01,-9.946961357724159569e+00,-4.628749719672610730e-01,-2.132151420398424868e+00,-1.078829318284987987e-01,1.717169282417143894e-01,-6.090058850375310584e-01,-5.121015030240256394e+00,2.877856348638831996e+00,7.898196152888745658e+00,-1.092188005081457941e-01,5.074112390678736303e-03,-8.331607771809444729e-02,-6.194417490508146606e+00,2.518759307674572900e-01,9.771297397052649547e-01,-1.290106981798184949e+00,-9.589022461982446566e-02,-9.647726497530526579e-01,-6.194417490508146606e+00,2.518759307674572900e-01,9.771297397052649547e-01,-1.290106981798184949e+00,-9.589022461982446566e-02,-9.647726497530526579e-01,-1.048154581873567004e+01,1.012475215296344960e-01,2.784825837317601138e+00,-6.055866460872816326e-01,1.192288732650017002e-01,6.617197266935676003e-02
-1.012716762898124934e+01,-1.290072900065991901e-01,-1.759822008247903025e+00,-4.627310942514247238e-01,-2.203687069980971025e-02,-3.549933318884926914e-01,-9.962692399771375662e+00,-8.284612971796782022e-01,-2.044633066426864154e+00,-1.024693236580796057e-01,1.517123980839822917e-01,-5.884037113412461384e-01,-5.194257137794646262e+00,2.581840066709608195e+00,7.943971096286849942e+00,-1.113536947613166933e-01,9.347011267725972156e-03,-8.545141444840352596e-02,-5.688399988080194092e+00,-5.157158892740973943e-01,1.306379707101914089e+00,-1.311384260974904903e+00,-2.821332207946244952e-01,-1.129755031235450957e+00,-5.688399988080194092e+00,-5.157158892740973943e-01,1.306379707101914089e+00,-1.311384260974904903e+00,-2.821332207946244952e-01,-1.129755031235450957e+00,-1.037218078492194984e+01,1.861953277922341887e-01,2.819396009796729885e+00,-5.787448646713123646e-01,1.099292642116150021e-01,4.000488922555887894e-02
-1.017931316213591941e+01,-1.115279337194523962e-01,-1.826126562054918967e+00,-4.862538103356188746e-01,-9.783993450338847320e-03,-3.671521183058968907e-01,-1.000324499222539920e+01,-1.150383728165780051e+00,-1.915741956041705052e+00,-8.483735504009390360e-02,1.288123117379282867e-01,-5.581359323314440957e-01,-5.249183177947998047e+00,2.389599144458771196e+00,7.962278604507446289e+00,-1.041444130241871019e-01,1.602221745997666966e-02,-8.064516261219978333e-02,-5.615771053238042043e+00,-6.201807644323580337e-01,1.419125859828638037e+00,-1.270457813426381088e+00,-3.905333301886146913e-01,-1.278764863775891047e+00,-5.615771053238042043e+00,-6.201807644323580337e-01,1.419125859828638037e+00,-1.270457813426381088e+00,-3.905333301886146913e-01,-1.278764863775891047e+00,-1.027402020233201085e+01,2.609684010743483773e-01,2.806677684134479822e+00,-5.491991942806605520e-01,1.071653640077959990e-01,2.603097504249946015e-02
-1.020372860358128975e+01,-8.183944155935914122e-02,-1.878279204590135087e+00,-5.126419270616875412e-01,-1.973892855446637146e-02,-3.621965774871255261e-01,-9.954417977918359028e+00,-1.255297004360250934e+00,-1.804630146370828081e+00,-6.300445415940705840e-02,1.114325771544786015e-01,-5.256221110699013099e-01,-5.243080324328969866e+00,2.401808546002322853e+00,7.947017895371297769e+00,-9.693472300706562628e-02,2.136268318495699106e-02,-7.450348464277417593e-02,-5.991500469946092977e+00,-1.080664601468819930e+00,1.357750124096321009e+00,-1.182321489131944903e+00,-4.957584264228970250e-01,-1.439270146980812903e+00,-5.991500469946092977e+00,-1.080664601468819930e+00,1.357750124096321009e+00,-1.182321489131944903e+00,-4.957584264228970250e-01,-1.439270146980812903e+00,-1.016056830931234956e+01,3.698090335384244254e-01,2.787899756693979825e+00,-5.280606442319177862e-01,9.124093140242560407e-02,1.050213226700015025e-02
-1.022814143259465069e+01,-4.521989602408635345e-02,-1.907964641688971952e+00,-5.390528660521285431e-01,-3.160798729240466703e-02,-3.423394681518651117e-01,-9.929374429494302490e+00,-1.242458659759835937e+00,-1.777525445644221991e+00,-4.794225840425748314e-02,1.002814993128802040e-01,-4.944709756504339082e-01,-5.221718714665347427e+00,2.352978930863316887e+00,7.986691548396176010e+00,-8.785635275933373345e-02,3.124110220896782891e-02,-6.782909757167417120e-02,-6.595664952577312334e+00,-1.272580796101022038e+00,1.031006038516977030e+00,-1.095071898690110013e+00,-6.223612053361056162e-01,-1.618171892427962000e+00,-6.595664952577312334e+00,-1.272580796101022038e+00,1.031006038516977030e+00,-1.095071898690110013e+00,-6.223612053361056162e-01,-1.618171892427962000e+00,-9.968863338777646632e+00,4.521834126676858023e-01,2.897230523082209075e+00,-5.124434482240902700e-01,1.019198416551375941e-01,6.453467216073222740e-03
-1.024728301971192934e+01,-2.441480569541453968e-02,-1.934041399740920042e+00,-5.715814226189084302e-01,-4.124543517608657284e-02,-3.128449496753876180e-01,-9.932073513799023701e+00,-1.228844724558356027e+00,-1.789085373307226945e+00,-4.314179810232012663e-02,8.965865510226089796e-02,-4.601175469189833223e-01,-5.218658633923078938e+00,2.352967661585615211e+00,7.983654244826259294e+00,-8.038003873451972370e-02,4.459216266954427188e-02,-5.821569708614199312e-02,-7.013178197469580155e+00,-1.309506501928086042e+00,6.652284913867545502e-01,-1.043765387769179931e+00,-7.635844474304535057e-01,-1.789045698967459019e+00,-7.013178197469580155e+00,-1.309506501928086042e+00,6.652284913867545502e-01,-1.043765387769179931e+00,-7.635844474304535057e-01,-1.789045698967459019e+00,-9.857450640126804942e+00,4.659249953754913132e-01,2.995412015066583056e+00,-5.061679411968927900e-01,1.111719977460123021e-01,7.298212676871322982e-03
-1.024367734376309080e+01,-2.968561716870815950e-02,-1.904081415440324054e+00,-6.029683250191879562e-01,-6.297067554998538041e-02,-2.740789018399704124e-01,-9.924618721008300781e+00,-1.207878180836263970e+00,-1.814151082735335097e+00,-4.254665784680852769e-02,7.702122339993119904e-02,-4.238033650955114195e-01,-5.246122282709882789e+00,2.380443572998046875e+00,7.950068328726066724e+00,-7.290300298663390799e-02,5.447444364789032212e-02,-5.207357289678719164e-02,-6.982440801095859406e+00,-1.562789803443547010e+00,5.092594857162784372e-01,-9.443539334414604580e-01,-8.719402902351822693e-01,-1.951135159057584056e+00,-6.982440801095859406e+00,-1.562789803443547010e+00,5.092594857162784372e-01,-9.443539334414604580e-01,-8.719402902351822693e-01,-1.951135159057584056e+00,-9.713528407819136845e+00,5.127109289169311523e-01,3.103226816925758857e+00,-5.026519637843792632e-01,8.892364763552983165e-02,3.471822191353020944e-03
-1.020872331468149063e+01,-6.297288836288372771e-02,-1.850255125587856098e+00,-6.204714998459825992e-01,-9.731902265161920806e-02,-2.339526734160015942e-01,-9.905613316138392577e+00,-1.297420562633430086e+00,-1.768684472360882998e+00,-3.767938147260013054e-02,6.717177484512069918e-02,-3.870724071793256171e-01,-5.264453228740919144e+00,2.368250246132197034e+00,7.953130362144615439e+00,-6.515948038939689546e-02,5.901362797972275337e-02,-4.593281850502949765e-02,-6.833083062189028389e+00,-1.693591218695418954e+00,5.744917610640169758e-02,-7.750235550292503550e-01,-9.368230533856218845e-01,-2.114542107428273976e+00,-6.833083062189028389e+00,-1.693591218695418954e+00,5.744917610640169758e-02,-7.750235550292503550e-01,-9.368230533856218845e-01,-2.114542107428273976e+00,-9.629109896822459547e+00,5.127109289169311523e-01,3.166274094911214920e+00,-4.921060355577601131e-01,9.564106798117061325e-02,1.010064215910050009e-02
-1.014408957280688028e+01,-1.081977188243844062e-01,-1.822240899967890959e+00,-6.273177876816733445e-01,-1.323961797992938005e-01,-1.948951357337553036e-01,-9.866288663177568807e+00,-1.388937498506251922e+00,-1.675783320750203975e+00,-3.061859610099946019e-02,5.987425197127593801e-02,-3.513528172230024893e-01,-5.240023216710478771e+00,2.301142365152386127e+00,7.943953517028996991e+00,-5.501535554314904847e-02,6.462048118885395376e-02,-3.658857604434367916e-02,-6.860682511164887032e+00,-1.351350466583219001e+00,-5.008690836318533401e-01,-5.790654516049227318e-01,-1.002515367513304945e+00,-2.272342734975158152e+00,-6.860682511164887032e+00,-1.351350466583219001e+00,-5.008690836318533401e-01,-5.790654516049227318e-01,-1.002515367513304945e+00,-2.272342734975158152e+00,-9.567566939631879208e+00,5.147358611193658673e-01,3.274621438449131006e+00,-4.844961443616290220e-01,1.090839630023597018e-01,2.193879674699095172e-02
-1.004284384844399014e+01,-1.273419329077042916e-01,-1.783952524968966058e+00,-6.296000185908641189e-01,-1.607495430548966098e-01,-1.596726511853230057e-01,-9.818129895866634982e+00,-1.408600617193461968e+00,-1.609336946179624972e+00,-2.504146324829628970e-02,5.453404611048565803e-02,-3.178279729474680071e-01,-5.246136497935519394e+00,2.203446351747941012e+00,7.971434116363525391e+00,-4.032835748028040790e-02,6.969619999808598920e-02,-2.510591723124020944e-02,-7.031620722090472064e+00,-7.200492903384195786e-01,-9.004756773183484331e-01,-4.338810446243436814e-01,-1.071125550448315034e+00,-2.419442304756723061e+00,-7.031620722090472064e+00,-7.200492903384195786e-01,-9.004756773183484331e-01,-4.338810446243436814e-01,-1.071125550448315034e+00,-2.419442304756723061e+00,-9.492313519766765850e+00,5.615405440330505371e-01,3.346342610684243990e+00,-4.737277142097989224e-01,1.121996782961352940e-01,3.586710075484596943e-02
-9.910255152081685281e+00,-1.500798097472585968e-01,-1.770073533058166948e+00,-6.265209386028879335e-01,-1.847061644219095133e-01,-1.300832324046632127e-01,-9.761174759811696688e+00,-1.411310853092484940e+00,-1.572718638095458088e+00,-2.243110351264477123e-02,5.210198315401538827e-02,-2.844817727907201221e-01,-5.243066500872849645e+00,2.169899108146532196e+00,7.968388998751051666e+00,-2.591130042213335080e-02,7.129712622151643253e-02,-1.335998237658467085e-02,-7.291057160976951224e+00,-5.035628088759839249e-01,-1.159822060328568938e+00,-3.628843826268373096e-01,-1.136285720127242049e+00,-2.560176192699497033e+00,-7.291057160976951224e+00,-5.035628088759839249e-01,-1.159822060328568938e+00,-3.628843826268373096e-01,-1.136285720127242049e+00,-2.560176192699497033e+00,-9.372266654641050465e+00,5.625470192129304881e-01,3.381953894351816814e+00,-4.607793499147245786e-01,1.131796384858133053e-01,5.081941248190156857e-02
-9.790096641624515428e+00,-2.077665055600790012e-01,-1.759541249037154920e+00,-6.147502398283373193e-01,-2.078912083156830015e-01,-1.046153160391010001e-01,-9.786948938762741079e+00,-1.403851389884948953e+00,-1.555087840691349976e+00,-2.326194591279609827e-02,4.883775683198555984e-02,-2.545151285367576732e-01,-5.267478813468280840e+00,2.118000159920391035e+00,7.962271029925993560e+00,-9.890622309138697235e-03,7.583302764161940768e-02,1.859003828177529074e-03,-7.562574037636357716e+00,-5.922215613748742502e-01,-1.303134061850099945e+00,-3.313759146243929199e-01,-1.208915084005317997e+00,-2.712906608322736890e+00,-7.562574037636357716e+00,-5.922215613748742502e-01,-1.303134061850099945e+00,-3.313759146243929199e-01,-1.208915084005317997e+00,-2.712906608322736890e+00,-9.296994344046552783e+00,5.864600513803200910e-01,3.392144146274393979e+00,-4.446669445710100810e-01,1.123321542909000992e-01,6.581939857571832142e-02
-9.704649691360181407e+00,-3.090099515125173113e-01,-1.735127751537036023e+00,-5.955038273760195899e-01,-2.278708039753022108e-01,-8.725344315390572147e-02,-9.820183805606333749e+00,-1.356393791029407936e+00,-1.562547564506530984e+00,-2.456739917397499084e-02,4.124251001119171034e-02,-2.290613797464189916e-01,-5.282762417623628082e+00,2.124019369555458780e+00,7.968390950651341953e+00,5.065432046727203624e-03,8.464394932951743722e-02,1.761391332970384943e-02,-7.797683985212252367e+00,-9.738157769102728789e-01,-1.272580796177311013e+00,-2.814087630287108732e-01,-1.279132668132531014e+00,-2.861366114969765118e+00,-7.797683985212252367e+00,-9.738157769102728789e-01,-1.272580796177311013e+00,-2.814087630287108732e-01,-1.279132668132531014e+00,-2.861366114969765118e+00,-9.174432748535540583e+00,5.991689853535164811e-01,3.355023445156004147e+00,-4.263346560912569805e-01,1.166922461785520060e-01,8.179553912571813079e-02
-9.635003373785828273e+00,-4.310616283449396069e-01,-1.700191033597427959e+00,-5.715483387001096816e-01,-2.395785587284612050e-01,-7.657392278107683081e-02,-9.809317968542591970e+00,-1.229580663053994938e+00,-1.562547564506530984e+00,-2.498260047823155916e-02,4.225041947159360878e-02,-2.084697034006370020e-01,-5.270557255727844392e+00,2.221659890212465793e+00,7.956186146719054442e+00,1.628064032223435972e-02,9.186071157455444336e-02,3.070254911631880093e-02,-8.307428380494476627e+00,-1.306042145474165972e+00,-1.174911012847303038e+00,-1.679075859235270030e-01,-1.332802413612284020e+00,-2.990589072627404921e+00,-8.307428380494476627e+00,-1.306042145474165972e+00,-1.174911012847303038e+00,-1.679075859235270030e-01,-1.332802413612284020e+00,-2.990589072627404921e+00,-9.043178037753046183e+00,6.225775480270385742e-01,3.306200139427649010e+00,-4.041258486112466741e-01,1.234513930103835061e-01,9.639661804244015197e-02
-9.586180452804839547e+00,-5.531178750231274810e-01,-1.682937159546814998e+00,-5.451430196616812163e-01,-2.358768992259510922e-01,-6.911663245743535078e-02,-9.862890687463163886e+00,-1.100047819700791907e+00,-1.605250856983511110e+00,-2.563554793596268047e-02,4.486220702528954246e-02,-1.932782785445470997e-01,-5.252267989633757850e+00,2.316278122231952175e+00,7.943978638631896239e+00,2.669220984209074929e-02,9.292503184635579616e-02,3.684918451586931959e-02,-9.018421417220704228e+00,-7.351050435062499444e-01,-1.062026926928897996e+00,-3.067729203060267848e-02,-1.388078427995256936e+00,-3.094186860499180014e+00,-9.018421417220704228e+00,-7.351050435062499444e-01,-1.062026926928897996e+00,-3.067729203060267848e-02,-1.388078427995256936e+00,-3.094186860499180014e+00,-8.982648281385065658e+00,6.220774373573525473e-01,3.254875763386559928e+00,-3.868187070846740849e-01,1.380973853301550036e-01,1.028485097121741021e-01
-9.532089557271703484e+00,-6.594075979297733259e-01,-1.717874794023438900e+00,-5.204464300772622121e-01,-2.239798776618469045e-01,-6.867444235497691118e-02,-9.923929490338789350e+00,-1.006441243331410940e+00,-1.677159450659293949e+00,-2.148353851355137845e-02,4.237100209587364719e-02,-1.843743683296114877e-01,-5.221728478547158048e+00,2.398684414628524220e+00,7.940892389066572576e+00,3.605101334318683293e-02,9.560128269344758678e-02,3.818730993941520796e-02,-9.579894223948105747e+00,4.153767536211657729e-01,-1.019311912811784904e+00,3.230627537578634190e-02,-1.448158594427265022e+00,-3.170008518301517864e+00,-9.579894223948105747e+00,4.153767536211657729e-01,-1.019311912811784904e+00,3.230627537578634190e-02,-1.448158594427265022e+00,-3.170008518301517864e+00,-8.933813425882149772e+00,6.093670689585143352e-01,3.149008595194291882e+00,-3.642094254104639162e-01,1.454875238051903108e-01,1.100631073426227013e-01
-9.486837270012038914e+00,-7.395979852338845362e-01,-1.729874351011809974e+00,-4.998386367941842767e-01,-2.123776488139637875e-01,-6.957700679672874922e-02,-9.923292085331929968e+00,-9.481307072308675643e-01,-1.679878106316210040e+00,-1.246368426090048963e-02,3.679306499166996869e-02,-1.849666183665880925e-01,-5.212561130523681641e+00,2.447611800047151842e+00,7.953150681139274703e+00,3.551471905026649251e-02,9.851629524324205522e-02,3.818269411724090762e-02,-1.012617788799406959e+01,1.464975920725033909e+00,-9.307516161006711419e-01,3.726555383302300808e-03,-1.514113355213893897e+00,-3.215398812559492114e+00,-1.012617788799406959e+01,1.464975920725033909e+00,-9.307516161006711419e-01,3.726555383302300808e-03,-1.514113355213893897e+00,-3.215398812559492114e+00,-8.882989220294472688e+00,5.859553813934327282e-01,3.135802492262825147e+00,-3.380778200096554165e-01,1.513089037710620977e-01,1.107373413059019041e-01
-9.436119774613722200e+00,-7.970560727619291352e-01,-1.698514959578109051e+00,-4.783293996595107123e-01,-2.064653297331487947e-01,-6.744082712145296754e-02,-9.806670283148122280e+00,-8.654067638557627618e-01,-1.681899562745110988e+00,-5.225337621185087780e-03,3.708559461557905251e-02,-1.848509696584539896e-01,-5.206483275793005738e+00,2.462701924064165215e+00,7.919617254053846089e+00,3.605111600976815267e-02,1.121555194258690019e-01,3.926007106945988978e-02,-1.073038234774173993e+01,1.812827491998306062e+00,-6.744355855541110945e-01,-4.166049816675723716e-02,-1.573655450643177023e+00,-3.242898923399749833e+00,-1.073038234774173993e+01,1.812827491998306062e+00,-6.744355855541110945e-01,-4.166049816675723716e-02,-1.573655450643177023e+00,-3.242898923399749833e+00,-8.787330532354717505e+00,5.829554806136449940e-01,3.093680594163652930e+00,-3.254788317121006802e-01,1.681366883238314125e-01,1.021047063151837991e-01
-9.345414207827662523e+00,-7.915966542360419744e-01,-1.663582177480793955e+00,-4.566553498742768058e-01,-2.105900130582296081e-01,-6.438420839127033390e-02,-9.717093467712402344e+00,-7.962033365377694238e-01,-1.711056970460441029e+00,1.659922512067902060e-03,4.207274545445711250e-02,-1.836600365776223931e-01,-5.206373232300929743e+00,2.545328004019601131e+00,7.873775005340576172e+00,3.524887934327126243e-02,1.121555194258690019e-01,3.471726613454006322e-02,-1.128273579028540041e+01,2.191310954676782163e+00,-5.493378573994043279e-01,-6.435846762690428102e-02,-1.624390212961307034e+00,-3.260256006976149035e+00,-1.128273579028540041e+01,2.191310954676782163e+00,-5.493378573994043279e-01,-6.435846762690428102e-02,-1.624390212961307034e+00,-3.260256006976149035e+00,-8.741995897283324268e+00,5.092215372265697093e-01,2.936257203908315017e+00,-3.173048553050816234e-01,1.779881262406896869e-01,9.164262451784646601e-02
-9.253024232335672394e+00,-7.516004850500099810e-01,-1.630533497535513909e+00,-4.326985712197238265e-01,-2.117890794433716084e-01,-6.011208826268393812e-02,-9.726577235751248551e+00,-8.002418971742204512e-01,-1.757161408231763033e+00,5.102446350452232403e-03,3.816171021197258678e-02,-1.927348547371343923e-01,-5.282652537190744901e+00,2.493347616365344965e+00,7.858588002699370634e+00,3.232538324427806226e-02,1.137501530718302983e-01,3.444144380887170787e-02,-1.166112160682678045e+01,3.027436017990111861e+00,-6.653034985065460205e-01,-1.174962576478719989e-01,-1.671384245157242043e+00,-3.269333481788634810e+00,-1.166112160682678045e+01,3.027436017990111861e+00,-6.653034985065460205e-01,-1.174962576478719989e-01,-1.671384245157242043e+00,-3.269333481788634810e+00,-8.775129091352155797e+00,4.247673328404296123e-01,3.084984581794524061e+00,-2.924324725293306892e-01,1.683748921916738972e-01,8.621472800124292679e-02
-9.188611772813617407e+00,-7.341381091065609654e-01,-1.644611641131360935e+00,-4.067548507918959944e-01,-2.084370438282268923e-01,-5.262036256099199283e-02,-9.732025673373563279e+00,-8.158801954279664148e-01,-1.808711512755321937e+00,5.994043087646845624e-03,3.014659836527800937e-02,-2.076877501954864091e-01,-5.352915148031875958e+00,2.505553891307198189e+00,7.800593058695502791e+00,2.190523442902391968e-02,1.161733784737171010e-01,3.792198215879755835e-02,-1.182591567630882956e+01,3.726295442872905817e+00,-9.521712151712573569e-01,-2.795796615548282182e-01,-1.732532712159962074e+00,-3.249840594247377812e+00,-1.182591567630882956e+01,3.726295442872905817e+00,-9.521712151712573569e-01,-2.795796615548282182e-01,-1.732532712159962074e+00,-3.249840594247377812e+00,-8.724330041827014881e+00,3.652312678970885962e-01,2.998067009236867086e+00,-2.607858801274183236e-01,1.588939308391431049e-01,7.839269887628787237e-02
-9.141476141875424233e+00,-7.097232974131048033e-01,-1.682927783672099942e+00,-3.812828239909942241e-01,-2.086005724138683959e-01,-3.949084090850046164e-02,-9.707612454135944091e+00,-7.934812307357788086e-01,-1.854812826219844002e+00,6.170320752772109375e-03,2.883999049663544048e-02,-2.255446158495416908e-01,-5.398579824143207695e+00,2.596692586149583981e+00,7.745693452620985298e+00,5.668033114182081597e-03,1.139981555969998978e-01,3.605138943739818330e-02,-1.203036136793222965e+01,4.037612792960937114e+00,-1.129169185834240974e+00,-5.543244258446750061e-01,-1.825720012889906929e+00,-3.228745688308035877e+00,-1.203036136793222965e+01,4.037612792960937114e+00,-1.129169185834240974e+00,-5.543244258446750061e-01,-1.825720012889906929e+00,-3.228745688308035877e+00,-8.630634307861328125e+00,3.413104468418514115e-01,2.881940828553085865e+00,-2.393955390485074941e-01,1.534407442893594986e-01,6.232511936763818206e-02
-9.085698356003458542e+00,-7.010780681069126441e-01,-1.696829080581665039e+00,-3.579331443760804810e-01,-2.187034377467536039e-01,-2.453759548434425106e-02,-9.759031424324632553e+00,-1.063633320793029080e+00,-1.806836364456035904e+00,3.329963167949069169e-03,2.759586936420833914e-02,-2.554386974685752265e-01,-5.635891695603675089e+00,2.613690752465481992e+00,7.678525540380677583e+00,-3.813364208927230020e-02,1.255284300483134052e-01,3.737314261736408849e-02,-1.220131919796878961e+01,3.802703877989405790e+00,-1.303087550028634078e+00,-8.774427699704001604e-01,-1.905568232979403032e+00,-3.213525808347288848e+00,-1.220131919796878961e+01,3.802703877989405790e+00,-1.303087550028634078e+00,-8.774427699704001604e-01,-1.905568232979403032e+00,-3.213525808347288848e+00,-8.635092521775886709e+00,3.286091684951760183e-01,2.912296922464463034e+00,-2.423395176980351895e-01,1.694020683902444091e-01,4.549691645896822290e-02
-9.021106811529296721e+00,-7.185397705953059377e-01,-1.681063495931170992e+00,-3.315282300480866251e-01,-2.379286916334233115e-01,-8.205130443795255468e-03,-9.820931713788286999e+00,-1.413480769881483967e+00,-1.568158406889669010e+00,2.600713705713863805e-03,1.361057945499362029e-02,-2.917038908722487944e-01,-5.842754100602795653e+00,1.995453449640111954e+00,7.729828228615438945e+00,-6.011868863592192969e-02,1.095128358688273046e-01,5.202452837705658084e-02,-1.211889020797232952e+01,3.387510712642396005e+00,-1.708873894510058999e+00,-1.107362036133080929e+00,-1.937089933838773037e+00,-3.196701782426039085e+00,-1.211889020797232952e+01,3.387510712642396005e+00,-1.708873894510058999e+00,-1.107362036133080929e+00,-1.937089933838773037e+00,-3.196701782426039085e+00,-8.737033407132452467e+00,3.051850795745850164e-01,3.077256164126004112e+00,-2.376182552212013910e-01,1.586773054182918918e-01,3.498884891137780256e-02
-8.888358418293263341e+00,-7.219338455278935252e-01,-1.644441261406867971e+00,-2.990096094810650862e-01,-2.511775777854037273e-01,1.041321076392646983e-02,-9.597363197064924023e+00,-9.196868999091039054e-01,-1.489134438820393092e+00,1.465161916829886037e-02,2.950669145159122951e-03,-3.153278414127586027e-01,-5.011401560083146300e+00,2.394709114471705202e+00,7.962484993509799658e+00,-4.908885743709340971e-02,1.078041725106732018e-01,7.664124832449970004e-02,-1.214636611938476918e+01,3.494393698158786865e+00,-2.258285192800638885e+00,-1.248904507764091010e+00,-1.925603816546781033e+00,-3.187888977821483838e+00,-1.214636611938476918e+01,3.494393698158786865e+00,-2.258285192800638885e+00,-1.248904507764091010e+00,-1.925603816546781033e+00,-3.187888977821483838e+00,-8.650605135310691196e+00,3.061726729166672767e-01,3.092285813274470829e+00,-1.966447594436815105e-01,1.465402581694184025e-01,2.853754007329527970e-02
-8.735091835878254329e+00,-7.342985785843498814e-01,-1.602569297264992976e+00,-2.620882558104081217e-01,-2.528400452226393091e-01,3.101688640305139827e-02,-9.341396322388296980e+00,-3.248625515281780007e-01,-1.737280821397426012e+00,1.549600460956965936e-02,1.809480374696373003e-02,-3.344899358180883908e-01,-5.016400511036239074e+00,2.814227494115669970e+00,7.828207747023527396e+00,-6.970836756576667681e-02,1.357217672447015022e-01,7.291951285202891153e-02,-1.215550756747454919e+01,3.439421716190520062e+00,-2.453725588669608992e+00,-1.338627973002040061e+00,-1.923469269879952037e+00,-3.176948027859817891e+00,-1.215550756747454919e+01,3.439421716190520062e+00,-2.453725588669608992e+00,-1.338627973002040061e+00,-1.923469269879952037e+00,-3.176948027859817891e+00,-8.540739783947847386e+00,3.291062806213961855e-01,2.888218546371312812e+00,-1.474791631016758864e-01,1.262142047962926117e-01,2.101743163365777864e-02
-8.642694568866012617e+00,-7.848245936553559510e-01,-1.558996846666409919e+00,-2.220976158524425870e-01,-2.441205282554539946e-01,5.252672575348364681e-02,-9.369083715596079998e+00,-3.363380388867471260e-01,-1.973398963823967955e+00,1.790200414112685934e-02,2.094852255063138144e-02,-3.594058913889752183e-01,-5.332183631482936725e+00,2.727567940595648999e+00,7.751535497309226308e+00,-6.992382838946366308e-02,1.059973673907159963e-01,5.878435714203950752e-02,-1.224392367123367009e+01,3.494323447619421152e+00,-2.334742004185072162e+00,-1.402197296131471038e+00,-1.913063401390431073e+00,-3.144650258557768030e+00,-1.224392367123367009e+01,3.494323447619421152e+00,-2.334742004185072162e+00,-1.402197296131471038e+00,-1.913063401390431073e+00,-3.144650258557768030e+00,-8.436294273419436607e+00,3.149469540179293814e-01,2.766678515972385011e+00,-1.230920014089413039e-01,1.309131950223927920e-01,1.260378889949811954e-02
-8.615023826097200299e+00,-8.424592698931038237e-01,-1.517121015903541981e+00,-1.763153408677755052e-01,-2.294769240439540892e-01,7.282189363235855306e-02,-9.507359532041707695e+00,-2.809780924600659979e-01,-2.100937409024377089e+00,3.594885476703117699e-02,1.573662098335515055e-02,-3.911451216079995796e-01,-5.114545781862929630e+00,3.024762643675912077e+00,7.815856732312687072e+00,-8.944374428646949260e-02,1.129585819767803950e-01,3.768922616204951198e-02,-1.235404210193182983e+01,3.521948314604244068e+00,-2.160785401502268055e+00,-1.403860825547424973e+00,-1.889828779608301090e+00,-3.077119890598535079e+00,-1.235404210193182983e+01,3.521948314604244068e+00,-2.160785401502268055e+00,-1.403860825547424973e+00,-1.889828779608301090e+00,-3.077119890598535079e+00,-8.460708374129890075e+00,2.558663557305039249e-01,2.663659420247816989e+00,-1.029683817616729030e-01,1.451825037163705923e-01,7.305846759869206140e-03
-8.637589440489815473e+00,-9.174007490406999032e-01,-1.473547022494059000e+00,-1.297798213695355862e-01,-2.217151948269427963e-01,9.173655642136449573e-02,-9.609964046976351426e+00,-1.322843749276411962e-01,-2.184384464668239101e+00,4.917992151037615250e-02,1.020237052392575054e-02,-4.270450010003032926e-01,-5.225045143115719881e+00,2.929315807388679804e+00,7.788323402404785156e+00,-9.851041316104719447e-02,1.124205404885171011e-01,1.607062596879730090e-02,-1.202148616797606984e+01,3.472753853616649788e+00,-2.099567084341122936e+00,-1.278427294727844998e+00,-1.865280488931031933e+00,-2.963387549037925783e+00,-1.202148616797606984e+01,3.472753853616649788e+00,-2.099567084341122936e+00,-1.278427294727844998e+00,-1.865280488931031933e+00,-2.963387549037925783e+00,-8.485123265099314693e+00,2.431699684273337936e-01,2.724207120531882964e+00,-8.651833553913763908e-02,1.436880971536919904e-01,3.033277347877489857e-03
-8.604380715494421850e+00,-9.626788813987898763e-01,-1.452680945396422896e+00,-7.788183670686446569e-02,-2.178905366257020138e-01,1.083656034072646990e-01,-9.595019340515136719e+00,-1.477403556056675060e-01,-2.254886919597984818e+00,6.845032423448579872e-02,9.918066366751718960e-03,-4.651918383142362723e-01,-5.145197902341574370e+00,3.109858247392478958e+00,7.785293790452782581e+00,-1.123972312455124023e-01,1.140189380241344030e-01,-1.195237325530884923e-02,-1.162464801067580922e+01,4.408416432841154808e+00,-2.717987950008097009e+00,-1.030435005121822067e+00,-1.808689854295205901e+00,-2.810145342954292857e+00,-1.162464801067580922e+01,4.408416432841154808e+00,-2.717987950008097009e+00,-1.030435005121822067e+00,-1.808689854295205901e+00,-2.810145342954292857e+00,-8.512948075747161170e+00,2.192457070411076014e-01,2.765229938583257052e+00,-5.956195849931002206e-02,1.562071777021830088e-01,-1.452090368876533984e-03
-8.538099751675758853e+00,-9.975906650932448994e-01,-1.478928992589843894e+00,-1.990835613595787895e-02,-1.970933058677447891e-01,1.220896620021527934e-01,-9.566619538674888901e+00,-2.075258493423461914e-01,-2.283532923084615973e+00,1.036748754798114958e-01,5.340739153325557709e-03,-5.079143992331903723e-01,-5.212748768142841271e+00,3.106737166322687038e+00,7.782172768529841633e+00,-1.252218727451590019e-01,1.148381971921513950e-01,-4.852278970365059285e-02,-1.147793706754526077e+01,7.437016422245363856e+00,-4.902265139308427777e+00,-6.972119023106275737e-01,-1.719005146329326106e+00,-2.608861227888739087e+00,-1.147793706754526077e+01,7.437016422245363856e+00,-4.902265139308427777e+00,-6.972119023106275737e-01,-1.719005146329326106e+00,-2.608861227888739087e+00,-8.621839155616115136e+00,2.075258493423461914e-01,2.624591588973999023e+00,-2.679065711075260051e-02,1.363389796009444876e-01,-1.132138249980780935e-02
-8.475353673068049432e+00,-1.030671675654116104e+00,-1.550466785003079107e+00,4.987647379601309328e-02,-1.540457030314116016e-01,1.327713292302357129e-01,-9.540705069924353410e+00,-1.743972739220261137e-01,-2.231964185114907018e+00,1.457017586007094134e-01,4.098417466745003790e-03,-5.535369358721271560e-01,-5.157484737505120265e+00,3.119039089170411838e+00,7.806586891195311573e+00,-1.335101364673701996e-01,1.068397980275386933e-01,-8.805131020793746655e-02,-1.191638015199183975e+01,1.156244076305453916e+01,-7.296684602255462337e+00,-3.963648832407414835e-01,-1.582843733136005904e+00,-2.328548612133149120e+00,-1.191638015199183975e+01,1.156244076305453916e+01,-7.296684602255462337e+00,-3.963648832407414835e-01,-1.582843733136005904e+00,-2.328548612133149120e+00,-8.707777768289581388e+00,2.075258493423461914e-01,2.620692223394378129e+00,-2.394105593328481937e-03,1.268110418368521009e-01,-2.730078591853342049e-02
-8.479016577715270842e+00,-9.851399235125999354e-01,-1.551929454344453063e+00,1.320963280348901869e-01,-1.030773568490240960e-01,1.383999319097596048e-01,-9.636847912074966160e+00,-1.268057304425417864e-01,-2.190613124532938993e+00,1.761535966985358914e-01,8.942251424154929297e-04,-6.024938878253736085e-01,-5.206507499866222410e+00,3.088572971709739878e+00,7.870348211807040251e+00,-1.393714152959389940e-01,9.932024566636930840e-02,-1.251593845006110928e-01,-1.318948043070263942e+01,1.237582679791018059e+01,-7.772473574966513254e+00,-3.052568848941549229e-01,-1.423449719602245089e+00,-1.993965299036096095e+00,-1.318948043070263942e+01,1.237582679791018059e+01,-7.772473574966513254e+00,-3.052568848941549229e-01,-1.423449719602245089e+00,-1.993965299036096095e+00,-8.810258202997827581e+00,2.055879187231378080e-01,2.525479026586141984e+00,1.798060247747316001e-02,1.189542811107825032e-01,-4.242082495271450038e-02
-8.604728961497400519e+00,-8.263462128802763207e-01,-1.400094205395840952e+00,1.984437876553800106e-01,-3.865590425470896707e-02,1.304444411766171874e-01,-9.826667167397967972e+00,-1.768612601621102065e-01,-2.122861648207054142e+00,1.982359567490946106e-01,-1.068147830665111975e-03,-6.523878545915517968e-01,-5.200250871839931399e+00,3.003433614031017829e+00,8.032265201931814147e+00,-1.508465598909209116e-01,1.155435468010854033e-01,-1.601770628259893969e-01,-1.336847381806627055e+01,1.266855063085045074e+01,-9.703591922021288951e+00,-1.070783724098860051e-01,-1.139642810960378894e+00,-1.628458362130400072e+00,-1.336847381806627055e+01,1.266855063085045074e+01,-9.703591922021288951e+00,-1.070783724098860051e-01,-1.139642810960378894e+00,-1.628458362130400072e+00,-9.030987939963964095e+00,1.577245310379898902e-01,2.493711206014118886e+00,4.062680006675595951e-02,1.022020904125613971e-01,-6.169216775571122191e-02
-8.852494800950024612e+00,-6.030997914139187843e-01,-1.234559069215801053e+00,2.633136847446219120e-01,4.405238025482768188e-02,1.073877589288022016e-01,-1.000854214874829928e+01,-2.819891429911102754e-01,-2.020479972232505084e+00,2.163930526217832107e-01,-5.207015576982691393e-03,-7.097563411233611674e-01,-5.252094774202268113e+00,2.826295139328125927e+00,8.142000504902430436e+00,-1.607611675828282960e-01,1.539991015079109071e-01,-1.828587851422723010e-01,-1.208532905578612926e+01,1.720889686262103879e+01,-1.513875209158726953e+01,6.459118573827413723e-01,-5.311829438857571528e-01,-1.136836925862541037e+00,-1.208532905578612926e+01,1.720889686262103879e+01,-1.513875209158726953e+01,6.459118573827413723e-01,-5.311829438857571528e-01,-1.136836925862541037e+00,-9.277974919280204347e+00,1.309010017376605883e-01,2.578659559086760922e+00,6.834970341668424043e-02,9.319415471035209786e-02,-8.189757502238495523e-02
-9.248565873740913545e+00,-3.327306294940088893e-01,-1.198140870191449103e+00,3.180341117898308201e-01,1.252108734107731103e-01,6.493693309647059764e-02,-1.021101235006799079e+01,-3.181596542959495011e-01,-1.953184485435486062e+00,2.366198317526732875e-01,-1.671563138267218029e-02,-7.700505056012596494e-01,-5.246616408749546601e+00,2.761668469282418936e+00,8.321741633022790907e+00,-1.599476513965752966e-01,1.937440828558852912e-01,-2.085034591481365884e-01,-1.308681733853623008e+01,2.531262256253150156e+01,-2.019770765817294134e+01,1.449386356796170894e+00,1.003960490797078942e-01,-3.515250829782354258e-01,-1.308681733853623008e+01,2.531262256253150156e+01,-2.019770765817294134e+01,1.449386356796170894e+00,1.003960490797078942e-01,-3.515250829782354258e-01,-9.597342129722838067e+00,4.640781766064269731e-02,2.654818903449310152e+00,9.484463682095188586e-02,7.306648023368363110e-02,-1.000158514793637043e-01
-9.780461675621458184e+00,-1.429635089518349056e-01,-1.348321124461145049e+00,3.153661230070677890e-01,2.033407774663741063e-01,1.185408807314333041e-02,-1.051693027791240986e+01,-2.240346773751303866e-01,-2.009920062763077997e+00,2.584612904361828223e-01,-2.829067331176018940e-02,-8.318600573583065927e-01,-5.123730818308503743e+00,2.883613135469186073e+00,8.529952892326905456e+00,-1.647384154662314137e-01,2.545506217260881110e-01,-2.330479148948919055e-01,-1.609547729692370055e+01,3.279860188459657167e+01,-2.234773467295944016e+01,1.185572168268772986e+00,5.375095289975354573e-01,5.970904080362429145e-01,-1.609547729692370055e+01,3.279860188459657167e+01,-2.234773467295944016e+01,1.185572168268772986e+00,5.375095289975354573e-01,5.970904080362429145e-01,-9.959655271881935334e+00,-1.317299555514604009e-02,2.799840438111131036e+00,1.163738345853440048e-01,5.725753427354760700e-02,-1.171040290485770990e-01
-1.023359165396741943e+01,-1.220740303397179066e-01,-1.805676804282271064e+00,3.062882279196093016e-01,2.786974254261209150e-01,-2.321375654109062922e-02,-1.066729839739475061e+01,-1.626398613201767984e-01,-2.094946918850074002e+00,2.867838157729242776e-01,-3.542141133720769219e-02,-9.031076953854495493e-01,-5.236855719163661327e+00,3.009064780510786186e+00,8.505658331714426978e+00,-1.674769100673857980e-01,3.288737386751157121e-01,-2.695757272559947126e-01,-1.534087126925244071e+01,3.442303030245498263e+01,-1.761962882860830959e+01,-1.877257437023195086e-01,9.554799559845170709e-01,1.358724245827318988e+00,-1.534087126925244071e+01,3.442303030245498263e+01,-1.761962882860830959e+01,-1.877257437023195086e-01,9.554799559845170709e-01,1.358724245827318988e+00,-1.021952192215460009e+01,-3.662221133708953857e-02,2.903436957592087087e+00,1.417955683808191092e-01,4.640899296350749215e-02,-1.340237683364466914e-01
-1.040595039785564069e+01,-1.063453233723356955e-01,-2.482170943320483936e+00,3.817530715361805993e-01,3.016490929948115185e-01,-3.142820630200628823e-02,-1.060705197241997944e+01,-2.075258493423461914e-01,-2.035486059804116010e+00,3.377758995179208079e-01,-3.118302480828378034e-02,-9.743919872468518317e-01,-5.216206813859622038e+00,3.039518395205124790e+00,8.520142152379001743e+00,-1.482629385770619090e-01,3.808894583042681803e-01,-3.240351903510289011e-01,-1.279137098519152005e+01,2.427228702053010068e+01,-7.218647096002359653e+00,-9.251663715436885260e-01,1.143351833623212022e+00,1.913089886069313073e+00,-1.279137098519152005e+01,2.427228702053010068e+01,-7.218647096002359653e+00,-9.251663715436885260e-01,1.143351833623212022e+00,1.913089886069313073e+00,-1.027122403253378025e+01,-3.662221133708953857e-02,2.856052546292989991e+00,1.619620297369769868e-01,3.074299120189815868e-02,-1.462942749841801005e-01
-1.038670960878996041e+01,-2.255838369799009063e-02,-2.786672658451507800e+00,5.033347244315800051e-01,2.604311769413326094e-01,-2.043427508925238154e-02,-1.063696822683133014e+01,-2.217003747593893903e-01,-1.962634203651566933e+00,4.059958310022285244e-01,-2.260322722682768862e-02,-1.040544780851188955e+00,-5.050718159372273419e+00,3.043043259391554844e+00,8.770323148903429455e+00,-1.258325436009833098e-01,4.542588174808471768e-01,-3.801277377770833077e-01,-1.074323700405791016e+01,2.838199448841875139e+00,3.627042608021834980e+00,-4.788269155982575187e-01,9.401385294921081881e-01,1.994980370485655019e+00,-1.074323700405791016e+01,2.838199448841875139e+00,3.627042608021834980e+00,-4.788269155982575187e-01,9.401385294921081881e-01,1.994980370485655019e+00,-1.040149354562401918e+01,-3.565974352514410251e-02,2.850581103214667955e+00,1.787596549345286945e-01,-2.541926611488087070e-03,-1.450996660997783960e-01
-1.036760145691316914e+01,1.711005443898808986e-01,-2.427022969118461049e+00,5.963858272622808432e-01,2.417320290468804866e-01,-1.068147830665112062e-02,-1.093030112948225074e+01,-2.488719446558831094e-01,-1.963427701639751000e+00,4.803469684480460855e-01,-3.076749653266947979e-02,-1.112035651498125999e+00,-5.090356098708285870e+00,2.914812862232166957e+00,9.020746179806288012e+00,-9.970528135697047378e-02,5.521864794915722907e-01,-4.311297369259660117e-01,-6.741613224802929238e+00,-8.008740780494832734e+00,7.580616070490921565e+00,6.872374109554790778e-01,8.301019300942107382e-01,1.488048419915162901e+00,-6.741613224802929238e+00,-8.008740780494832734e+00,7.580616070490921565e+00,6.872374109554790778e-01,8.301019300942107382e-01,1.488048419915162901e+00,-1.073632803088981014e+01,-1.220740284770726984e-02,3.009736641564412007e+00,1.888754145045233035e-01,-3.979640178936445782e-02,-1.408276322227303978e-01
-1.051425475356582950e+01,4.326676339147523254e-01,-1.815053697434233060e+00,6.549553401274299524e-01,3.073930938377507083e-01,-2.947918468781648982e-02,-1.133981208930656059e+01,-2.327390676684955029e-01,-1.926807275780272999e+00,5.532189624861567623e-01,-4.389591125322490212e-02,-1.192588304734850002e+00,-5.139182563324794728e+00,2.874373241553441982e+00,9.210015461455228092e+00,-5.968149489310046324e-02,6.701917853201628805e-01,-4.829140861290082132e-01,-4.840699484820738974e+00,-1.043219007581427071e+01,5.997896371768854706e+00,1.505507470977897944e+00,8.367185380922117499e-01,1.157414741917140111e+00,-4.840699484820738974e+00,-1.043219007581427071e+01,5.997896371768854706e+00,1.505507470977897944e+00,8.367185380922117499e-01,1.157414741917140111e+00,-1.120110790850380056e+01,-1.316374327240658025e-02,3.183010150210649147e+00,2.114292806881364062e-01,-7.422396487423352229e-02,-1.369739616040810126e-01
-1.092769509487520985e+01,7.116833316457209513e-01,-1.496271960852225913e+00,6.761333443660343390e-01,4.103752535889111930e-01,-8.931266666775003471e-02,-1.177452189947969075e+01,-1.575398778154706025e-01,-1.918521876617143906e+00,6.268452707615133068e-01,-4.872159631250456979e-02,-1.279000068437240900e+00,-5.097515419798980929e+00,3.069379733628582851e+00,9.405021712410970736e+00,-1.452577120329144079e-02,8.014546414676755326e-01,-5.447953218245320528e-01,-7.358434715573711316e+00,-1.074767080611186998e+01,-1.683323183057251038e+00,1.718456088787124081e+00,5.459408525138631507e-01,1.104983155681307894e+00,-7.358434715573711316e+00,-1.074767080611186998e+01,-1.683323183057251038e+00,1.718456088787124081e+00,5.459408525138631507e-01,1.104983155681307894e+00,-1.167745015368483941e+01,-4.044757288996524841e-02,3.416385180939177868e+00,2.367719421120282886e-01,-1.137675902535837946e-01,-1.436338860043732124e-01
-1.154332785256110050e+01,8.998858790691166565e-01,-1.646449692251739094e+00,6.379475200499662435e-01,4.591441741906868157e-01,-1.759890422648348884e-01,-1.227730756835565984e+01,-1.354329551822943956e-01,-1.945698807704284938e+00,7.045743826804875543e-01,-5.054555396870889783e-02,-1.359762172639163991e+00,-4.921905502137218669e+00,3.295720755298662930e+00,9.637397258699467173e+00,1.968164525808819079e-02,9.671944109895815878e-01,-6.238311438299272149e-01,-1.003684835390012076e+01,-5.868217039767497312e+00,-9.310310543956845208e+00,1.607567353182673964e+00,5.132770108462478831e-01,1.112493219463507099e+00,-1.003684835390012076e+01,-5.868217039767497312e+00,-9.310310543956845208e+00,1.607567353182673964e+00,5.132770108462478831e-01,1.112493219463507099e+00,-1.185386675836486070e+01,-1.414512411017334881e-01,3.673950472262450084e+00,2.545119416004408275e-01,-1.264404059028441940e-01,-1.567860544471502970e-01
-1.209945731870558028e+01,7.392269391597514616e-01,-2.028349692744277899e+00,5.437896533943965549e-01,3.904214895362205229e-01,-2.566883281958787788e-01,-1.281956279236604956e+01,-1.528370611614688068e-01,-1.891822506230085077e+00,7.881503487219201354e-01,-5.736663268084458284e-02,-1.437797968295752016e+00,-5.084746757054716682e+00,3.402414136761116037e+00,9.726285066950051572e+00,4.692221617829885755e-02,1.156270109354480935e+00,-7.126644569414916086e-01,-1.295587521497744987e+01,-1.231497703250995945e+00,-8.302474796154061920e+00,1.345734320238612058e+00,6.835336619343203024e-01,1.090895291984760096e+00,-1.295587521497744987e+01,-1.231497703250995945e+00,-8.302474796154061920e+00,1.345734320238612058e+00,6.835336619343203024e-01,1.090895291984760096e+00,-1.185707313820329922e+01,-3.306500001276875822e-01,3.663641404537926860e+00,2.616962194442749023e-01,-1.103506594776146044e-01,-1.780582723563992054e-01
-1.220901883690576994e+01,2.578538512735014110e-01,-2.305505599649678938e+00,4.606578533847491275e-01,2.133754116921575961e-01,-2.890063844660279990e-01,-1.316379367371309073e+01,-4.297906287296789779e-02,-1.770892313365380000e+00,8.723289365348483315e-01,-5.410690927049226218e-02,-1.515452940831474971e+00,-4.989813519146768961e+00,3.536682590636239798e+00,9.726136469438145582e+00,7.624786828405663575e-02,1.338866651973783073e+00,-8.237150848918979307e-01,-1.349690463832262921e+01,3.236319767714646023e+00,-2.990465265188960053e+00,1.011940698118863891e+00,7.290409609591478324e-01,1.053757886580181102e+00,-1.349690463832262921e+01,3.236319767714646023e+00,-2.990465265188960053e+00,1.011940698118863891e+00,7.290409609591478324e-01,1.053757886580181102e+00,-1.162360892684045943e+01,-6.719837956210618080e-01,3.690320561375302955e+00,2.616962194442749023e-01,-1.193929983420260049e-01,-1.967877715013451878e-01
-1.175550427406922971e+01,-1.326018017871072041e-01,-2.232106447799644844e+00,4.492419466851204080e-01,-9.827022695227047300e-04,-2.635115075646176086e-01,-1.338629583914464050e+01,4.801078658232430657e-02,-1.738170437488077091e+00,9.390113323820106217e-01,-2.926987523706110067e-02,-1.593158091451349012e+00,-4.983634757373007318e+00,3.655892239462945170e+00,9.792902012940743361e+00,1.155187086089187048e-01,1.532715838717241930e+00,-9.454314269915155000e-01,-9.722538359717828982e+00,8.037389935901524396e+00,-1.771187495105049914e+00,6.407924276143293074e-01,7.222774970642845682e-01,1.016977607471512890e+00,-9.722538359717828982e+00,8.037389935901524396e+00,-1.771187495105049914e+00,6.407924276143293074e-01,7.222774970642845682e-01,1.016977607471512890e+00,-1.105554305353471989e+01,-9.944814759007613025e-01,3.461591157495700788e+00,2.614476407567660199e-01,-1.393059121613632045e-01,-2.028652193359516132e-01
-1.113478756512414947e+01,-2.232112616727801868e-01,-1.668747140185468991e+00,4.785362393003442238e-01,-1.220761818972696949e-01,-2.136190338204493888e-01,-1.372593200861317086e+01,9.954357094195891154e-03,-1.722065704817596909e+00,1.000332528355025952e+00,-7.136069668146271909e-03,-1.661587941315481043e+00,-5.062149012514468360e+00,3.680910931313432943e+00,9.891313896096196601e+00,1.486567008549496138e-01,1.739560369338754908e+00,-1.077376596176653045e+00,-6.941052626904254730e+00,8.112188622454649334e+00,-3.084269473507534887e+00,8.471292149346118516e-02,7.225199341926583640e-01,9.018416398009824198e-01,-6.941052626904254730e+00,8.112188622454649334e+00,-3.084269473507534887e+00,8.471292149346118516e-02,7.225199341926583640e-01,9.018416398009824198e-01,-1.063917442791962031e+01,-1.129607419465364027e+00,3.017494161623655913e+00,2.553701679936660751e-01,-1.229938080294266933e-01,-2.009360618754872096e-01
-1.077040043306912054e+01,-1.691519163293344896e-01,-7.567386444480644903e-01,4.942468390006073964e-01,-5.994849418792101009e-02,-1.704419091156947064e-01,-1.415728093658541020e+01,-5.325502881191811200e-02,-1.599704302278958989e+00,1.057615358510263892e+00,7.528172100498829386e-03,-1.729629361760719908e+00,-5.273598194122313565e+00,3.673334550564555823e+00,9.848049165771609381e+00,1.735124862154386050e-01,1.966053793629316093e+00,-1.204433248889061892e+00,-8.377956719156204102e+00,5.755814902504442720e+00,-3.355970319675663838e+00,-4.760811353109716815e-01,6.253913149445520236e-01,6.772355234807574398e-01,-8.377956719156204102e+00,5.755814902504442720e+00,-3.355970319675663838e+00,-4.760811353109716815e-01,6.253913149445520236e-01,6.772355234807574398e-01,-1.049317525120435945e+01,-9.836085749874955431e-01,2.765889380018466071e+00,2.578778332294833775e-01,-9.982779277779477156e-02,-2.044291681759307089e-01
-1.071461585088925972e+01,-8.718770503512414394e-02,-1.569416118609558985e-01,4.736440550933098126e-01,9.507609552691996535e-02,-1.481665841396861971e-01,-1.433065860095095978e+01,6.492076387868715714e-02,-1.493186974360688035e+00,1.082786218540912948e+00,3.447189357104068347e-02,-1.793589833678568946e+00,-5.122978244443625151e+00,3.954882912334920064e+00,9.939523160678849223e+00,1.890483588155734973e-01,2.182271153005582942e+00,-1.341942583005619971e+00,-9.962323828593195429e+00,3.037369668312062121e+00,-2.170784683271487214e+00,-7.768220123241208475e-01,6.267570770830602767e-01,4.915383139284708047e-01,-9.962323828593195429e+00,3.037369668312062121e+00,-2.170784683271487214e+00,-7.768220123241208475e-01,6.267570770830602767e-01,4.915383139284708047e-01,-1.035842363700739988e+01,-8.535746359477300871e-01,2.633024711147549990e+00,2.697924999803846258e-01,-8.483259040039457799e-02,-2.149866952145834953e-01
-1.085239522690016933e+01,6.976864395433977906e-02,-3.557947931796667240e-01,4.344291528022757864e-01,2.102763429942257067e-01,-1.438950090005569060e-01,-1.432567770272635066e+01,1.419061184646742014e-03,-1.519272363120256930e+00,1.086136723691011996e+00,5.350352527418464343e-02,-1.839661659664509896e+00,-4.690329030240063979e+00,3.974240927926956157e+00,9.953019719946645694e+00,1.922666132450104037e-01,2.428820086697462965e+00,-1.476586763775171951e+00,-1.115307905279414058e+01,-1.011959812544408921e+00,-1.599935419913764978e+00,-6.472785898066965027e-01,5.903157780024881340e-01,4.037263868759249918e-01,-1.115307905279414058e+01,-1.011959812544408921e+00,-1.599935419913764978e+00,-6.472785898066965027e-01,5.903157780024881340e-01,4.037263868759249918e-01,-1.021337784124042969e+01,-8.296346036336755825e-01,2.543827923395300949e+00,2.854005668295144238e-01,-6.700945569176552929e-02,-2.224618851131374975e-01
-1.114013320782741978e+01,3.208856628962206137e-01,-1.030666351142917048e+00,4.141361042418563732e-01,2.430796354936614057e-01,-1.545766041193863960e-01,-1.400361218556816922e+01,-3.265140505838253770e-01,-1.394993865824105894e+00,1.080043983950774056e+00,6.906321443904381296e-02,-1.876296038650816955e+00,-4.959766477594359735e+00,3.721395614127961160e+00,9.606020015012006752e+00,1.912128194836638095e-01,2.701097511961382924e+00,-1.597255057735021078e+00,-1.175326631988431991e+01,-2.782206563905636809e+00,-1.093497034438865922e+00,-1.145483276750025037e-01,5.153564510135485444e-01,4.423291478410967259e-01,-1.175326631988431991e+01,-2.782206563905636809e+00,-1.093497034438865922e+00,-1.145483276750025037e-01,5.153564510135485444e-01,4.423291478410967259e-01,-1.011241785831714957e+01,-8.193023919876087913e-01,2.655588340832523819e+00,2.904131368557977821e-01,-4.932184985476887641e-03,-2.295287207524348005e-01
-1.136508161143894924e+01,6.347411998032119751e-01,-1.464877446828227958e+00,4.077286471503547838e-01,1.963978217551327898e-01,-1.760886517576052968e-01,-1.337275118041637079e+01,-6.491800623555337157e-01,-1.132006924906511891e+00,1.073076040193599034e+00,8.751442410238755021e-02,-1.902562697621656973e+00,-5.587137027819585100e+00,3.418579296582306082e+00,9.134991245885048627e+00,1.811470424730657058e-01,2.919183978287306136e+00,-1.723298978695672057e+00,-1.118708262424623001e+01,-1.322291635420294043e+00,-7.956842632722751496e-01,4.430031310912361242e-01,5.281882526077168460e-01,5.211836604887096769e-01,-1.118708262424623001e+01,-1.322291635420294043e+00,-7.956842632722751496e-01,4.430031310912361242e-01,5.281882526077168460e-01,5.211836604887096769e-01,-1.023261679225985965e+01,-8.521742637622558014e-01,2.511912207449635837e+00,2.871676823510552201e-01,3.306992064171489221e-02,-2.258730705844642084e-01
-1.127270721534674003e+01,9.765485141195521246e-01,-1.372503118764053953e+00,3.892672790917321990e-01,1.042332921379340999e-01,-1.992831280673398875e-01,-1.273497168263751078e+01,-8.020637318326007126e-01,-7.966186165443444045e-01,1.076545037473191968e+00,9.161749769764612750e-02,-1.913877705460883982e+00,-5.710743143883757256e+00,3.178824098146202815e+00,8.894038267016014743e+00,1.499543378850917985e-01,3.096688734408012955e+00,-1.839019775238065924e+00,-1.016046419194949912e+01,6.452422199710723394e-01,-1.341589270313154003e+00,6.936969051544811249e-01,5.277033188116593276e-01,5.517098273961774657e-01,-1.016046419194949912e+01,6.452422199710723394e-01,-1.341589270313154003e+00,6.936969051544811249e-01,5.277033188116593276e-01,5.517098273961774657e-01,-1.030679800372170973e+01,-7.869189493057746621e-01,2.438668234192972850e+00,2.825670089044842737e-01,5.973247165506678780e-02,-2.105089262801126959e-01
-1.079146922975835921e+01,1.297419060593330009e+00,-1.058609853858268890e+00,3.618016156507303793e-01,3.433918244073459053e-02,-2.133235995479297042e-01,-1.214675399430642067e+01,-9.911936468120972066e-01,-3.796671220982191230e-01,1.093823814477544953e+00,8.468120352494308556e-02,-1.913951871337733923e+00,-5.593453421692816896e+00,2.593876316800094894e+00,8.619514404781281058e+00,1.172490474571036972e-01,3.282325864265469129e+00,-1.921423488009970981e+00,-9.738923334516943697e+00,1.382466194496315914e+00,-1.873702778990772977e+00,7.141074722545271980e-01,5.209209189270944673e-01,5.331070717792726343e-01,-9.738923334516943697e+00,1.382466194496315914e+00,-1.873702778990772977e+00,7.141074722545271980e-01,5.209209189270944673e-01,5.331070717792726343e-01,-1.040537956489762017e+01,-6.151018426035894660e-01,2.356555512393370133e+00,2.694646366554777073e-01,8.495603296362128076e-02,-1.847947616944604077e-01
-1.010790492813219998e+01,1.574689424379752012e+00,-8.963690737669612885e-01,3.398279705248425930e-01,3.111985481367529963e-02,-2.079882938214528132e-01,-1.186730239315953028e+01,-1.406451291331832110e+00,3.229583943643906784e-03,1.128603897951605095e+00,5.589736582782620783e-02,-1.909510612686144970e+00,-5.739587051386815908e+00,1.902238050518251011e+00,8.404586998282592702e+00,1.129658142738090981e-01,3.455684125199073087e+00,-1.966645369565620971e+00,-9.428096442525919940e+00,1.533961085157542037e+00,-2.034750523204674089e+00,6.513655114674345992e-01,5.453186453601759354e-01,4.709466908746440805e-01,-9.428096442525919940e+00,1.533961085157542037e+00,-2.034750523204674089e+00,6.513655114674345992e-01,5.453186453601759354e-01,4.709466908746440805e-01,-1.052885382615425058e+01,-4.207195483580983275e-01,2.057912988112899022e+00,2.499874664376633970e-01,9.852030291478286461e-02,-1.567370963778937087e-01
-9.523659095803219898e+00,1.794435170553382086e+00,-9.451714495332113053e-01,3.263981124434111036e-01,8.374973300986995883e-02,-1.884584393026610960e-01,-1.177350603050899913e+01,-1.744800789564985077e+00,2.820500838763427831e-01,1.186898044177463918e+00,4.592543225392081013e-03,-1.901453280091834896e+00,-5.847764829842882151e+00,1.519988076964245982e+00,8.414830290094833742e+00,1.119140828285558054e-01,3.642977885090402879e+00,-2.008301098261572104e+00,-9.103391786978367151e+00,2.225667512754037070e+00,-2.483140186541489047e+00,4.283325888352861877e-01,5.332794526650782574e-01,3.855320507297896881e-01,-9.103391786978367151e+00,2.225667512754037070e+00,-2.483140186541489047e+00,4.283325888352861877e-01,5.332794526650782574e-01,3.855320507297896881e-01,-1.068101339507479075e+01,-2.517138072061196885e-01,1.930626373073689006e+00,2.525580898623600024e-01,7.537546057221644613e-02,-1.213748772405521953e-01
-9.239283704537950115e+00,1.939191043468480924e+00,-9.957800299249670584e-01,3.087061972181369129e-01,1.513500622661065886e-01,-1.675544087124127002e-01,-1.162576754928580947e+01,-1.622134918412315052e+00,4.677275677173681201e-01,1.250852375238606928e+00,-5.675577677239045798e-02,-1.892009254974998056e+00,-5.907978430640204337e+00,1.526367585469524890e+00,8.262388662753025415e+00,9.636804278385435740e-02,3.829397208007399023e+00,-2.061428972201785115e+00,-9.373797984594451904e+00,2.842787215359321884e+00,-2.914119106528091141e+00,4.089698990491250769e-02,5.287517745618142140e-01,2.931231594335952928e-01,-9.373797984594451904e+00,2.842787215359321884e+00,-2.914119106528091141e+00,4.089698990491250769e-02,5.287517745618142140e-01,2.931231594335952928e-01,-1.065716622569600069e+01,-1.328847918126447036e-01,1.973409430004918086e+00,2.923375814047072252e-01,9.287445599059253667e-03,-8.308013460029413377e-02
-9.267098720501223852e+00,1.960203060050420998e+00,-9.731205222808978483e-01,2.701108266117782097e-01,1.823495000154523871e-01,-1.504618723951990922e-01,-1.126410929480002920e+01,-1.310722876993066111e+00,4.985843538482522264e-01,1.269432240694803093e+00,-1.003609056693157975e-01,-1.877528570538034014e+00,-5.883574501160651948e+00,1.918137465753863014e+00,7.743431552763908599e+00,3.748854249715805054e-02,4.011997576682798439e+00,-2.116483265353787058e+00,-9.918245682959884846e+00,1.917095027353796111e+00,-2.958078961205759860e+00,-2.817080289747199151e-01,5.204715110436911596e-01,2.187999536167808123e-01,-9.918245682959884846e+00,1.917095027353796111e+00,-2.958078961205759860e+00,-2.817080289747199151e-01,5.204715110436911596e-01,2.187999536167808123e-01,-1.034632691969533980e+01,-1.013600459724623010e-01,1.861718808760671973e+00,3.111548326778864060e-01,1.027670073927578094e-03,-4.858383687572905701e-02
-9.403126063251642464e+00,1.784168564168477911e+00,-9.678539529984508949e-01,2.171681758476048107e-01,1.603988317941557051e-01,-1.376450404608731970e-01,-1.086893234523907914e+01,-1.135974417876514098e+00,4.666702978233819854e-01,1.248388754975150006e+00,-1.392432427884643109e-01,-1.844063201787361050e+00,-6.102520112068422264e+00,1.951609338483502931e+00,7.372483837989068256e+00,6.133235930915800944e-03,4.163054343192808204e+00,-2.120066673524918066e+00,-9.934477663259901448e+00,4.629953148418581854e-01,-2.558519861115838179e+00,-3.495501423349028913e-01,5.095557096985078305e-01,1.845348377450269917e-01,-9.934477663259901448e+00,4.629953148418581854e-01,-2.558519861115838179e+00,-3.495501423349028913e-01,5.095557096985078305e-01,1.845348377450269917e-01,-1.019889321374808056e+01,-1.999583218941793916e-01,1.703468616276651026e+00,3.192544040173131981e-01,-6.495826070284885668e-04,-6.421463113632849308e-03
-9.504294023400275293e+00,1.487739189156616071e+00,-1.004474147263584083e+00,1.678741966375053019e-01,1.170602749518666053e-01,-1.248279692905288063e-01,-1.048373088113966922e+01,-9.350914635904862271e-01,4.328408949248800930e-01,1.200508689047188104e+00,-1.897779495378549008e-01,-1.791132951585439947e+00,-6.107249786648419665e+00,1.951209607799333945e+00,7.141732332939286110e+00,-1.588263207946187874e-02,4.243713428097438012e+00,-2.130782048650058158e+00,-9.665582129672412037e+00,-2.592647420517785184e-01,-2.191399894785396096e+00,-2.177922369369421907e-01,4.873998253549637893e-01,1.876596197567934055e-01,-9.665582129672412037e+00,-2.592647420517785184e-01,-2.191399894785396096e+00,-2.177922369369421907e-01,4.873998253549637893e-01,1.876596197567934055e-01,-1.002572603449140054e+01,-3.229249781659371821e-01,1.560242366888445975e+00,3.151632393998259896e-01,-1.761479835374004863e-02,2.118231008796758047e-02
-9.546189308166503906e+00,1.186041734796027036e+00,-1.030645782695448931e+00,1.288127157135202927e-01,7.403883169831006195e-02,-1.120111333045114982e-01,-9.952214839378209277e+00,-7.877345091857480552e-01,3.416447963522198927e-01,1.099896654847122068e+00,-2.364243217357124005e-01,-1.725811453020009933e+00,-6.018629499966221097e+00,2.271667722854867844e+00,6.809832350937941037e+00,-9.725094978596024453e-02,4.379073273934160682e+00,-2.147251330762415034e+00,-9.525034120982569519e+00,-2.568305112017129077e-01,-2.199760941499572020e+00,-4.865322868529033118e-02,4.633636726014013774e-01,2.167612711779287882e-01,-9.525034120982569519e+00,-2.568305112017129077e-01,-2.199760941499572020e+00,-4.865322868529033118e-02,4.633636726014013774e-01,2.167612711779287882e-01,-9.796070656143005095e+00,-4.726673956108972119e-01,1.502897894409936930e+00,2.882946465428540272e-01,-3.162368168872749241e-02,4.460330631384649275e-02
-9.520069632845174823e+00,9.366150331600958667e-01,-9.801660222208812279e-01,9.447324218937086515e-02,2.810369083525291953e-02,-1.001075486372632051e-01,-9.353097414826974543e+00,-4.425773419202342907e-01,1.123774811600686957e-01,9.153210366564128453e-01,-2.714242438195563767e-01,-1.666350649380583082e+00,-6.183595117091888582e+00,2.852969437486625903e+00,6.216420035452581594e+00,-2.600166070929748052e-01,4.533348059263586194e+00,-2.153593888022748981e+00,-9.439584984969165760e+00,-1.098666265606880049e-01,-2.419847041837662083e+00,6.765369049852870686e-02,4.441061395888106778e-01,2.445532191879966066e-01,-9.439584984969165760e+00,-1.098666265606880049e-01,-2.419847041837662083e+00,6.765369049852870686e-02,4.441061395888106778e-01,2.445532191879966066e-01,-9.624750988592978729e+00,-7.013343159435012630e-01,1.542267022770039908e+00,2.577280987206210794e-01,-4.879014478283808659e-02,6.575992792791370001e-02
-9.479929809775352822e+00,7.552248784685366978e-01,-8.563445087036942738e-01,7.066315860233177149e-02,-2.582063523602930004e-03,-9.125514795690478631e-02,-8.811595408113607419e+00,-7.997700401507799872e-02,-7.884110427432598767e-02,6.305510454288932864e-01,-3.007386414865578783e-01,-1.603303939969960901e+00,-6.457716464996337891e+00,3.040763498603581194e+00,5.581981044795649716e+00,-4.564788602359282077e-01,4.598643996509895970e+00,-2.144567189754841063e+00,-9.357162359489640480e+00,-1.038254324224702069e-01,-2.514600077410324985e+00,1.302155866642915050e-01,4.339651271616929984e-01,2.619495825718990978e-01,-9.357162359489640480e+00,-1.038254324224702069e-01,-2.514600077410324985e+00,1.302155866642915050e-01,4.339651271616929984e-01,2.619495825718990978e-01,-9.441662355502081994e+00,-8.473472576903124942e-01,1.653035822170425995e+00,2.376761577748758014e-01,-6.769393971862240622e-02,8.125935623558649956e-02
-9.462503512212085965e+00,6.296407156001587735e-01,-7.673772073942639604e-01,5.722986311922149960e-02,-1.677465185733332045e-02,-8.530402097887279655e-02,-8.358803501722526619e+00,-3.110176273793909263e-01,-1.664339003080770873e-01,3.322235135953658935e-01,-2.909067865256507734e-01,-1.510945721482088944e+00,-6.419186009836936435e+00,3.386820606562074953e+00,5.284386530680687422e+00,-6.642821167361154799e-01,4.636169142094910711e+00,-2.129793581012085824e+00,-9.314122002515080823e+00,2.025557181509573049e-02,-2.590609985201670185e+00,1.578326849916535934e-01,4.190446530431450878e-01,2.651759961778034080e-01,-9.314122002515080823e+00,2.025557181509573049e-02,-2.590609985201670185e+00,1.578326849916535934e-01,4.190446530431450878e-01,2.651759961778034080e-01,-9.257636441565590957e+00,-9.816280121719670460e-01,1.786858892541496990e+00,2.237502376649193880e-01,-7.769438825117615244e-02,8.323541435422716905e-02
-9.422429489415019788e+00,5.633076702100464628e-01,-7.167838072023058338e-01,5.233924463391304016e-02,-2.852363523077250038e-02,-7.905004834275872194e-02,-7.696665415915822983e+00,-4.102253126805133765e-01,-6.174683509220253441e-01,3.484300119950406015e-03,-2.113192213774794936e-01,-1.414319836908733974e+00,-6.355638545773694581e+00,3.822729754811073022e+00,4.924727157427745361e+00,-9.666523001921187852e-01,4.690012290690446228e+00,-2.118777555035793903e+00,-9.399175592648084887e+00,3.991689662779531189e-01,-2.725138618100074073e+00,1.361141931465877086e-01,3.968571158506536967e-01,2.646135261622807877e-01,-9.399175592648084887e+00,3.991689662779531189e-01,-2.725138618100074073e+00,1.361141931465877086e-01,3.968571158506536967e-01,2.646135261622807877e-01,-9.052874227987885547e+00,-1.113154874482076062e+00,1.903898695756299109e+00,2.089178526480096887e-01,-7.001871208646119615e-02,8.109939053729052494e-02
-9.382274049523545045e+00,5.649908914116792413e-01,-6.697257903985835981e-01,5.142587626088720998e-02,-3.844566546338556295e-02,-6.883345823019697274e-02,-7.130808201314727590e+00,-2.769636622359675782e-01,-1.216364901339280991e+00,-3.991274084615450968e-01,-1.007504578225821984e-01,-1.318683985527270952e+00,-6.743347869124464822e+00,4.281198405450390432e+00,4.605378988609520441e+00,-1.300956443295500975e+00,4.838801860443092018e+00,-2.151398210390005783e+00,-9.537133401904661412e+00,5.224309121312793458e-01,-2.765043203433711128e+00,6.798426723104118718e-02,3.858655026173233860e-01,2.705055406307816934e-01,-9.537133401904661412e+00,5.224309121312793458e-01,-2.765043203433711128e+00,6.798426723104118718e-02,3.858655026173233860e-01,2.705055406307816934e-01,-8.921337695787785904e+00,-1.172820339067357054e+00,1.892147541046143022e+00,1.970900308763824105e-01,-5.732183499974029955e-02,7.916232332970692120e-02
-9.411815829822046453e+00,6.120482513972620442e-01,-5.982549632158624675e-01,5.111619857929357996e-02,-4.500904030746005757e-02,-5.449167177134509737e-02,-6.920596126952855087e+00,-4.247623317017074074e-01,-1.525025429103739061e+00,-8.158235133083318047e-01,-3.013549435516141989e-02,-1.227003387310555915e+00,-7.411984226393299124e+00,4.290109333332256192e+00,3.740968275936833898e+00,-1.701968391710918960e+00,4.859936996441894586e+00,-2.107737506410917838e+00,-9.509567260742187500e+00,2.756979325056624908e-01,-2.773822966747509167e+00,1.981487990875813870e-02,3.850853401753637772e-01,2.718376109173403776e-01,-9.509567260742187500e+00,2.756979325056624908e-01,-2.773822966747509167e+00,1.981487990875813870e-02,3.850853401753637772e-01,2.718376109173403776e-01,-8.862118356529673946e+00,-1.193588131081046111e+00,1.894884946052417973e+00,1.830427741006533937e-01,-4.754768627718745228e-02,8.228730432651998328e-02
-9.486822311633774873e+00,6.887284880042701118e-01,-4.867290012299075874e-01,5.188275561352689857e-02,-4.761016429086645935e-02,-4.045249231881572344e-02,-6.804143624956928704e+00,-1.221390333185423893e+00,-1.586054607174941067e+00,-1.140563711960765003e+00,-2.244532307659741904e-02,-1.150359618424239949e+00,-8.126123816553166179e+00,3.457739079236617830e+00,3.696624322359951975e+00,-2.084048796603452214e+00,4.844971011494345170e+00,-2.017659591639645811e+00,-9.524652704209351839e+00,-4.827338005667015236e-02,-2.862566500883104048e+00,1.352458624041684952e-02,3.770926766537162078e-01,2.763497901606710161e-01,-9.524652704209351839e+00,-4.827338005667015236e-02,-2.862566500883104048e+00,1.352458624041684952e-02,3.770926766537162078e-01,2.763497901606710161e-01,-8.852186448013727116e+00,-1.118533784389130092e+00,1.965846608677584095e+00,1.648069231580661931e-01,-3.370326357863603212e-02,8.331552892923355103e-02
-9.553067261654238251e+00,7.915906626681092906e-01,-4.289215553375970158e-01,4.898933593303433920e-02,-4.562944922256253338e-02,-2.854906273730414834e-02,-6.699972285819118412e+00,-2.443799380042801950e+00,-1.783379312378182036e+00,-1.298728870091327980e+00,-5.226979204143007707e-02,-1.082995079046753073e+00,-9.232938943714243507e+00,1.487372003077056970e+00,3.418611994507399832e+00,-2.279855003494863919e+00,4.750226015076050246e+00,-1.856093377870495997e+00,-9.573620142353172824e+00,-1.199206998900791965e-01,-2.859835739020989198e+00,4.900900615094048313e-02,3.616372199163520040e-01,2.886260659250307059e-01,-9.573620142353172824e+00,-1.199206998900791965e-01,-2.859835739020989198e+00,4.900900615094048313e-02,3.616372199163520040e-01,2.886260659250307059e-01,-8.901015329403684007e+00,-9.955510127548981014e-01,1.978963393126287107e+00,1.447111243275052972e-01,-2.080598307405615022e-02,8.343488036724146240e-02
-9.615880003110987673e+00,8.805943430805462935e-01,-5.316792056985097936e-01,4.821201622287712291e-02,-3.786174549263687794e-02,-2.060577548246707996e-02,-6.757320414916296869e+00,-3.680415663846731800e+00,-2.278248672858862012e+00,-1.341923960402910954e+00,-8.620033461519961693e-02,-1.018914437539657047e+00,-1.068487362597944035e+01,3.574103314831997835e-01,2.897195512599597844e+00,-2.333457306294457911e+00,4.447342562174955383e+00,-1.425092953171902987e+00,-9.585827023183796314e+00,1.973168180842307107e-01,-2.777402149552222976e+00,8.883112387675169697e-02,3.397218659167312027e-01,3.014561114643227735e-01,-9.585827023183796314e+00,1.973168180842307107e-01,-2.777402149552222976e+00,8.883112387675169697e-02,3.397218659167312027e-01,3.014561114643227735e-01,-8.952105149329167233e+00,-8.508928920816166697e-01,2.014221429824829102e+00,1.299175152825015056e-01,-5.615843279707817375e-03,8.671823245054992302e-02
-9.643848419189453125e+00,9.624882787275350626e-01,-6.590810349019922132e-01,5.400885611444535689e-02,-2.580149730346622053e-02,-1.724592517724816976e-02,-7.002408493499053144e+00,-4.561827729923933816e+00,-2.557872891975438101e+00,-1.312573961947919976e+00,-1.321328406303708958e-01,-9.585297434560715590e-01,-1.134554911959756041e+01,1.468607146075024128e-01,1.882115011161503038e+00,-2.105259291267907784e+00,3.940655671205988142e+00,-1.255268492650454926e+00,-9.631191347418109672e+00,5.030678263228792746e-01,-2.689093128052725046e+00,1.158480945310789018e-01,3.223694007494665725e-01,3.108047652880899792e-01,-9.631191347418109672e+00,5.030678263228792746e-01,-2.689093128052725046e+00,1.158480945310789018e-01,3.223694007494665725e-01,3.108047652880899792e-01,-9.063330128390337137e+00,-7.536872351396927128e-01,2.011955883444064952e+00,1.191171445691538017e-01,1.546948202551326999e-02,9.201930015306533650e-02
-9.628207508908115386e+00,1.072344792330254037e+00,-7.340976834953434338e-01,5.813617664939568774e-02,-1.755763669887558040e-02,-1.693460704538660849e-02,-7.223041898094564317e+00,-5.084130353092597865e+00,-2.392651081085205078e+00,-1.177554199223145082e+00,-2.132382440264873058e-01,-9.159736476735585997e-01,-1.359693602473210916e+01,-1.037012124578823968e+00,3.462077709619357790e+00,-1.305824213943880041e+00,3.181280165647522917e+00,-9.604170411752706027e-01,-9.753563479578907902e+00,6.798428218846557236e-01,-2.587969541549683061e+00,1.252635368693733875e-01,3.050026196219254859e-01,3.182947941607920939e-01,-9.753563479578907902e+00,6.798428218846557236e-01,-2.587969541549683061e+00,1.252635368693733875e-01,3.050026196219254859e-01,3.182947941607920939e-01,-9.208897997889833320e+00,-6.686975331457223337e-01,1.951378066907220044e+00,1.051934180238569966e-01,2.903756779879407973e-02,9.637039927484375434e-02
-9.581156913013231247e+00,1.176999580397825929e+00,-7.638525118080796705e-01,5.737948457095483346e-02,-7.042693888248118331e-03,-1.861472778178682036e-02,-7.313186050392091353e+00,-5.924376463624589917e+00,-2.495978837127372785e+00,-9.506195811842065302e-01,-3.137999082075471069e-01,-8.476806230662834452e-01,-1.542200851440430043e+01,2.969374429421186012e-01,8.393410551078003934e+00,-5.406780248527887078e-02,1.978225015397568010e+00,-1.372723066945656933e-01,-9.772260934953742151e+00,7.942625396812017513e-01,-2.593995103699331839e+00,1.198961750107793017e-01,2.903136115500211112e-01,3.215124905109406073e-01,-9.772260934953742151e+00,7.942625396812017513e-01,-2.593995103699331839e+00,1.198961750107793017e-01,2.903136115500211112e-01,3.215124905109406073e-01,-9.332326183150644994e+00,-5.963565807450554868e-01,1.902097191362638995e+00,9.023942106434283683e-02,3.410170972061175865e-02,1.026607228970612962e-01
-9.525337566428468961e+00,1.259012689788221007e+00,-7.672849771797016771e-01,5.371913974804262693e-02,1.171516935797422936e-02,-1.694597664379304119e-02,-7.312234475062444616e+00,-5.128048438292283961e+00,-2.614262379132783920e+00,-7.269978477404668293e-01,-3.725370879356678100e-01,-6.818891488588774141e-01,-1.369220010183190972e+01,3.579591352879786914e+00,9.161678447518298185e+00,6.075502162979495857e-01,6.712438148249435521e-01,5.431723135346580023e-01,-9.714080925163564473e+00,6.555561499361892697e-01,-2.576235514908979951e+00,1.222822111603942968e-01,2.803818906954090862e-01,3.217760747462857784e-01,-9.714080925163564473e+00,6.555561499361892697e-01,-2.576235514908979951e+00,1.222822111603942968e-01,2.803818906954090862e-01,3.217760747462857784e-01,-9.492802001077203400e+00,-5.452832902010311678e-01,1.840167971238976019e+00,7.528726715853435725e-02,3.145382786592813840e-02,1.061797447690474988e-01
-9.502571728884305458e+00,1.330466386177731053e+00,-7.864854597728028196e-01,4.625487502636677073e-02,3.140770047159337913e-02,-1.023776089452686083e-02,-6.970477334426355753e+00,-2.790032253043198907e+00,-2.445256043872158891e+00,-5.869119500906359033e-01,-3.848613633049858818e-01,-4.775599850579158034e-01,-9.792285925047703898e+00,6.261027965028175934e+00,8.821473753113620475e+00,6.390681538529673356e-01,-3.611103845605284079e-01,8.940841681151125986e-01,-9.731986595677279084e+00,8.175710075736595250e-01,-2.444816855943575007e+00,1.255286960470115010e-01,2.822545159911413748e-01,3.244250116138293061e-01,-9.731986595677279084e+00,8.175710075736595250e-01,-2.444816855943575007e+00,1.255286960470115010e-01,2.822545159911413748e-01,3.244250116138293061e-01,-9.701646907830321354e+00,-4.385696612703773867e-01,1.759659717105253041e+00,6.029587266348043761e-02,1.570832082253385137e-02,1.180455769876748023e-01
-9.535619951823719020e+00,1.384647140169003032e+00,-8.195338963760241402e-01,3.085895682822313926e-02,4.742844329533817127e-02,-7.815215532263617218e-04,-6.424882160964161315e+00,-7.203867786735128620e-01,-2.144777580035142073e+00,-5.473013294396251727e-01,-3.879843248932774991e-01,-2.671370411676073919e-01,-7.360164147917576116e+00,9.025279471401795206e+00,7.895151928822565779e+00,2.501766994114845155e-01,-1.082593665350966905e+00,1.120188030367073040e+00,-9.844860967716424938e+00,1.065768981809944060e+00,-2.193771720085134103e+00,1.286041497684511092e-01,2.791074522590111795e-01,3.355900932598798181e-01,-9.844860967716424938e+00,1.065768981809944060e+00,-2.193771720085134103e+00,1.286041497684511092e-01,2.791074522590111795e-01,3.355900932598798181e-01,-9.940402039490292552e+00,-4.172862854314595138e-01,1.811164871003160037e+00,4.451025980088384876e-02,7.125087487961976815e-03,1.327240639163541069e-01
-9.622705324366783941e+00,1.381223821353203984e+00,-9.066191838774376732e-01,9.197225792527517416e-03,6.572950269339454532e-02,1.172310658457629932e-02,-5.881287695472430244e+00,1.155622741573143930e+00,-1.819881082008280027e+00,-6.168686274924423119e-01,-3.796886860302168265e-01,-3.882267345758481231e-02,-6.218544476044156610e+00,1.008368053214124949e+01,6.362717972817318213e+00,-3.244396799217643124e-01,-1.662380992870363006e+00,1.277782018490122962e+00,-9.906733941439856750e+00,1.545002921280933972e+00,-1.740946297958049005e+00,1.551149435218341921e-01,2.649304581660398838e-01,3.503822921737733131e-01,-9.906733941439856750e+00,1.545002921280933972e+00,-1.740946297958049005e+00,1.551149435218341921e-01,2.649304581660398838e-01,3.503822921737733131e-01,-1.003761421199707016e+01,-4.796640693118984222e-01,1.931898124542714923e+00,3.481872146543833757e-02,-2.527348246545560884e-03,1.401228837619301060e-01
-9.755177828939647355e+00,1.346395978775625002e+00,-1.044300198257426926e+00,-1.384285092425351082e-02,7.843051749795171279e-02,2.804216158114224838e-02,-5.271838783546403562e+00,2.672143074102542926e+00,-1.586109238652406050e+00,-8.227073608516608516e-01,-3.586597506107577771e-01,1.875091630315023905e-01,-4.396349610332580760e+00,8.907100866589249932e+00,5.828897695082368102e+00,-8.061365684636483397e-01,-2.039950329343051205e+00,1.412316755063095952e+00,-9.853852813747067785e+00,1.144835091916575065e+00,-2.159827551188091999e+00,1.707800558437904959e-01,2.577022547096597949e-01,3.468385182619552753e-01,-9.853852813747067785e+00,1.144835091916575065e+00,-2.159827551188091999e+00,1.707800558437904959e-01,2.577022547096597949e-01,3.468385182619552753e-01,-1.012306537301003928e+01,-5.791109397938724035e-01,2.019584438889928890e+00,2.310819968941710961e-02,-1.281777396798134024e-02,1.454636238465782938e-01
-9.906866312118525641e+00,1.292361338755301015e+00,-1.208195423631315046e+00,-3.581706237662513753e-02,7.767593671715429526e-02,4.164299986799747250e-02,-5.025718488390483074e+00,3.169339982778429210e+00,-1.278151979644178038e+00,-1.109297519928359899e+00,-3.465696689842056033e-01,4.053320011464497941e-01,-2.950970238970465953e+00,6.938088805650487245e+00,5.513265728004638433e+00,-1.072549986906419894e+00,-2.173614818664777015e+00,1.612157923991581976e+00,-9.988481435175131651e+00,4.964093994129881726e-01,-2.394932573292111844e+00,2.073251358436060954e-01,2.526566052415464836e-01,3.570085836872953777e-01,-9.988481435175131651e+00,4.964093994129881726e-01,-2.394932573292111844e+00,2.073251358436060954e-01,2.526566052415464836e-01,3.570085836872953777e-01,-1.020717647825422070e+01,-7.220242184132783514e-01,2.164285219449569198e+00,1.254407219439993004e-02,-1.281777396798134024e-02,1.507652387543645112e-01
-1.004473023810806076e+01,1.241740277887626975e+00,-1.332229222245290057e+00,-5.307878379216039721e-02,7.492720145332021353e-02,4.456341139959810183e-02,-4.999384634810963846e+00,2.619259951911824036e+00,-9.766453635643764786e-01,-1.354271736379409008e+00,-3.557725367076691181e-01,6.150201280270852777e-01,-2.296246816064710039e+00,4.881934335298627303e+00,5.250780537863758646e+00,-1.084699120476980916e+00,-2.188964237676603197e+00,1.806267947794121032e+00,-1.002546740927038016e+01,6.629371454632421168e-01,-2.653556326264748133e+00,2.413854122955270964e-01,2.430276262036178969e-01,3.581405575580883238e-01,-1.002546740927038016e+01,6.629371454632421168e-01,-2.653556326264748133e+00,2.413854122955270964e-01,2.430276262036178969e-01,3.581405575580883238e-01,-1.025600985268217080e+01,-7.717526202388381718e-01,2.261951314207976793e+00,5.262390901687529800e-03,-1.285694809380034942e-02,1.552731739789756926e-01
-1.014939096607777991e+01,1.210325054729944894e+00,-1.372436855035541026e+00,-6.163895027739404314e-02,7.734754794590394111e-02,3.725789317857146343e-02,-5.123259367565026423e+00,1.725337530882155024e+00,-9.164567561380295713e-01,-1.485603900476345940e+00,-3.569298159003517767e-01,8.155798494365721352e-01,-2.285759358739908098e+00,4.071251002069656622e+00,4.746484652228351031e+00,-9.403793766100947416e-01,-2.169435170705960036e+00,1.980874723681991023e+00,-1.000687864372440927e+01,5.760028445363594152e-01,-3.035513302880680886e+00,2.369807368736661923e-01,2.395116442989002892e-01,3.445515184450075874e-01,-1.000687864372440927e+01,5.760028445363594152e-01,-3.035513302880680886e+00,2.369807368736661923e-01,2.395116442989002892e-01,3.445515184450075874e-01,-1.030355751604455961e+01,-8.448576349600563917e-01,2.363159807729581008e+00,3.249012312268830926e-03,-1.406419704088068996e-02,1.658303256656911973e-01
-1.024704290889070002e+01,1.196325540542602983e+00,-1.358609618251896078e+00,-6.773358559416187141e-02,8.680328085858335374e-02,2.444106003930492099e-02,-5.461178377415666141e+00,9.871588996737905575e-01,-1.103208903076400960e+00,-1.532538252370025944e+00,-3.462491776818992228e-01,1.002744419691931954e+00,-2.481727691888656828e+00,4.458069424645689338e+00,4.440757365014967206e+00,-8.231147183402161005e-01,-2.124558956113772101e+00,2.101661726529140850e+00,-1.000744442114005039e+01,7.624900884288352554e-01,-3.313270146053670206e+00,1.973296770301256053e-01,2.430119041167987104e-01,3.224335392794260846e-01,-1.000744442114005039e+01,7.624900884288352554e-01,-3.313270146053670206e+00,1.973296770301256053e-01,2.430119041167987104e-01,3.224335392794260846e-01,-1.031474829910201940e+01,-9.058868267175163025e-01,2.529471457302074899e+00,4.583616065366593641e-03,-1.820294433482573873e-02,1.721939585123601901e-01
-1.032387261455989069e+01,1.201531609881020035e+00,-1.330606937408447044e+00,-7.400064640968720409e-02,9.839523767793315057e-02,9.801859320026345274e-03,-5.907231654783999808e+00,5.917059763148522222e-01,-1.414023190591839896e+00,-1.533380498842171091e+00,-3.359789734137524908e-01,1.177578175513372960e+00,-3.081111393582803171e+00,4.879173539018118788e+00,4.447704498730008282e+00,-8.015161188623567412e-01,-2.087308324854372898e+00,2.164859597980822947e+00,-9.903594796619717755e+00,8.545182347297668457e-01,-3.539759350201439947e+00,1.266433380189395941e-01,2.424525981621137027e-01,2.906718403100966852e-01,-9.903594796619717755e+00,8.545182347297668457e-01,-3.539759350201439947e+00,1.266433380189395941e-01,2.424525981621137027e-01,2.906718403100966852e-01,-1.030051664273310053e+01,-9.648911510744402342e-01,2.590501032666677084e+00,1.174962613731623043e-02,-1.966967157298519023e-02,1.772682370815409081e-01
-1.036228728163155033e+01,1.203328422527832897e+00,-1.356629522695411039e+00,-8.130323609083786596e-02,1.062020280223320984e-01,-6.375528725871856643e-03,-6.285620174461680421e+00,3.795156722554262063e-01,-1.615084309566342968e+00,-1.494299561399577980e+00,-3.173442451890705063e-01,1.342311577094287056e+00,-4.202929863854060422e+00,4.908005836250472598e+00,4.540102393091244082e+00,-8.245180707999028025e-01,-2.117106253406174865e+00,2.205559644800421992e+00,-9.818145642340999402e+00,8.094728642460266022e-01,-3.595373274650460971e+00,4.436443188321524678e-02,2.446229397148202978e-01,2.580687734620847884e-01,-9.818145642340999402e+00,8.094728642460266022e-01,-3.595373274650460971e+00,4.436443188321524678e-02,2.446229397148202978e-01,2.580687734620847884e-01,-1.023947990314460021e+01,-9.745673105153080940e-01,2.650019070013649891e+00,1.126237682610536917e-02,-3.021820696349960048e-02,1.762443929910660068e-01
-1.037108998388361059e+01,1.170310767499795901e+00,-1.433267607390461107e+00,-9.320885175594703642e-02,1.040832309661945954e-01,-1.950665157749385120e-02,-6.706247205269194822e+00,1.644632343608591896e-01,-1.721142271699299009e+00,-1.415033494802133029e+00,-2.989958022874523724e-01,1.491455652551127109e+00,-5.280524518293622016e+00,4.455719397221517220e+00,4.728888363290744579e+00,-8.194920556441199766e-01,-2.211449350572861849e+00,2.238634811478510844e+00,-9.750713526012344090e+00,7.014256326574213052e-01,-3.495119339859431129e+00,-2.437488190949924083e-02,2.408760824282231983e-01,2.313502555817014972e-01,-9.750713526012344090e+00,7.014256326574213052e-01,-3.495119339859431129e+00,-2.437488190949924083e-02,2.408760824282231983e-01,2.313502555817014972e-01,-1.017845032878003053e+01,-9.262484238352827193e-01,2.674935581741488821e+00,-4.858076347098234829e-04,-3.778265215431689250e-02,1.761560639451389965e-01
-1.035367966821504915e+01,1.083261288031925895e+00,-1.499708658860475108e+00,-1.048006037649111960e-01,9.494303963814207381e-02,-2.654602396420083915e-02,-7.222623071851208110e+00,-1.180283429126860045e-01,-1.837648587414868029e+00,-1.309791113313381050e+00,-3.076165869252168172e-01,1.630141822561141041e+00,-5.986418789005622187e+00,3.769637304394902966e+00,5.076529677196216284e+00,-7.214840555490131813e-01,-2.352559205879019899e+00,2.254877205390656947e+00,-9.765519196956940817e+00,8.144914537923796383e-01,-3.303009566524706120e+00,-6.716985951808232547e-02,2.355883217366757931e-01,2.115285371095380895e-01,-9.765519196956940817e+00,8.144914537923796383e-01,-3.303009566524706120e+00,-6.716985951808232547e-02,2.355883217366757931e-01,2.115285371095380895e-01,-1.011438557812670958e+01,-8.891217785563311216e-01,2.714080800080016065e+00,-1.210289552085922968e-02,-4.726345653879449049e-02,1.737989774647311914e-01
-1.033446805508263999e+01,9.767984679692963690e-01,-1.503313451799431988e+00,-1.121555194258690019e-01,8.167052445187115983e-02,-2.458544366971317924e-02,-7.798163979200563034e+00,-4.974071684970188811e-01,-1.895843741211526101e+00,-1.204378473658008986e+00,-3.198613356736910163e-01,1.761521896972416901e+00,-6.419313325703769557e+00,3.298732768613600985e+00,5.569881584566817700e+00,-5.181131829668073063e-01,-2.502603291366788163e+00,2.264011505957848058e+00,-9.839166641235351562e+00,8.729324526684258956e-01,-3.113300397831907151e+00,-8.946188992481626800e-02,2.208982178921340134e-01,2.048218593619386130e-01,-9.839166641235351562e+00,8.729324526684258956e-01,-3.113300397831907151e+00,-8.946188992481626800e-02,2.208982178921340134e-01,2.048218593619386130e-01,-9.978108190721080462e+00,-8.413044995090867006e-01,2.810218644398514876e+00,-2.073508383886468048e-02,-5.340738967061042786e-02,1.662788373755297866e-01
-1.029105960144731036e+01,9.017601763353675359e-01,-1.452899784231209912e+00,-1.126105644178890947e-01,6.642151311520606838e-02,-1.710950719031443037e-02,-8.400945356264260866e+00,-7.314486572049885282e-01,-1.992499481195554978e+00,-1.094308856506992056e+00,-3.298834442420829904e-01,1.887214364063539929e+00,-6.896246730922631407e+00,3.379234591026095913e+00,5.873384814579223345e+00,-2.952551458399604867e-01,-2.676855308972008185e+00,2.264077127918424193e+00,-9.818167516429339159e+00,8.395187405958288718e-01,-3.039643526077270952e+00,-8.603135644188003583e-02,2.049128079035210936e-01,2.058536757866551992e-01,-9.818167516429339159e+00,8.395187405958288718e-01,-3.039643526077270952e+00,-8.603135644188003583e-02,2.049128079035210936e-01,2.058536757866551992e-01,-9.795500196436400131e+00,-8.163864902057100803e-01,2.868739843368529829e+00,-3.163670017767870879e-02,-5.309919651771317917e-02,1.576456065994009947e-01
-1.018481310592117950e+01,8.511261395527399687e-01,-1.377852241330455918e+00,-1.145886258158627935e-01,4.796712420347724187e-02,-7.812941536778418919e-03,-8.969175436639241994e+00,-8.674349691396971984e-01,-2.140837559180635896e+00,-9.691704157813783027e-01,-3.364665508270264227e-01,2.017942184540154837e+00,-7.203086614395155074e+00,3.658391334451176924e+00,6.079825937587749252e+00,-1.466887053438404032e-01,-2.863095305235426213e+00,2.223375689276930967e+00,-9.711733297757229266e+00,8.084748316912911958e-01,-3.042642214056534122e+00,-7.535090940945800286e-02,1.858949117206087076e-01,2.122804344528251008e-01,-9.711733297757229266e+00,8.084748316912911958e-01,-3.042642214056534122e+00,-7.535090940945800286e-02,1.858949117206087076e-01,2.122804344528251008e-01,-9.626107918139092945e+00,-7.777524777071415096e-01,2.866727660920938892e+00,-4.779079840986936306e-02,-4.575429046786377157e-02,1.469642391191408881e-01
-1.003494509793645939e+01,8.353023452830203865e-01,-1.363610067171618034e+00,-1.168830195604931010e-01,2.949343062794199111e-02,2.965709990671564931e-04,-9.310404724795855458e+00,-1.268919932312809085e+00,-2.358545959094994870e+00,-8.433063396506710330e-01,-3.364665508270264227e-01,2.137835146873353853e+00,-7.874687579614469968e+00,3.616391611782880045e+00,6.272817646608679354e+00,-8.459315123966396066e-02,-2.997780701836988193e+00,2.125436882452663934e+00,-9.561823167828977788e+00,8.545182347297668457e-01,-3.066842492283130994e+00,-6.703096048487570957e-02,1.778747015751294958e-01,2.139106535273020970e-01,-9.561823167828977788e+00,8.545182347297668457e-01,-3.066842492283130994e+00,-6.703096048487570957e-02,1.778747015751294958e-01,2.139106535273020970e-01,-9.492859785213754620e+00,-6.928217157118758962e-01,2.819910049438477007e+00,-6.683772145801486486e-02,-4.165776446461678245e-02,1.361103645057112066e-01
-9.879652840175193518e+00,8.631012386713670104e-01,-1.402039184727752907e+00,-1.129483602881919957e-01,2.393312659472158002e-02,3.955455033033743358e-03,-9.391168512323851303e+00,-2.100285900109131187e+00,-2.637455454009407951e+00,-7.398933680681345493e-01,-3.372858562990755926e-01,2.226192390619639916e+00,-9.455524939177330168e+00,2.849579449943767884e+00,5.997517749623301420e+00,-6.834697111455026453e-02,-3.158553216516262196e+00,1.993112879862602993e+00,-9.491365861721789088e+00,8.575153893467345467e-01,-3.136865096280224030e+00,-6.832317443143937075e-02,1.706796833530976054e-01,2.114932686090469083e-01,-9.491365861721789088e+00,8.575153893467345467e-01,-3.136865096280224030e+00,-6.832317443143937075e-02,1.706796833530976054e-01,2.114932686090469083e-01,-9.382992689266487218e+00,-6.195772656769369391e-01,2.820410100973024914e+00,-8.205431426603002065e-02,-4.170151863817490173e-02,1.211562964338494947e-01
-9.750586519959153264e+00,9.171194725245984669e-01,-1.431646170475149971e+00,-1.063601477171784992e-01,3.565948229870596203e-02,8.682051050146261800e-03,-9.553365198087522714e+00,-3.477184765655080056e+00,-3.123213803041792858e+00,-7.021674332225622539e-01,-3.234458851985180239e-01,2.271774322755875097e+00,-1.157648561382928065e+01,1.833735786748432961e+00,5.670209280906185256e+00,-8.453257930456936631e-02,-3.422246826470233927e+00,1.779479693569895105e+00,-9.487929097610996010e+00,8.877030499122152696e-01,-3.225530854660556113e+00,-7.765474166918026611e-02,1.621155336043386963e-01,2.104443965622057877e-01,-9.487929097610996010e+00,8.877030499122152696e-01,-3.225530854660556113e+00,-7.765474166918026611e-02,1.621155336043386963e-01,2.104443965622057877e-01,-9.274625767455367154e+00,-5.433325880134161068e-01,2.831117464222788982e+00,-1.031109955423133023e-01,-4.237588014333479314e-02,1.064209922369906969e-01
-9.644100139645264136e+00,9.625690594368938591e-01,-1.478659982322364952e+00,-1.034734698419716020e-01,4.804463790709614240e-02,1.174962613731623043e-02,-1.006918429913356938e+01,-5.213395538425286801e+00,-3.635970376844857022e+00,-6.999177708144257437e-01,-2.851551347988509066e-01,2.261156371807634180e+00,-1.448684883752400943e+01,7.319145024616190431e-01,4.837165984426314402e+00,-1.694971329402515103e-01,-3.714593182235068181e+00,1.476180507739131009e+00,-9.504026298698740050e+00,9.252171079683962907e-01,-3.280570839132581185e+00,-8.887900418949566672e-02,1.557268499641374093e-01,2.074827874929124905e-01,-9.504026298698740050e+00,9.252171079683962907e-01,-3.280570839132581185e+00,-8.887900418949566672e-02,1.557268499641374093e-01,2.074827874929124905e-01,-9.202881999682880121e+00,-3.993444275981132274e-01,2.803702908808514138e+00,-1.169530970492513033e-01,-3.391823936985684240e-02,9.689521179810446638e-02
-9.584628974614766150e+00,1.007763061391609982e+00,-1.524108273430974103e+00,-1.008604676547938950e-01,5.143009459331170791e-02,1.402249925709191970e-02,-1.118572270058388973e+01,-6.190362948487491579e+00,-3.000294361643101038e+00,-5.700912256226806640e-01,-2.762782383258076124e-01,2.210973974014025067e+00,-1.685247617736449044e+01,-3.459680891023256266e-01,3.469493029533512019e+00,-1.240697464354132973e-01,-4.085495899295159994e+00,1.144932203449696928e+00,-9.378960650815223232e+00,8.093635078186295351e-01,-3.311201499119681202e+00,-9.403665807123420817e-02,1.448034111953462044e-01,2.075025774476532137e-01,-9.378960650815223232e+00,8.093635078186295351e-01,-3.311201499119681202e+00,-9.403665807123420817e-02,1.448034111953462044e-01,2.075025774476532137e-01,-9.168756745466726699e+00,-3.139035519611571012e-01,2.706554484034750185e+00,-1.299000689887395976e-01,-2.772823173820240100e-02,8.946274320023871185e-02
-9.539443007141683140e+00,1.060223825850926893e+00,-1.553713546784299959e+00,-1.060184191468506038e-01,4.293194055341734150e-02,1.845367862376302848e-02,-1.214819761776944951e+01,-5.619675606630316622e+00,-1.747488224337016893e+00,-2.582774007411379191e-01,-3.217618540263155191e-01,2.161646245521633869e+00,-1.386227039325195065e+01,-6.128094504566846679e-01,3.508184577310261787e+00,1.113088805318123015e-01,-4.281384009858369311e+00,9.122677082076660060e-01,-9.265650037246913939e+00,7.409637558173352012e-01,-3.332389765254546887e+00,-8.680218872096803762e-02,1.319466054561622970e-01,2.050843834877013883e-01,-9.265650037246913939e+00,7.409637558173352012e-01,-3.332389765254546887e+00,-8.680218872096803762e-02,1.319466054561622970e-01,2.050843834877013883e-01,-9.191181186279077764e+00,-2.319406569004059115e-01,2.620616726910093064e+00,-1.459636992301553970e-01,-2.666021976631878856e-02,8.309815335686465687e-02
-9.481781858697161169e+00,1.095022220338117025e+00,-1.600718432323052998e+00,-1.153360360635361931e-01,2.856898832044775169e-02,2.029480785131454121e-02,-1.159531738791048028e+01,-4.718405039812195945e+00,-1.192078251443150938e+00,2.625249987167700954e-03,-3.722470422631585230e-01,2.127058848990456053e+00,-6.761801631170214044e+00,-1.244661375897406108e+00,4.086316064333893827e+00,3.011843341307466893e-01,-3.888918014123805111e+00,8.642945523971816701e-01,-9.216822257530791873e+00,8.453044919660663847e-01,-3.369243383407593218e+00,-8.307395379098234112e-02,1.234423666830086058e-01,2.042985488247600068e-01,-9.216822257530791873e+00,8.453044919660663847e-01,-3.369243383407593218e+00,-8.307395379098234112e-02,1.234423666830086058e-01,2.042985488247600068e-01,-9.171722765037236158e+00,-2.299592202301367905e-01,2.524951043094784797e+00,-1.630519658567443908e-01,-2.589561150271466050e-02,7.806147680094745189e-02
-9.439966743442870012e+00,1.123081088066101074e+00,-1.656562755474725090e+00,-1.237217931642449059e-01,1.970494741333589026e-02,1.984044889758755995e-02,-1.036052452274402036e+01,-4.535004212550220792e+00,-1.166562455191465952e+00,7.822429615244674839e-02,-3.830051533386739093e-01,2.088946415064933948e+00,-5.251633756904190875e+00,-5.327128326959995608e-01,4.630299909750864806e+00,4.515131445982122904e-01,-3.241996621450764948e+00,7.973605803935513991e-01,-9.167997176746069954e+00,8.844429307483248071e-01,-3.369243383407593218e+00,-8.009030503500777498e-02,1.084897437252588942e-01,2.026654585368103112e-01,-9.167997176746069954e+00,8.844429307483248071e-01,-3.369243383407593218e+00,-8.009030503500777498e-02,1.084897437252588942e-01,2.026654585368103112e-01,-9.266409606645526154e+00,-1.845969438312546063e-01,2.478598212915056997e+00,-1.800555658259588021e-01,-3.243447862957452715e-02,8.011108636856079102e-02
-9.370366774152257605e+00,1.112695744174355905e+00,-1.705392379487286947e+00,-1.315176893126732971e-01,1.102426407607897015e-02,1.831794225220238076e-02,-1.005533883807236073e+01,-4.845073216399716998e+00,-1.476065985251864943e+00,7.936207048072305148e-02,-3.660555703711400044e-01,2.044586994009510938e+00,-1.000975676729052921e+01,9.312531522320339761e-01,4.299512160201238942e+00,4.793407910423700957e-01,-2.918294361912301849e+00,7.489147373950391096e-01,-9.095237321978125067e+00,9.765922427177429199e-01,-3.354284850416629826e+00,-8.436262638467578734e-02,9.589258075286764826e-02,2.040372860322592075e-01,-9.095237321978125067e+00,9.765922427177429199e-01,-3.354284850416629826e+00,-8.436262638467578734e-02,9.589258075286764826e-02,2.040372860322592075e-01,-9.289340265548199582e+00,-2.222019204669369030e-01,2.491297657841010871e+00,-1.947917186136695900e-01,-4.174416789704685216e-02,8.015428793410493691e-02
-9.267520719250139649e+00,1.083090288331165940e+00,-1.738643254541669902e+00,-1.323151258775829009e-01,1.546784149001032916e-03,1.709036529064178120e-02,-1.054176593809321005e+01,-4.891780196537226288e+00,-1.462284144032236055e+00,1.021356532516567023e-01,-3.641477815286259800e-01,2.000457037950618133e+00,-1.234351133220116914e+01,1.516348804373675918e+00,4.217276451439389895e+00,4.466595185674118729e-01,-2.897820510307723918e+00,7.837235891730516268e-01,-8.999595440660936418e+00,1.000507017609955085e+00,-3.314185002585039008e+00,-9.020379951621437797e-02,8.898346720447432301e-02,2.002886544266420932e-01,-8.999595440660936418e+00,1.000507017609955085e+00,-3.314185002585039008e+00,-9.020379951621437797e-02,8.898346720447432301e-02,2.002886544266420932e-01,-9.275657123134982029e+00,-2.822469746874224916e-01,2.515217208093213141e+00,-2.043608019669209963e-01,-4.396634389676393889e-02,8.130844279883368830e-02
-9.152477392569922543e+00,1.056853648109685073e+00,-1.719706411690042014e+00,-1.269750661960137028e-01,-3.498789105642074928e-03,1.618203632776721995e-02,-1.068307647324193965e+01,-4.571072646183535149e+00,-1.295306751392953037e+00,1.447192624485987011e-01,-3.698966378966966895e-01,1.964213531687512004e+00,-9.610684894321975591e+00,1.405101639988511009e+00,4.557626409241277265e+00,3.829760543859930810e-01,-2.769025412431188826e+00,8.504000407696197250e-01,-9.045685768127441406e+00,1.092185285215599100e+00,-3.323654192046015865e+00,-1.003618703936472040e-01,7.828034619893366186e-02,1.978908941334713012e-01,-9.045685768127441406e+00,1.092185285215599100e+00,-3.323654192046015865e+00,-1.003618703936472040e-01,7.828034619893366186e-02,1.978908941334713012e-01,-9.229289177925355858e+00,-3.203459011931573119e-01,2.528901411641029107e+00,-2.130351888556633877e-01,-4.828200558380735252e-02,8.429753323716501767e-02
-9.056363352706364722e+00,1.018703315644964080e+00,-1.679432809268956994e+00,-1.193648693344283029e-01,6.009955028291093411e-03,1.540809700070750951e-02,-1.021587305448584004e+01,-4.009075058356421195e+00,-1.155029979372214077e+00,1.510006698747458076e-01,-3.722160908288782988e-01,1.931194164864951990e+00,-7.479583533948748197e+00,1.322604143282340106e+00,4.798911091491902425e+00,3.663747012615203857e-01,-2.466385214975391982e+00,9.045256733299293916e-01,-9.057636999803143851e+00,1.144508087079584957e+00,-3.304962177125234213e+00,-1.096905196630155038e-01,7.211118820945970620e-02,1.954710483551025113e-01,-9.057636999803143851e+00,1.144508087079584957e+00,-3.304962177125234213e+00,-1.096905196630155038e-01,7.211118820945970620e-02,1.954710483551025113e-01,-9.240511834171323713e+00,-3.950664309202350788e-01,2.576746374303822140e+00,-2.245694285628891118e-01,-5.379497438753121780e-02,8.233351359599443142e-02
-8.995330781248124907e+00,9.558402813524694563e-01,-1.703542206877020959e+00,-1.104999746091537977e-01,3.271168588073634226e-02,1.420642030499284086e-02,-9.731703353672838119e+00,-3.354307534019580039e+00,-1.245614531585881091e+00,8.386601538230943620e-02,-3.699879630049618950e-01,1.897332952227644087e+00,-8.243321821934646465e+00,1.527453522973309052e+00,4.840898736435946148e+00,3.587580812766215099e-01,-2.221787094779986926e+00,9.632724521255640049e-01,-9.085553407272364268e+00,1.144250695110053950e+00,-3.320671512240501944e+00,-1.219625722497232057e-01,6.788378325025754001e-02,1.952096515407975019e-01,-9.085553407272364268e+00,1.144250695110053950e+00,-3.320671512240501944e+00,-1.219625722497232057e-01,6.788378325025754001e-02,1.952096515407975019e-01,-9.228796958923341620e+00,-5.029568963183908004e-01,2.602139503908230900e+00,-2.308057918381641871e-01,-6.340712467394483964e-02,8.472714392888930357e-02
-8.949858024311993177e+00,9.070106662363500716e-01,-1.797538526840718021e+00,-1.059068834062912023e-01,5.986933212935222764e-02,7.664083743528012083e-03,-9.535038094353954108e+00,-2.921794161026966208e+00,-1.413194815648376013e+00,-4.899972375674473829e-02,-3.592015780049829798e-01,1.865382450590910901e+00,-8.983209625853476155e+00,1.751095973955566931e+00,4.873578746721928923e+00,3.302909077381058767e-01,-2.099932043649744173e+00,1.022828469642004912e+00,-9.048934180249450066e+00,1.159965869239582004e+00,-3.277819109860287128e+00,-1.355858570946160135e-01,6.033886651638695198e-02,1.933577254975354931e-01,-9.048934180249450066e+00,1.159965869239582004e+00,-3.277819109860287128e+00,-1.355858570946160135e-01,6.033886651638695198e-02,1.933577254975354931e-01,-9.227815858964454776e+00,-5.644838199580084481e-01,2.650968785904726843e+00,-2.327274604163452054e-01,-7.284866257956609803e-02,9.314347043088062883e-02
-8.904695401984508152e+00,8.737456924964444038e-01,-1.909231254649532028e+00,-1.024090336066162954e-01,8.128518982529717163e-02,-1.331596041300165106e-04,-9.548738414668694219e+00,-2.785092784298790924e+00,-1.390900136001647969e+00,-1.975805475159571889e-01,-3.235741392792765847e-01,1.834631960665453088e+00,-8.782431387864683359e+00,1.764638624478777951e+00,5.135388239615402028e+00,3.238865563419924265e-01,-2.002857273762126855e+00,1.063184054735313966e+00,-9.057100875207073187e+00,1.072321853701168060e+00,-3.256390901254536008e+00,-1.476194457137048888e-01,6.299761545142397445e-02,1.919591362633047138e-01,-9.057100875207073187e+00,1.072321853701168060e+00,-3.256390901254536008e+00,-1.476194457137048888e-01,6.299761545142397445e-02,1.919591362633047138e-01,-9.202919123801848400e+00,-6.362478202183837750e-01,2.700761808077453807e+00,-2.294384501812445909e-01,-7.840144635486839819e-02,9.835492825747726986e-02
-8.852202960963623468e+00,8.926544366443750489e-01,-1.965391874313354048e+00,-9.979150233520645008e-02,9.319381319433661659e-02,-1.046451251907590078e-02,-9.603623797712284471e+00,-2.896424419226351965e+00,-1.260563554637474937e+00,-3.142693530484969022e-01,-2.868880506806096853e-01,1.811952159354105030e+00,-8.523442699917756826e+00,1.764680749779167002e+00,5.433674092300110559e+00,3.218636098949652080e-01,-1.906493616207892039e+00,1.120275140586902918e+00,-9.179698625712045867e+00,9.155552387237548828e-01,-3.247169256210327148e+00,-1.559260635461736100e-01,6.700863589804964549e-02,1.989131373926973922e-01,-9.179698625712045867e+00,9.155552387237548828e-01,-3.247169256210327148e+00,-1.559260635461736100e-01,6.700863589804964549e-02,1.989131373926973922e-01,-9.163847531091994014e+00,-6.723852565891837996e-01,2.774992867711104871e+00,-2.241398725583796103e-01,-8.891301815543820042e-02,1.005342687906535942e-01
-8.812231897987302887e+00,9.744323807967760764e-01,-1.991319537483277058e+00,-1.026745634812838981e-01,1.047825528786393012e-01,-3.118441840713635088e-02,-9.525723206587956682e+00,-2.848270756735657994e+00,-1.058810938384310063e+00,-3.965975975439416934e-01,-2.666598466714710791e-01,1.789775706503371033e+00,-8.300781142693328007e+00,1.901764050148964991e+00,5.500146091014864069e+00,3.019125470200136885e-01,-1.826623917938317021e+00,1.185549208645447106e+00,-9.222558295697787401e+00,9.274923390529227207e-01,-3.238216412749438167e+00,-1.609818950499521117e-01,6.890735942591447172e-02,2.045148261188010907e-01,-9.222558295697787401e+00,9.274923390529227207e-01,-3.238216412749438167e+00,-1.609818950499521117e-01,6.890735942591447172e-02,2.045148261188010907e-01,-9.066200420420656769e+00,-6.958220005035399280e-01,2.872152666525539910e+00,-2.197824821860376032e-01,-9.519313494410198973e-02,1.037809780574247970e-01
-8.746012035464580947e+00,1.084295142389545941e+00,-2.052354458014861827e+00,-1.130057746167374977e-01,1.157850895819760029e-01,-5.636537117282385684e-02,-9.426268892537247979e+00,-2.403778692239134873e+00,-8.828818324096863179e-01,-4.915688255934366202e-01,-2.525226065247136997e-01,1.768726977518259913e+00,-7.638883090058897096e+00,2.153937251531527153e+00,5.650805973173575580e+00,2.501569834852376828e-01,-1.744361531012772026e+00,1.248688754436684034e+00,-9.243987226632700782e+00,9.584186722300813699e-01,-3.189665305602264134e+00,-1.705463700019360929e-01,6.859841835301196122e-02,2.114451428273519951e-01,-9.243987226632700782e+00,9.584186722300813699e-01,-3.189665305602264134e+00,-1.705463700019360929e-01,6.859841835301196122e-02,2.114451428273519951e-01,-8.971466697591313988e+00,-6.948470319567028319e-01,2.952241742868789043e+00,-2.138854875392008914e-01,-9.852552585018653497e-02,1.080108962568784026e-01
-8.729798251635408235e+00,1.178599674407750042e+00,-2.097833920831550181e+00,-1.278265696274090979e-01,1.284118502923886906e-01,-8.093048826064150325e-02,-9.336868262815890773e+00,-2.185125112533568892e+00,-7.367508469699776130e-01,-6.143116133675718959e-01,-2.384795904697452895e-01,1.752045061975274987e+00,-7.163080229186132186e+00,2.099598406128032835e+00,5.977591786054403222e+00,1.824069148303603949e-01,-1.629496506153659929e+00,1.317636694673782083e+00,-9.271108170805582915e+00,9.429527850778463005e-01,-3.128077867133935097e+00,-1.868290758008583075e-01,7.472194760416070447e-02,2.207730144136436923e-01,-9.271108170805582915e+00,9.429527850778463005e-01,-3.128077867133935097e+00,-1.868290758008583075e-01,7.472194760416070447e-02,2.207730144136436923e-01,-8.946082706763935022e+00,-6.689772465735047691e-01,2.904875912699282026e+00,-2.202085381534943931e-01,-1.050612011097497023e-01,1.112149450031462011e-01
-8.780468000975671927e+00,1.251845539508761984e+00,-2.106696533543435113e+00,-1.436589800005423911e-01,1.420345401223788995e-01,-1.027766557334786057e-01,-9.309582382570242842e+00,-2.236455869180392853e+00,-5.299581622898899003e-01,-7.223749440177675840e-01,-2.273586924889370031e-01,1.739290919882396036e+00,-7.291874289955111443e+00,1.778182547147060921e+00,6.118633819605956425e+00,1.447902926616108088e-01,-1.542638086912559992e+00,1.389072836261697086e+00,-9.344345180669687778e+00,9.670851203153760789e-01,-3.119413468145554980e+00,-2.036569045710673875e-01,8.196188327491558956e-02,2.335650401044002122e-01,-9.344345180669687778e+00,9.670851203153760789e-01,-3.119413468145554980e+00,-2.036569045710673875e-01,8.196188327491558956e-02,2.335650401044002122e-01,-8.898224811951878976e+00,-6.103701591491699219e-01,2.893640537016616943e+00,-2.245661474236999022e-01,-1.147595160972991052e-01,1.142918169498444020e-01
-8.827454044705344671e+00,1.314717955059474974e+00,-2.151506333124070025e+00,-1.686486669830858931e-01,1.463362574577332098e-01,-1.182126000760092971e-01,-9.297376095600004220e+00,-2.328736790193208783e+00,-3.928155122798652754e-01,-7.879387816139287182e-01,-2.282365618812307040e-01,1.735080253389607918e+00,-7.085707671265948804e+00,1.536774673713426909e+00,6.243412394298357704e+00,1.112048391392495977e-01,-1.494218565181189007e+00,1.440338570350355951e+00,-9.399700164794921875e+00,1.010233322408063961e+00,-3.052133659417477052e+00,-2.194177703616042863e-01,8.673133087531256780e-02,2.503693093701054861e-01,-9.399700164794921875e+00,1.010233322408063961e+00,-3.052133659417477052e+00,-2.194177703616042863e-01,8.673133087531256780e-02,2.503693093701054861e-01,-8.872360456557501607e+00,-6.094013187620375138e-01,2.906330740641033916e+00,-2.313133396563075983e-01,-1.262533762861811903e-01,1.144613640767240953e-01
-8.872939943855312706e+00,1.368727540155080913e+00,-2.247660612245229839e+00,-1.981017037388854984e-01,1.431618867344028045e-01,-1.299615867400648883e-01,-9.261841335050064572e+00,-2.306497729665320851e+00,-2.520759351447589003e-01,-8.239778056807514073e-01,-2.381631972087752958e-01,1.734923752660592067e+00,-6.716769722681507737e+00,1.456739726260644074e+00,6.339708903392991424e+00,6.467803013598008577e-02,-1.444370578767578017e+00,1.454816651322941023e+00,-9.390760297355319253e+00,9.831272578978014209e-01,-3.012248573490002190e+00,-2.354133776591731120e-01,9.764747085365434176e-02,2.706370947151017781e-01,-9.390760297355319253e+00,9.831272578978014209e-01,-3.012248573490002190e+00,-2.354133776591731120e-01,9.764747085365434176e-02,2.706370947151017781e-01,-8.813745498657226562e+00,-5.849866626449725659e-01,2.932198693195989136e+00,-2.457587617556387105e-01,-1.320602845366719014e-01,1.187339302690710030e-01
-8.866262457398836005e+00,1.419396590161067007e+00,-2.287966144799086887e+00,-2.237657584398755894e-01,1.406728228925132884e-01,-1.412569453975084099e-01,-9.155958809285619893e+00,-2.190195277209289859e+00,-2.989118670121848967e-02,-8.323746569236292192e-01,-2.585768040889939168e-01,1.731971591363929086e+00,-6.430644690433394928e+00,1.177410351163278079e+00,6.254285006864384044e+00,6.770041045943717660e-03,-1.406991760566832061e+00,1.436189060830197040e+00,-9.357118890973008973e+00,8.949871733813283825e-01,-3.003021240234375000e+00,-2.535965869456632271e-01,1.133832129453492960e-01,2.946570374001983850e-01,-9.357118890973008973e+00,8.949871733813283825e-01,-3.003021240234375000e+00,-2.535965869456632271e-01,1.133832129453492960e-01,2.946570374001983850e-01,-8.810365914291446998e+00,-5.610577482870807708e-01,2.988882549163338176e+00,-2.490353847067227899e-01,-1.487260155334952094e-01,1.228792441640042948e-01
